0 4148.473 495.198 85.33399999999983 94.66700000000003
0 4228.14 505.531 85.33399999999983 94.66699999999997
0 4306.473 515.198 85.33399999999983 94.66700000000003
0 4068.14 485.198 85.33400000000029 94.66700000000003
0 4059.473 572.531 85.33399999999983 94.66700000000003
0 4140.14 581.531 85.33399999999983 94.66700000000003
0 4218.473 590.864 85.33399999999983 94.66699999999992
0 4296.473 600.197 85.33399999999983 94.66700000000003
0 4383.473 526.197 85.33399999999983 94.66700000000003
0 4375.14 610.864 85.33399999999983 94.66699999999992
0 4536.807 549.865 78.33300000000054 89.0
0 4462.474 539.532 78.33299999999963 89.0
0 4452.807 624.199 78.33300000000054 89.0
0 4526.474 633.866 78.33299999999963 89.0
0 4599.141 644.533 78.33300000000054 89.0
0 4609.474 560.533 78.33299999999963 89.0
0 4681.807 571.866 78.33300000000054 89.0
0 4669.474 654.533 78.33299999999963 89.0
0 4739.807 665.2 78.33300000000054 89.0
0 4750.807 582.867 78.33300000000054 89.0
0 4888.14 605.198 74.66699999999946 87.33299999999997
0 4820.473 593.531 74.66700000000037 87.33300000000008
0 4809.14 675.531 74.66699999999946 87.33300000000008
0 4875.807 686.198 74.66700000000037 87.33299999999997
0 4953.14 616.531 74.66699999999946 87.33300000000008
0 4941.473 697.531 74.66700000000037 87.33300000000008
0 5017.806 628.198 74.66700000000037 87.33299999999997
0 5006.139 708.531 74.66699999999946 87.33300000000008
0 5146.473 652.531 67.66700000000037 85.0
0 5084.806 642.864 67.66700000000037 85.0
0 5073.139 721.197 67.66699999999946 85.0
0 5135.472 732.197 67.66700000000037 85.0
0 5206.472 665.53 67.66700000000037 85.0
0 5195.805 742.863 67.66699999999946 85.0
0 5265.805 676.196 67.66699999999946 85.0
0 5253.805 754.196 67.66699999999946 85.0
0 5322.805 687.863 67.66699999999946 85.0
0 5312.138 763.53 67.66700000000037 85.0
0 5381.807 700.531 64.33300000000054 81.66700000000003
0 5370.474 776.198 64.33299999999963 81.66700000000003
0 4932.473 777.865 71.66700000000037 83.66599999999994
0 4866.473 766.865 71.66700000000037 83.66599999999994
0 4996.473 787.198 71.66700000000037 83.66600000000005
0 5059.806 797.198 71.66700000000037 83.66600000000005
0 5122.139 808.865 71.66699999999946 83.66599999999994
0 4658.807 735.531 77.0 86.66700000000003
0 4730.14 744.864 77.0 86.66699999999992
0 4797.807 755.197 77.0 86.66700000000003
0 4588.807 725.197 77.0 86.66700000000003
0 4365.473 696.198 81.0 88.33299999999997
0 4440.806 705.198 81.0 88.33299999999997
0 4515.473 714.198 81.0 88.33299999999997
0 4290.14 686.865 81.0 88.33299999999997
0 4132.14 668.198 84.33299999999963 89.33299999999997
0 4210.807 676.865 84.33300000000054 89.33299999999997
0 4052.14 659.198 84.33300000000008 89.33299999999997
0 3971.473 651.531 84.33300000000008 89.33300000000008
0 3978.14 565.198 85.0 93.0
0 3985.807 478.531 85.0 92.99999999999994
0 3993.14 391.864 85.0 93.0
0 4075.807 402.197 85.0 93.0
0 4156.14 412.864 85.0 93.0
0 4236.14 422.531 85.0 92.99999999999994
0 4314.473 433.198 85.0 93.0
0 4546.473 467.198 77.66700000000037 92.33299999999997
0 4471.473 454.531 77.66700000000037 92.33300000000003
0 4395.14 444.531 77.66699999999946 92.33300000000003
0 4620.473 477.864 77.66700000000037 92.33300000000003
0 4690.473 491.115 77.83399999999983 90.16599999999994
0 4761.807 502.615 75.5 88.83299999999997
0 4830.307 513.281 75.66600000000017 91.33400000000006
0 4898.973 527.448 73.5 88.5
0 4964.223 537.448 74.0 89.5
0 5030.057 549.781 71.66600000000017 89.0
0 5093.223 562.781 70.16700000000037 87.33400000000006
0 5155.223 574.115 70.5 87.66599999999994
0 5216.39 587.448 68.0 86.5
0 5276.557 599.448 66.5 86.16700000000003
0 5334.057 612.448 66.66600000000017 85.0
0 5392.223 624.615 64.83399999999983 84.33299999999997
0 5184.557 818.031 68.0 83.5
0 5242.223 828.531 68.91700000000037 83.58400000000006
0 5300.098 839.323 68.25 83.25
0 5357.723 848.823 65.625 82.75
0 4005.598 921.781 92.25 94.5
0 4089.931 929.781 92.24999999999955 94.5
0 4163.44 1025.494 87.66700000000037 88.66700000000014
0 4244.44 1034.161 87.66700000000037 88.66699999999992
0 4323.44 1039.494 87.66700000000037 88.66700000000014
0 4152.773 1115.494 87.66699999999946 88.66700000000014
0 4234.106 1120.827 87.66700000000037 88.66699999999992
0 4311.773 1126.827 87.66699999999946 88.66699999999992
0 4401.773 1047.827 87.66699999999946 88.66699999999992
0 4390.773 1134.494 87.66699999999946 88.66700000000014
0 4071.106 1108.827 87.66699999999992 88.66699999999992
0 4082.106 1017.827 87.66699999999992 90.66699999999992
0 4555.44 1063.494 81.66700000000037 87.33400000000006
0 4480.773 1055.494 81.66699999999946 87.33400000000006
0 4468.439 1141.494 81.66699999999946 87.33400000000006
0 4543.439 1148.494 81.66699999999946 87.33400000000006
0 4629.106 1070.161 81.66700000000037 87.33399999999983
0 4617.106 1156.494 81.66700000000037 87.33400000000006
0 4701.106 1078.161 81.66700000000037 87.33399999999983
0 4688.439 1161.161 81.66699999999946 87.33399999999983
0 4772.772 1085.828 81.66700000000037 87.33400000000006
0 4758.439 1168.828 81.66699999999946 87.33400000000006
0 4830.773 1176.828 77.0 87.33300000000008
0 4842.773 1095.161 77.0 87.33299999999986
0 4911.106 1101.494 77.0 87.33300000000008
0 4976.106 1109.827 77.0 87.33300000000008
0 4897.439 1183.494 77.0 87.33300000000008
0 4964.106 1191.16 77.0 87.33299999999986
0 5170.523 1133.578 72.0 83.66599999999994
0 5043.856 1118.245 72.0 83.66600000000017
0 5107.523 1125.578 72.0 83.66599999999994
0 5030.523 1197.911 72.0 83.66599999999994
0 5094.523 1206.578 72.0 83.66599999999994
0 5155.856 1212.911 72.0 83.66599999999994
0 5231.856 1141.911 72.0 83.66599999999994
0 5216.189 1219.578 72.0 83.66599999999994
0 5290.189 1149.578 72.0 83.66599999999994
0 5275.189 1226.245 72.0 83.66600000000017
0 5348.19 1157.911 69.33300000000054 82.66699999999992
0 5335.19 1233.578 69.33300000000054 82.66699999999992
0 5390.523 1240.578 69.33299999999963 82.66699999999992
0 5406.19 1166.244 65.8100000000004 79.0
0 4335.357 954.578 86.0 90.33300000000008
0 4255.69 946.911 86.0 90.33299999999997
0 4413.357 962.578 86.0 90.33300000000008
0 4490.024 970.245 86.0 90.33299999999997
0 4565.357 978.578 86.0 90.33300000000008
0 4173.69 937.244 88.66700000000037 93.33399999999995
0 4785.023 1003.578 79.66699999999946 88.66599999999994
0 4714.356 995.911 79.66700000000037 88.66600000000005
0 4641.356 986.911 79.66700000000037 88.66600000000005
0 4853.689 1012.578 79.66699999999946 88.66599999999994
0 4921.689 1020.578 79.66699999999946 88.66599999999994
0 5120.357 1047.911 72.33299999999963 84.33299999999986
0 5057.357 1039.244 72.33299999999963 84.33300000000008
0 4992.024 1030.577 72.33299999999963 84.33300000000008
0 5304.357 1074.244 68.0 81.33400000000006
0 5245.357 1065.244 68.0 81.33400000000006
0 5185.024 1057.244 68.0 81.33400000000006
0 5363.024 1081.577 68.0 81.33400000000006
0 3997.357 1011.078 89.66600000000017 91.0
0 3986.69 1101.078 89.66600000000017 91.0
0 3977.69 1187.078 89.66600000000017 91.0
0 4059.023 1193.078 89.66600000000017 91.0
0 4141.356 1199.078 89.66600000000017 91.0
0 4302.023 1212.411 86.33399999999983 86.66699999999992
0 4222.356 1207.078 86.33399999999983 86.66699999999992
0 4378.689 1218.411 86.33399999999983 86.66699999999992
0 4455.022 1224.411 86.33399999999983 86.66699999999992
0 4676.023 1244.411 79.66699999999946 85.0
0 4604.69 1238.411 79.66700000000037 85.0
0 4531.69 1232.078 79.66700000000037 85.0
0 4746.357 1251.078 79.66700000000037 85.0
0 4815.69 1257.078 79.66700000000037 85.0
0 5014.69 1278.411 76.33300000000054 81.0
0 4950.023 1271.411 76.33299999999963 81.0
0 4883.69 1265.411 76.33300000000054 81.0
0 5076.69 1284.078 76.33300000000054 81.0
0 5139.023 1291.078 76.33299999999963 81.0
0 5319.357 1310.411 70.33299999999963 78.33299999999986
0 5261.357 1304.078 70.33299999999963 78.33300000000008
0 5202.357 1297.745 70.33299999999963 78.33300000000008
0 5375.69 1316.078 70.33300000000054 78.33300000000008
0 4330.857 1580.578 90.66600000000017 88.33300000000008
0 4330.857 1580.578 90.66600000000017 88.33300000000008
0 4409.857 1583.578 90.66600000000017 88.33300000000008
0 4393.524 1669.911 90.66599999999926 88.33299999999986
0 4314.191 1665.244 90.66600000000017 88.33300000000008
0 4235.524 1661.911 90.66599999999926 88.33299999999986
0 4250.857 1575.244 90.66600000000017 88.33300000000008
0 4169.19 1571.244 90.66600000000017 88.33300000000008
0 4485.523 1590.577 90.66600000000017 88.33300000000008
0 4561.523 1594.244 90.66600000000017 88.33300000000008
0 4469.523 1672.244 90.66600000000017 88.33300000000008
0 4544.856 1676.244 90.66600000000017 88.33300000000008
0 4781.857 1610.244 83.0 83.33400000000006
0 4711.19 1605.244 83.0 83.33400000000006
0 4639.19 1600.244 83.0 83.33400000000006
0 4622.523 1682.911 83.0 83.33399999999983
0 4694.856 1686.911 83.0 83.33399999999983
0 4764.189 1691.578 83.0 83.33400000000006
0 4985.857 1623.578 80.33299999999963 81.33300000000008
0 4919.857 1620.245 80.33299999999963 81.33300000000008
0 4851.857 1615.245 80.33299999999963 81.33300000000008
0 4834.19 1695.912 80.33300000000054 81.33299999999986
0 4902.523 1700.579 80.33299999999963 81.33300000000008
0 4967.523 1704.246 80.33299999999963 81.33299999999986
0 5032.523 1707.579 80.33299999999963 81.33300000000008
0 5050.523 1628.912 80.33299999999963 81.33299999999986
0 5113.523 1633.245 80.33299999999963 81.33300000000008
0 5096.19 1710.912 80.33300000000054 81.33299999999986
0 5158.19 1714.245 80.33300000000054 81.33300000000008
0 5175.857 1636.245 80.33299999999963 81.33300000000008
0 5298.523 1646.578 73.33399999999983 77.0
0 5240.19 1643.578 73.33400000000074 77.0
0 5221.19 1720.911 73.33400000000074 77.0
0 5280.857 1723.244 73.33399999999983 77.0
0 5338.524 1727.577 73.33399999999983 77.0
0 5356.524 1652.244 73.33399999999983 77.0
0 5394.524 1731.577 73.33399999999983 77.0
0 4424.357 1500.578 89.5 88.5
0 4345.857 1495.828 89.5 88.5
0 4501.357 1505.328 89.5 88.5
0 4576.69 1511.995 89.5 88.5
0 4652.023 1514.662 89.5 88.5
0 4725.69 1520.662 86.83300000000054 87.5
0 4936.523 1540.661 80.33399999999983 82.33299999999986
0 4868.523 1535.328 80.33399999999983 82.33300000000008
0 4798.523 1528.995 80.33399999999983 82.33300000000008
0 5002.856 1545.995 80.33399999999983 82.33300000000008
0 5067.189 1549.995 80.33399999999983 82.33300000000008
0 5131.856 1553.662 80.33399999999983 82.33299999999986
0 5316.523 1572.328 72.0 78.66599999999994
0 5257.523 1567.328 72.0 78.66599999999994
0 5197.19 1561.995 72.0 78.66600000000017
0 5374.107 1576.328 71.66600000000017 78.66599999999994
0 4884.607 1778.994 80.66600000000017 77.33400000000006
0 4950.274 1781.327 80.66599999999926 77.33400000000006
0 5015.274 1784.66 80.66599999999926 77.33399999999983
0 5078.941 1787.66 80.66600000000017 77.33399999999983
0 4817.274 1775.66 80.66599999999926 77.33399999999983
0 4748.941 1771.993 80.66600000000017 77.33400000000006
0 4678.941 1769.66 80.66600000000017 77.33399999999983
0 4454.773 1757.161 88.0 81.66699999999992
0 4530.106 1760.828 88.0 81.66699999999992
0 4602.773 1763.495 88.0 81.66700000000014
0 4379.44 1754.495 88.0 81.66700000000014
0 4139.107 1742.828 92.33299999999963 83.33300000000008
0 4220.107 1746.495 92.33299999999963 83.33300000000008
0 4299.107 1749.495 92.33299999999963 83.33300000000008
0 4057.44 1740.162 92.33300000000008 83.33299999999986
0 3973.773 1735.828 94.66699999999992 84.0
0 3986.44 1651.828 94.66699999999992 84.0
0 4069.44 1655.828 94.66699999999992 84.0
0 4152.773 1659.495 94.66699999999946 84.0
0 4085.44 1566.828 92.99999999999955 89.0
0 4001.107 1563.828 93.0 89.0
0 4014.774 1475.495 93.00000000000045 89.0
0 4099.107 1481.162 93.0 89.0
0 4265.107 1491.161 89.33299999999963 87.33299999999986
0 4183.44 1485.828 89.33300000000054 87.33300000000008
0 5262.107 1799.161 73.5 73.0
0 5202.857 1796.911 73.5 73.0
0 5143.607 1793.661 73.5 73.0
0 5320.107 1801.911 73.5 73.0
0 5376.857 1805.161 73.5 73.0
0 4315.472 2143.153 93.25 79.0
0 4394.139 2143.82 93.25 79.0
0 4469.472 2143.82 93.25 79.0
0 4453.139 2224.82 93.25 79.0
0 4528.806 2224.153 93.25 79.0
0 4545.806 2144.486 93.25 79.0
0 4376.473 2222.819 93.25 79.0
0 4299.473 2222.819 93.25 79.0
0 4221.806 2224.486 93.25 79.0
0 4234.806 2142.819 93.25 79.0
0 4153.806 2141.819 93.25 79.0
0 4071.806 2141.819 93.24999999999955 79.0
0 4768.222 2145.32 85.25 74.75
0 4697.472 2145.07 85.25 74.75
0 4624.222 2145.32 85.25 74.75
0 4606.722 2225.57 85.25 74.75
0 4678.472 2224.82 85.25 74.75
0 4749.472 2224.07 85.25 74.75
0 4818.972 2224.82 85.25 74.75
0 4838.472 2145.07 85.25 74.75
0 4905.472 2145.07 85.25 74.75
0 4972.972 2145.57 85.25 74.75
0 4887.222 2223.82 85.25 74.75
0 4953.222 2224.07 85.25 74.75
0 5166.889 2144.903 78.5 74.0
0 5104.139 2144.653 78.5 74.0
0 5040.639 2144.653 78.5 74.0
0 5020.889 2221.903 78.5 74.0
0 5083.889 2221.236 78.5 74.0
0 5145.889 2220.569 78.5 74.0
0 5288.639 2145.486 75.66600000000017 71.0
0 5228.972 2145.486 75.66600000000017 71.0
0 5208.305 2220.486 75.66599999999926 71.0
0 5267.972 2218.486 75.66600000000017 71.0
0 5325.305 2218.153 75.66599999999926 71.0
0 5346.972 2144.82 75.66600000000017 71.0
0 5383.639 2216.153 75.66600000000017 71.0
0 4934.639 2298.153 80.66600000000017 72.0
0 4868.972 2298.153 80.66600000000017 72.0
0 5125.305 2292.486 79.0 71.66699999999992
0 5063.638 2294.486 79.0 71.66699999999992
0 5000.971 2296.153 79.0 71.66700000000037
0 5186.304 2289.82 79.0 71.66699999999992
0 5245.971 2287.82 79.0 71.66699999999992
0 5301.971 2288.82 79.0 71.66699999999992
0 5361.305 2285.153 75.33399999999983 71.66700000000037
0 4992.639 2067.82 82.66600000000017 76.33299999999963
0 5056.972 2069.487 82.66600000000017 76.33300000000008
0 5122.305 2069.487 82.66599999999926 76.33300000000008
0 5185.638 2068.82 82.66600000000017 76.33299999999963
0 5308.305 2071.153 76.66699999999946 73.33300000000008
0 5248.305 2071.486 76.66699999999946 73.33300000000008
0 5366.305 2072.819 76.66699999999946 73.33300000000008
0 4785.972 2064.653 86.0 80.0
0 4855.639 2064.986 86.0 80.0
0 4922.639 2066.653 86.0 80.0
0 4714.639 2064.32 86.0 80.0
0 4641.972 2063.653 86.0 80.0
0 4411.972 2062.32 91.33300000000054 80.0
0 4332.972 2061.987 91.33300000000054 80.0
0 4490.305 2063.653 91.33299999999963 80.0
0 4564.972 2062.986 91.33300000000054 80.0
0 4168.972 2058.986 97.33300000000054 82.66699999999992
0 4250.305 2060.319 97.33299999999963 82.66699999999992
0 4086.972 2057.319 97.33300000000008 82.66699999999992
0 3985.305 2139.32 97.0 82.0
0 4001.638 2057.653 97.0 82.0
0 3968.305 2221.986 97.0 82.0
0 4053.305 2221.986 97.00000000000045 82.0
0 4135.638 2222.986 97.0 82.0
0 4658.472 2300.653 87.66700000000037 75.0
0 4729.139 2298.653 87.66699999999946 75.0
0 4798.139 2297.653 87.66699999999946 75.0
0 4585.472 2301.986 87.66700000000037 75.0
0 4512.472 2302.653 87.66700000000037 75.0
0 4358.472 2303.32 92.66700000000037 76.33299999999963
0 4434.472 2301.653 92.66700000000037 76.33300000000008
0 4280.472 2303.32 92.66700000000037 76.33299999999963
0 4200.805 2302.987 92.66699999999946 76.33300000000008
0 4036.805 2301.653 98.00000000000045 80.66700000000037
0 3953.138 2300.32 98.0 80.66699999999992
0 4118.805 2300.32 98.0 80.66699999999992
0 4504.426 2685.376 92.83299999999963 72.66599999999971
0 4577.926 2681.543 92.83299999999963 72.66599999999971
0 4651.926 2678.543 92.83299999999963 72.66599999999971
0 4352.342 2692.126 93.66700000000037 72.66599999999971
0 4429.009 2687.793 93.66700000000037 72.66599999999971
0 4274.676 2695.126 93.66699999999946 72.66599999999971
0 4255.676 2767.459 93.66699999999946 72.66600000000017
0 4331.676 2765.792 93.66699999999946 72.66600000000017
0 4408.676 2760.792 93.66699999999946 72.66600000000017
0 4483.676 2756.792 93.66699999999946 72.66600000000017
0 4630.009 2749.459 90.33299999999963 71.66700000000037
0 4557.342 2753.459 90.33300000000054 71.66700000000037
0 4701.342 2745.126 90.33300000000054 71.66699999999992
0 4792.676 2670.126 88.33299999999963 72.0
0 4723.676 2673.793 88.33299999999963 72.0
0 4769.676 2740.46 88.33299999999963 72.0
0 4836.676 2736.46 88.33299999999963 72.0
0 4859.676 2667.127 88.33299999999963 72.0
0 4926.009 2662.46 88.33299999999963 72.0
0 4904.342 2730.793 88.33300000000054 72.0
0 4969.342 2726.459 88.33300000000054 72.0
0 5032.342 2722.792 82.66700000000037 71.0
0 5057.342 2653.125 82.66700000000037 71.0
0 4993.675 2657.125 82.66699999999946 71.0
0 5120.675 2650.125 82.66699999999946 71.0
0 5095.342 2717.458 82.66700000000037 71.0
0 5300.342 2636.792 77.66700000000037 70.0
0 5241.675 2641.459 77.66699999999946 70.0
0 5183.008 2646.792 77.66700000000037 70.0
0 5158.675 2712.792 77.66699999999946 70.0
0 5218.008 2708.792 77.66700000000037 70.0
0 5275.008 2704.125 77.66700000000037 70.0
0 5387.676 2695.126 75.0 67.66599999999971
0 5332.343 2699.459 75.0 67.66600000000017
0 5356.677 2633.792 75.0 67.66600000000017
0 4745.842 2808.709 90.5 71.25
0 4676.592 2813.459 90.5 71.25
0 4812.592 2805.209 90.5 71.25
0 4878.342 2799.459 90.5 71.25
0 4607.842 2817.959 90.5 71.25
0 4536.342 2822.709 90.5 71.25
0 5071.342 2785.376 82.33400000000074 67.0
0 5010.009 2790.709 82.33399999999983 67.0
0 4946.676 2795.376 82.33399999999983 67.0
0 5131.676 2780.376 82.33399999999983 67.0
0 5306.342 2764.709 77.33400000000074 66.0
0 5251.009 2769.376 77.33399999999983 66.0
0 5193.342 2774.709 77.33400000000074 66.0
0 5363.009 2758.376 77.33399999999983 66.0
0 4311.676 2833.709 93.33299999999963 72.0
0 4387.009 2829.376 93.33299999999963 72.0
0 4461.676 2825.043 93.33299999999963 72.0
0 4076.009 2847.042 95.33299999999963 69.66699999999992
0 4156.342 2843.375 95.33300000000054 69.66699999999992
0 4233.675 2840.042 95.33299999999963 69.66699999999992
0 4176.008 2774.042 95.33300000000054 69.66699999999992
0 4095.675 2775.709 95.33299999999963 69.66700000000037
0 4013.342 2779.376 95.33300000000008 69.66699999999992
0 3996.675 2850.043 95.33299999999963 69.66699999999992
0 3914.342 2853.376 95.33300000000008 69.66699999999992
0 3930.009 2782.042 95.66699999999992 70.66699999999992
0 3948.009 2707.375 95.66699999999992 70.66699999999992
0 4114.009 2700.376 94.66700000000037 72.66599999999971
0 4195.342 2697.709 94.66700000000037 72.66600000000017
0 4031.342 2703.042 94.66699999999992 72.66600000000017
0 5017.009 2588.042 83.66700000000037 71.0
0 5080.676 2586.042 83.66699999999946 71.0
0 5142.676 2581.042 83.66699999999946 71.0
0 5203.676 2577.709 83.66699999999946 71.0
0 4951.676 2593.042 83.66699999999946 71.0
0 4885.009 2596.375 83.66700000000037 71.0
0 4673.342 2606.042 90.33400000000074 73.33400000000029
0 4745.675 2603.042 90.33399999999983 73.33400000000029
0 4815.675 2598.709 90.33399999999983 73.33400000000029
0 4602.342 2609.376 90.33400000000074 73.33399999999983
0 4527.342 2611.709 90.33400000000074 73.33400000000029
0 4293.676 2621.042 94.66599999999926 75.0
0 4372.009 2618.375 94.66600000000017 75.0
0 4449.676 2614.708 94.66599999999926 75.0
0 4214.343 2623.708 94.66600000000017 75.0
0 4048.009 2627.376 98.33299999999963 75.66599999999971
0 3963.676 2628.709 98.33300000000008 75.66600000000017
0 4131.343 2625.376 98.33300000000054 75.66599999999971
0 5323.926 2570.792 78.75 68.0
0 5265.926 2575.292 78.75 68.0
0 4376.786 3184.07 94.66700000000037 69.66699999999992
0 4301.119 3190.07 94.66700000000037 69.66699999999992
0 4451.786 3177.07 94.66700000000037 69.66699999999992
0 4522.453 3172.737 94.66699999999946 69.66699999999992
0 4501.12 3235.07 94.66700000000037 69.66699999999992
0 4427.12 3242.403 94.66700000000037 69.66700000000037
0 4352.787 3249.07 94.66699999999946 69.66699999999992
0 4279.454 3254.737 94.66700000000037 69.66699999999992
0 4322.454 3126.07 94.66700000000037 69.66699999999992
0 4398.121 3120.07 94.66699999999946 69.66699999999992
0 4473.121 3112.32 94.66699999999946 69.66699999999992
0 4547.121 3105.82 94.66699999999946 69.66699999999992
0 4619.371 3098.82 94.66699999999946 69.66699999999992
0 4594.704 3164.153 94.66700000000037 69.66700000000037
0 4570.704 3227.153 94.66700000000037 69.66700000000037
0 4688.037 3093.153 94.66699999999946 69.66700000000037
0 4665.953 3155.403 93.33299999999963 72.0
0 4641.286 3218.07 93.33299999999963 72.0
0 4733.953 3148.737 93.33299999999963 72.0
0 4713.286 3213.737 86.66700000000037 67.33300000000008
0 4779.953 3206.737 86.66699999999946 67.33300000000008
0 4845.286 3198.07 86.66700000000037 67.33299999999963
0 4909.619 3190.403 86.66700000000037 67.33300000000008
0 4804.619 3142.07 86.66700000000037 67.33299999999963
0 4870.952 3134.737 86.66699999999946 67.33300000000008
0 4760.619 3086.404 86.66700000000037 67.33300000000008
0 4974.119 3183.07 83.33400000000074 66.33299999999963
0 4936.119 3128.737 83.33400000000074 66.33300000000008
0 4999.452 3121.07 83.33399999999983 66.33299999999963
0 5061.119 3112.737 83.33400000000074 66.33300000000008
0 5120.452 3106.07 83.33399999999983 66.33299999999963
0 5035.452 3175.07 83.33399999999983 66.33299999999963
0 5096.785 3167.07 83.33399999999983 66.33299999999963
0 5213.786 3152.07 78.66700000000037 63.666999999999916
0 5156.453 3160.07 78.66699999999946 63.666999999999916
0 5181.786 3098.403 78.66700000000037 63.66700000000037
0 5239.786 3090.403 78.66700000000037 63.66700000000037
0 5295.786 3083.07 78.66700000000037 63.666999999999916
0 5270.453 3144.403 78.66699999999946 63.66700000000037
0 5325.12 3136.07 78.66700000000037 63.666999999999916
0 5379.12 3128.07 78.66700000000037 63.666999999999916
0 5352.786 3073.737 75.0 65.0
0 5147.453 3042.403 80.33299999999963 67.33400000000029
0 5206.12 3034.736 80.33300000000054 67.33400000000029
0 5264.453 3026.736 80.33299999999963 67.33400000000029
0 5320.786 3019.069 80.33299999999963 67.33399999999983
0 5375.786 3011.402 80.33299999999963 67.33399999999983
0 5087.786 3049.402 80.33299999999963 67.33399999999983
0 5025.786 3057.735 80.33299999999963 67.33399999999983
0 4963.119 3065.735 80.33300000000054 67.33399999999983
0 4828.786 3078.237 88.0 68.33300000000008
0 4895.453 3071.57 88.0 68.33299999999963
0 4066.286 3210.903 94.0 66.5
0 4145.786 3205.403 94.0 66.5
0 4224.286 3199.403 94.0 66.5
0 4203.286 3264.403 94.0 66.5
0 4125.786 3269.403 94.0 66.5
0 4046.786 3275.903 94.0 66.5
0 3985.786 3215.903 94.0 66.5
0 3966.286 3281.403 94.0 66.5
0 3883.286 3284.903 98.5 68.5
0 3901.786 3219.903 98.5 68.5
0 4084.286 3143.903 96.5 70.0
0 4165.286 3136.903 96.5 70.0
0 4243.286 3131.403 96.5 70.0
0 4003.286 3148.403 96.5 70.0
0 3919.786 3153.903 96.5 70.0
0 4182.786 3324.903 93.5 66.0
0 4106.786 3330.403 93.5 66.0
0 4028.286 3337.403 93.5 66.0
0 4258.786 3319.403 93.5 66.0
0 4333.786 3310.903 93.5 66.0
0 4405.786 3304.903 93.5 66.0
0 4478.286 3297.903 93.5 66.0
0 4548.286 3290.903 93.5 66.0
0 4820.619 3259.737 85.0 65.0
0 4756.619 3267.237 85.0 65.0
0 4689.619 3275.237 85.0 65.0
0 4621.119 3283.737 85.0 65.0
0 4885.119 3251.737 85.0 65.0
0 4946.619 3243.737 85.0 65.0
0 5008.619 3235.737 85.0 65.0
0 5069.119 3226.737 85.0 65.0
0 5245.619 3204.07 77.0 63.666999999999916
0 5189.286 3211.737 77.0 63.666999999999916
0 5131.953 3219.737 77.0 63.666999999999916
0 5301.62 3195.07 77.0 63.666999999999916
0 5354.62 3186.737 77.0 63.666999999999916
0 3866.619 3348.07 97.0 65.0
0 3945.952 3343.403 97.0 65.0
0 4683.619 3565.57 91.5 61.5
0 4614.619 3574.07 91.5 61.5
0 4546.119 3583.07 91.5 61.5
0 4750.619 3555.57 91.5 61.5
0 4814.619 3546.237 91.5 61.5
0 4877.952 3536.904 91.5 61.5
0 5038.286 3561.07 84.0 60.33299999999963
0 4978.286 3571.07 84.0 60.33299999999963
0 4917.619 3580.403 84.0 60.333000000000084
0 4945.286 3527.736 84.0 60.333000000000084
0 5005.619 3518.403 84.0 60.333000000000084
0 5154.619 3541.07 81.0 59.33299999999963
0 5097.619 3551.07 81.0 59.33299999999963
0 5066.952 3508.737 81.0 59.333000000000084
0 5125.619 3497.737 81.0 59.333000000000084
0 5182.286 3487.737 81.0 59.333000000000084
0 5321.286 3507.07 79.0 59.666999999999916
0 5267.286 3518.403 79.0 59.66700000000037
0 5212.619 3528.736 79.0 59.666999999999916
0 5241.619 3476.403 79.0 59.66700000000037
0 5295.952 3465.736 79.0 59.666999999999916
0 5348.619 3455.069 79.0 59.666999999999916
0 5374.286 3496.402 79.0 59.666999999999916
0 5374.286 3496.402 79.0 59.666999999999916
0 5293.119 3560.653 77.0 59.5
0 5345.119 3549.153 77.0 59.5
0 5238.619 3572.153 77.0 59.5
0 5184.286 3582.82 77.0 59.5
0 5369.786 3588.82 76.66700000000037 58.33299999999963
0 5397.453 3539.82 74.54699999999957 58.0
0 4567.87 100.623 74.0 85.99999999999999
0 4573.87 24.123 74.0 86.0
0 4643.37 37.623 74.0 86.0
0 4638.37 113.623 74.0 85.99999999999999
0 4706.87 128.123 74.0 86.0
0 4712.37 51.623 74.0 86.0
0 4502.87 9.623 74.0 86.0
0 4497.87 88.123 74.0 85.99999999999999
0 4491.87 167.623 74.0 86.0
0 4562.87 179.623 74.0 86.0
0 4633.37 194.623 74.0 86.0
0 4702.37 206.123 74.0 86.0
0 4779.87 66.123 74.0 85.99999999999999
0 4775.37 141.123 74.0 86.0
0 4769.87 220.456 74.0 86.00000000000003
0 4835.87 231.789 74.0 86.0
0 4840.537 154.456 74.0 86.0
0 4847.204 80.456 74.0 85.99999999999999
0 4973.87 183.956 66.66700000000037 84.00000000000003
0 4909.203 169.956 66.66699999999946 84.0
0 4915.203 96.623 66.66699999999946 83.99999999999999
0 4977.87 110.623 66.66700000000037 83.99999999999999
0 5041.203 125.29 66.66699999999946 83.99999999999999
0 5035.87 199.957 66.66700000000037 84.0
0 4903.204 247.957 66.66700000000037 84.0
0 4967.871 261.957 66.66699999999946 84.0
0 5219.203 239.956 60.0 84.667
0 5100.536 211.956 60.0 84.667
0 5161.203 227.289 60.0 84.66700000000003
0 5105.87 139.956 60.0 84.667
0 5165.203 152.623 60.0 84.667
0 5223.87 167.956 60.0 84.667
0 5281.87 183.289 60.0 84.66700000000003
0 5276.537 254.622 60.0 84.66699999999997
0 5332.537 269.289 60.0 84.66700000000003
0 5339.204 197.289 60.0 84.66700000000003
0 5393.204 211.289 60.0 84.66700000000003
0 5389.204 283.289 60.0 84.66700000000003
0 5212.537 316.29 61.0 83.0
0 5153.537 302.79 61.0 83.0
0 5094.037 289.29 61.0 83.0
0 5032.037 276.29 61.0 83.0
0 5271.037 329.79 61.0 83.0
0 5327.037 342.79 61.0 83.0
0 5382.537 357.29 58.5 82.0
0 4627.537 271.29 72.5 87.0
0 4558.037 258.29 72.5 87.0
0 4486.537 246.29 72.5 87.00000000000003
0 4697.037 283.79 72.5 87.0
0 4764.037 295.79 72.5 87.0
0 4830.037 308.29 72.5 87.0
0 4413.037 232.79 72.5 87.00000000000003
0 5086.037 361.79 62.5 83.0
0 5025.537 348.29 62.5 83.0
0 4895.037 322.29 69.0 87.5
0 4958.037 333.79 69.0 87.5
0 5264.037 401.29 61.0 83.0
0 5206.537 387.79 61.0 83.0
0 5148.537 374.79 61.0 83.0
0 5376.537 427.79 58.5 82.0
0 5322.037 414.79 58.5 82.0
0 4350.037 59.79 76.5 90.0
0 4423.537 72.79 76.5 89.99999999999999
0 4275.037 47.29 76.5 90.0
0 4418.537 153.29 76.5 90.0
0 4344.537 140.29 76.5 90.0
0 4271.037 128.29 76.5 90.0
0 4193.537 115.29 76.5 89.99999999999999
0 4264.037 207.79 76.5 90.00000000000003
0 4339.037 220.79 76.5 90.00000000000003
0 4188.037 195.79 76.5 90.00000000000003
0 4198.537 34.29 76.5 90.0
0 4116.037 105 76.5 90
0 4111.037 185.5 76.5 90.0
0 4121.037 22.5 76.5 90.0
0 4035.37 93.623 80.0 90.49999999999999
0 3956.37 81.123 80.0 90.49999999999999
0 3951.87 163.623 80.0 90.5
0 4030.37 173.623 80.0 90.5
0 4040.37 10.623 80.0 90.5
0 3960.537 0 81.5 88.456
0 5381.028 2566.101 77.25 69.0
0 5127.587 3592.606 83.33399999999983 55.39399999999978
0 4852.254 3591.273 89.33300000000054 56.72699999999986
0 4474.587 3590.939 94.0 57.06100000000015
0 3975.699 0 69.25 9.303
0 4044.949 0 77.99999999999955 21.553
0 4122.449 0 80.0 33.303
0 4200.949 0 79.25 46.303
0 4278.449 0 78.0 59.053
0 4354.699 0 76.25 71.303
0 4428.949 0 77.25 83.803
0 5449.517 225.14 22.483000000000175 77.0
0 5442.517 296.14 29.483000000000175 79.0
0 5435.517 368.64 36.483000000000175 80.5
0 5430.433 439.807 41.56700000000001 80.66700000000003
0 5447.433 637.14 24.567000000000007 79.33400000000006
0 5435.933 711.765 36.06700000000001 79.75
0 5425.183 786.099 46.81700000000001 82.33299999999997
0 5413.6 860.599 58.399999999999636 80.75
0 5466.85 906.849 5.149999999999636 37.0
0 5419.267 1088.265 52.733000000000175 82.66699999999992
0 5458.933 1172.265 13.067000000000007 76.0
0 5446.1 1248.265 25.899999999999636 78.0
0 5431.35 1323.265 40.649999999999636 77.75
0 5431.129 1579.484 40.871000000000095 78.5
0 5412.129 1655.4 59.871000000000095 77.5
0 5467.629 1712.65 4.371000000000095 23.25
0 5450.504 1732.859 21.496000000000095 76.66600000000017
0 5432.254 1808.109 39.746000000000095 73.33300000000008
0 5424.587 2072.609 47.412999999999556 72.5
0 5402.587 2143.609 69.41299999999956 75.0
0 5459.087 2167.609 12.912999999999556 47.0
0 5438.587 2216.609 33.412999999999556 69.0
0 5415.587 2285.609 56.412999999999556 70.5
0 5435.587 2563.609 36.412999999999556 68.0
0 5410.254 2627.609 61.746000000000095 69.33300000000008
0 5464.921 2669.609 7.0789999999997235 24.666000000000167
0 5440.921 2691.609 31.078999999999724 65.33300000000008
0 5415.587 2752.942 56.412999999999556 68.0
0 5432.254 3005.609 39.746000000000095 65.33300000000008
0 5403.587 3064.942 68.41299999999956 68.0
0 5457.587 3089.609 14.412999999999556 36.0
0 5432.254 3122.275 39.746000000000095 62.666999999999916
0 5405.587 3177.609 66.41299999999956 66.0
0 5459.587 3200.275 12.412999999999556 32.0
0 5400.587 3442.939 71.41299999999956 62.33400000000029
0 5453.921 3459.606 18.078999999999724 35.666999999999916
0 5424.587 3490.939 47.412999999999556 57.66700000000037
0 5448.921 3538.606 23.078999999999724 48.33299999999963
0 5419.921 3580.606 52.07899999999972 56.0
0 5322.254 3599.273 73.66700000000037 48.72699999999986
0 5276.587 3610.273 68.33399999999983 37.72699999999986
0 5226.254 3621.606 65.33300000000054 26.393999999999778
0 5178.587 3633.606 59.0 14.393999999999778
0 5138.254 3643.939 43.33300000000054 4.061000000000149
0 5074.921 3602.606 78.33299999999963 45.39399999999978
0 5024.254 3612.939 73.33300000000054 35.06100000000015
0 4969.254 3623.273 67.0 24.72699999999986
0 4911.254 3634.273 65.33300000000054 13.726999999999862
0 4858.921 3643.273 54.66600000000017 4.726999999999862
0 4796.587 3600.606 82.0 47.39399999999978
0 4733.254 3609.939 82.33300000000054 38.06100000000015
0 4671.921 3620.273 75.66600000000017 27.72699999999986
0 4608.587 3628.606 73.33399999999983 19.393999999999778
0 4541.587 3636.606 71.0 11.393999999999778
0 4404.587 3599.606 92.0 48.39399999999978
0 4335.254 3608.939 86.0 39.06100000000015
0 4265.254 3615.939 85.33300000000054 32.06100000000015
0 4190.254 3623.606 81.66700000000037 24.393999999999778
0 4116.587 3630.273 78.33399999999983 17.72699999999986
0 4038.921 3636.606 78.00000000000045 11.393999999999778
0 3960.254 3642.939 78.0 5.061000000000149
