0 1491.183 711.737 80.66699999999992 105.66700000000003
0 1514.516 785.404 80.66699999999992 105.66700000000003
0 1573.85 750.737 80.66700000000014 105.66700000000003
0 1551.516 677.404 80.66699999999992 105.66700000000003
0 1470.016 640.404 80.66699999999992 105.66700000000003
0 1529.516 606.904 80.66699999999992 105.66700000000003
0 1613.516 642.404 80.66699999999992 105.66700000000003
0 1589.516 569.404 80.66699999999992 105.66700000000003
0 1674.516 607.404 80.66699999999992 105.66700000000003
0 1651.516 534.904 80.66699999999992 105.66700000000003
0 1635.516 715.404 80.66699999999992 105.66700000000003
0 1698.516 680.404 80.66699999999992 105.66700000000003
0 1538.516 858.404 80.66699999999992 105.66700000000003
0 1597.016 824.904 80.66699999999992 105.66700000000003
0 1659.016 790.404 80.66699999999992 105.66700000000003
0 1722.516 754.904 80.66699999999992 105.66700000000003
0 1449.016 569.404 80.66699999999992 105.66700000000003
0 1507.516 533.404 80.66699999999992 105.66700000000003
0 1570.016 496.404 80.66699999999992 105.66700000000003
0 1630.016 461.904 80.66699999999992 105.66700000000003
0 1485.183 462.404 79.5 107.5
0 1427.183 499.404 79.5 107.5
0 1545.183 425.904 79.5 107.5
0 1606.683 389.904 79.5 107.5
0 1523.683 357.404 79.5 107.5
0 1466.183 393.404 79.5 107.5
0 1408.183 428.904 79.5 107.5
0 1585.183 319.904 79.5 107.5
0 1426.683 259.404 77.0 106.0
0 1483.683 222.404 77.0 106.0
0 1446.183 326.904 77.0 106.0
0 1544.183 182.904 77.0 106.0
0 1565.183 249.404 77.0 106.0
0 1503.183 288.904 77.0 106.0
0 1389.183 363.404 77.0 106.0
0 1369.183 297.404 77.0 106.0
0 1523.183 117.404 77.0 106.0
0 1465.183 153.904 77.0 106.0
0 1406.183 193.404 77.0 106.0
0 1349.683 230.404 77.0 106.0
0 1329.183 165.404 77.0 106.0
0 1387.183 127.904 77.0 106.0
0 1445.683 88.904 77.0 106.0
0 1504.683 49.404 77.0 106.0
0 1426.183 25.404 77.0 106.0
0 1369.683 64.904 77.0 106.0
0 1296.683 41.404 72.0 98.5
0 1314.683 105.404 72.0 98.5
0 1353.683 5.404 72.0 98.5
0 1975.183 364.071 89.33399999999983 106.666
0 1910.516 400.071 89.33399999999983 106.666
0 1952.183 293.404 89.33400000000006 106.666
0 1887.85 330.071 89.33400000000006 106.666
0 1863.183 260.071 89.33400000000006 106.666
0 2000.183 435.071 89.33399999999983 106.66599999999994
0 1934.516 469.071 89.33399999999983 106.66599999999994
0 1959.849 542.404 89.33400000000006 106.66600000000005
0 2025.183 506.404 90.0 105.0
0 2051.183 578.737 90.0 105.0
0 1984.183 613.737 90.0 105.0
0 2009.183 686.737 90.0 105.0
0 2076.516 652.737 90.0 105.0
0 2103.183 726.404 90.0 105.0
0 2034.517 757.737 92.33299999999986 111.0
0 2059.85 832.07 92.33300000000008 111.0
0 2128.517 798.737 92.33300000000008 111.0
0 2143.85 613.404 96.33300000000008 110.0
0 2213.517 579.071 96.33300000000008 110.0
0 2169.85 690.071 96.33300000000008 110.0
0 2240.517 656.737 96.33300000000008 110.0
0 2116.85 539.737 96.33300000000008 110.0
0 2187.183 504.737 96.33300000000008 109.99999999999994
0 2266.517 731.071 96.33300000000008 110.0
0 2196.516 765.737 96.33300000000008 110.0
0 2068.183 395.737 92.0 108.66699999999997
0 2093.516 469.737 92.0 108.66699999999997
0 2162.85 433.737 92.0 108.66699999999997
0 2137.85 361.07 92.0 108.66700000000003
0 2042.183 325.07 92.0 108.66700000000003
0 2111.517 288.07 92.0 108.66700000000003
0 2017.85 254.403 92.0 108.667
0 2086.516 219.069 92.0 108.667
0 1993.849 185.069 92.00000000000023 108.667
0 2061.849 149.069 92.0 108.667
0 1949.517 50.071 87.33299999999986 105.333
0 2014.85 13.738 87.33300000000008 105.333
0 1972.517 120.404 88.33299999999986 102.667
0 2038.517 83.737 88.33299999999986 102.667
0 1798.85 61.071 84.0 102.666
0 1861.85 24.071 84.0 102.666
0 1821.85 128.738 84.0 102.666
0 1884.183 91.071 84.0 102.666
0 1843.85 195.404 84.0 102.666
0 1908.183 156.571 84.0 102.66600000000003
0 1931.683 225.071 84.0 102.66600000000003
0 1778.517 0 82.66599999999994 98.904
0 2434.214 375.496 95.0 105.0
0 2505.714 341.496 95.0 105.0
0 2461.714 448.496 95.0 105.0
0 2532.714 414.996 95.0 105.0
0 2408.214 304.996 95.0 105.0
0 2477.714 270.496 95.0 105.0
0 2488.714 520.996 95.0 105.0
0 2559.714 489.496 95.0 105.0
0 2587.714 561.996 95.0 105.0
0 2515.714 596.496 95.0 105.0
0 2543.214 670.496 95.0 105.0
0 2615.214 637.996 95.0 105.0
0 2571.214 745.496 95.0 105.0
0 2642.214 713.496 95.0 105.0
0 2670.714 788.996 95.0 105.0
0 2598.714 819.996 95.0 105.0
0 2747.214 755.496 95.0 105.0
0 2821.714 725.496 95.0 105.0
0 2718.214 681.496 95.0 105.0
0 2790.714 646.996 95.0 105.0
0 2690.214 601.996 95.0 105.0
0 2763.714 569.496 95.0 105.0
0 2661.214 525.996 95.0 105.0
0 2735.214 493.996 95.0 105.0
0 2632.714 451.996 95.0 105.0
0 2705.714 419.496 95.0 105.0
0 2605.714 378.496 95.0 105.0
0 2678.214 346.496 95.0 105.0
0 2578.714 305.996 95.0 105.0
0 2650.214 274.496 95.0 105.0
0 2549.714 235.996 95.0 104.99999999999997
0 2621.714 201.996 95.0 104.99999999999997
0 2522.714 165.996 95.0 104.99999999999997
0 2595.714 130.996 95.0 105.0
0 2330.714 97.996 93.5 102.50000000000001
0 2398.214 65.496 93.5 102.50000000000001
0 2356.714 167.996 93.5 102.49999999999997
0 2425.214 133.996 93.5 102.5
0 2453.214 202.996 93.5 102.49999999999997
0 2381.714 237.996 93.5 102.49999999999997
0 2470.714 28.496 93.5 102.50000000000001
0 2497.214 98.996 93.5 102.50000000000001
0 2567.214 64.496 93.5 102.50000000000001
0 2305.714 32.496 93.5 102.5
0 2372.214 0 93.5 102.5
0 2903.714 236.496 99.5 103.99999999999997
0 2974.714 204.496 99.5 103.99999999999997
0 2931.714 307.496 99.5 104.0
0 3004.214 275.996 99.5 104.0
0 2875.714 166.996 99.5 103.99999999999997
0 2946.214 133.496 99.5 104.0
0 2961.714 379.496 99.5 104.0
0 3033.714 346.996 99.5 104.0
0 2847.214 97.496 99.5 104.00000000000001
0 3060.714 420.996 99.5 104.0
0 2989.714 451.496 99.5 104.0
0 3017.714 525.996 99.5 104.0
0 3091.214 494.496 99.5 104.0
0 3120.214 568.996 99.5 104.0
0 3046.214 601.496 99.5 104.0
0 3075.714 673.996 99.5 104.0
0 3149.214 644.996 99.5 104.0
0 3105.214 750.996 99.5 104.0
0 3178.214 720.496 99.5 104.0
0 3133.214 827.996 99.5 104.0
0 3208.714 795.996 99.5 104.0
0 2919.714 66.996 99.0 99.50000000000001
0 2820.214 32.496 99.0 99.5
0 2890.214 0 99.0 99.5
0 3019.214 102.496 99.0 99.50000000000001
0 3092.214 70.996 99.0 99.50000000000001
0 3050.214 170.996 99.0 99.49999999999997
0 2991.714 35.496 99.0 99.5
0 3062.714 1.996 99.0 99.5
0 3120.714 139.496 99.0 99.5
0 3077.714 243.996 99.0 99.49999999999997
0 3152.214 211.496 99.0 99.49999999999997
0 3110.214 317.496 99.0 99.5
0 3182.714 286.496 99.0 99.5
0 3138.714 390.996 99.0 99.5
0 3212.214 358.996 99.0 99.5
0 3166.714 462.996 99.0 99.5
0 3242.214 431.996 99.0 99.5
0 3197.214 538.996 99.0 99.5
0 3272.214 509.496 99.0 99.5
0 3228.714 613.496 99.0 99.5
0 3303.714 583.496 99.0 99.5
0 3255.214 689.996 99.0 99.5
0 3331.714 659.496 99.0 99.5
0 3287.214 768.496 99.0 99.5
0 3363.214 737.996 99.0 99.5
0 3400.714 180.663 100.0 96.0
0 3473.714 152.663 100.0 96.0
0 3431.214 250.663 100.0 96.0
0 3502.714 222.163 100.0 96.0
0 3463.214 322.163 100.0 96.0
0 3532.714 294.163 100.0 96.0
0 3491.214 395.163 100.0 96.0
0 3566.214 365.663 100.0 96.0
0 3523.214 467.663 100.0 96.0
0 3595.714 439.663 100.0 96.0
0 3624.214 512.163 100.0 96.0
0 3581.214 610.163 101.0 103.5
0 3550.714 535.163 101.0 103.5
0 3655.714 580.663 101.0 103.5
0 3611.714 684.663 101.0 103.5
0 3684.714 656.663 101.0 103.5
0 3641.214 759.663 101.0 103.5
0 3713.714 732.163 101.0 103.5
0 3744.214 809.163 101.0 103.5
0 3669.714 835.663 101.0 103.5
0 3820.214 779.163 101.0 103.5
0 3895.714 750.663 101.0 103.5
0 3791.214 703.163 101.0 103.5
0 3864.714 674.663 101.0 103.5
0 3761.214 626.163 101.0 103.5
0 3835.214 598.663 101.0 103.5
0 3730.714 552.663 101.0 103.5
0 3804.714 524.163 101.0 103.5
0 3700.714 476.163 101.0 103.5
0 3775.214 447.663 101.0 103.5
0 3669.214 402.663 101.0 103.5
0 3743.214 375.663 101.0 103.5
0 3639.214 332.163 101.0 103.5
0 3712.214 303.163 101.0 103.5
0 3370.214 110.163 102.5 97.00000000000001
0 3442.214 81.163 102.5 97.00000000000001
0 3340.214 43.663 102.5 97.00000000000001
0 3412.214 12.663 102.5 97.0
0 3515.714 50.163 102.5 97.00000000000001
0 3587.214 21.663 102.5 97.0
0 3546.214 119.163 102.5 97.00000000000001
0 3619.714 92.163 102.5 97.00000000000001
0 3576.714 190.163 102.5 97.0
0 3651.214 162.163 102.5 97.0
0 3608.214 261.163 102.5 97.0
0 3682.214 232.663 102.5 97.0
0 4074.531 642.971 100.5 100.5
0 4145.031 615.971 100.5 100.5
0 4104.031 717.471 100.5 100.5
0 4045.531 568.471 100.5 100.5
0 4176.531 691.471 100.5 100.5
0 4116.531 544.471 100.5 100.5
0 4015.531 497.471 100.5 100.5
0 4087.031 471.471 100.5 100.5
0 3987.031 425.471 100.5 100.5
0 4060.031 397.971 100.5 100.5
0 3958.031 352.471 100.5 100.5
0 4029.531 327.971 100.5 100.5
0 3928.531 283.971 100.5 100.5
0 3997.531 257.971 100.5 100.5
0 3897.031 214.971 100.5 100.5
0 3967.531 186.471 100.5 100.5
0 3866.531 145.471 100.5 100.5
0 3939.031 118.471 100.5 100.5
0 3836.531 77.471 100.5 100.5
0 3908.031 51.971 100.5 100.5
0 3806.531 8.971 100.5 100.5
0 4220.198 591.304 100.0 97.33400000000006
0 4292.198 565.304 100.0 97.33400000000006
0 4249.531 667.304 100.0 97.33400000000006
0 4320.865 642.637 100.0 97.33400000000006
0 4279.531 741.304 100.0 97.33400000000006
0 4350.198 713.304 100.0 97.33400000000006
0 4305.531 813.304 100.0 97.33400000000006
0 4377.531 787.971 100.0 97.33399999999995
0 4189.531 519.304 100.0 97.33400000000006
0 4262.198 493.971 100.0 97.33399999999995
0 4159.531 447.304 100.0 97.33400000000006
0 4232.864 419.971 100.0 97.33399999999995
0 4130.197 372.638 100.0 97.334
0 4200.197 346.638 100.0 97.334
0 4098.864 299.304 100.0 97.334
0 4172.197 277.304 100.0 97.334
0 4070.864 231.971 99.99999999999955 97.334
0 4008.864 93.971 99.33400000000029 95.333
0 4038.197 163.971 99.33399999999983 95.33299999999997
0 4079.531 67.304 99.33399999999983 95.333
0 4110.864 137.304 99.33400000000074 95.333
0 4141.531 208.638 99.33399999999983 95.333
0 3980.864 24.638 99.33399999999983 95.333
0 4048.197 0 99.33399999999983 95.333
0 4133.031 791.471 100.33299999999963 99.33299999999997
0 4161.031 865.138 100.33299999999963 99.33299999999997
0 4204.698 766.804 100.33299999999963 99.33299999999997
0 4232.365 839.137 100.33300000000054 99.33300000000008
0 980.724 610.63 69.33299999999997 102.66600000000005
0 1033.057 571.963 69.33300000000008 102.66600000000005
0 1000.057 679.963 69.33300000000008 102.66600000000005
0 1051.057 643.63 69.33300000000008 102.66600000000005
0 963.724 542.297 69.33299999999997 102.66599999999994
0 1014.724 506.63 69.33299999999997 102.66600000000005
0 1018.057 749.297 69.33300000000008 102.66599999999994
0 1069.724 713.297 69.33300000000008 102.66599999999994
0 1089.724 784.63 69.33300000000008 102.66600000000005
0 1035.724 817.964 69.33300000000008 102.66599999999994
0 1057.057 887.297 69.33300000000008 102.66599999999994
0 1110.391 854.631 69.33299999999986 102.66600000000005
0 931.724 409.296 67.33299999999997 103.00000000000006
0 948.391 476.296 67.33300000000008 103.00000000000006
0 999.057 439.963 67.33300000000008 102.99999999999994
0 981.391 373.963 67.33299999999997 103.0
0 914.391 343.963 67.33300000000008 103.0
0 966.724 307.296 67.33299999999997 103.0
0 899.391 280.63 67.33300000000008 103.0
0 948.391 245.297 67.33300000000008 103.00000000000003
0 871.724 157.63 63.33299999999997 97.666
0 884.391 221.296 63.333000000000084 97.666
0 921.391 120.296 63.333000000000084 97.66599999999998
0 936.058 184.296 63.33299999999997 97.666
0 857.058 97.296 63.33299999999997 97.66599999999998
0 907.391 59.629 63.333000000000084 97.666
0 842.724 37.629 63.33299999999997 97.666
0 893.058 0 63.33299999999997 97.666
0 959.058 20.629 63.33299999999997 97.666
0 973.391 81.629 63.33299999999997 97.66599999999998
0 1023.057 41.963 69.66699999999992 99.667
0 1038.39 104.963 69.66699999999992 99.667
0 985.057 143.63 69.66699999999992 99.667
0 1001.39 206.963 69.66700000000003 99.667
0 1055.723 167.963 69.66700000000014 99.667
0 1035.057 332.963 69.0 103.66699999999997
0 1017.39 268.296 69.00000000000011 103.66700000000003
0 1072.057 229.63 69.0 103.66700000000003
0 1089.724 295.296 69.0 103.66700000000003
0 1052.39 399.63 69.0 103.66700000000003
0 1107.057 362.296 69.0 103.66700000000003
0 1070.057 467.63 69.0 103.66700000000003
0 1125.057 431.297 69.0 103.66700000000003
0 1106.724 603.296 72.66600000000017 105.0
0 1086.724 534.629 72.66600000000017 105.0
0 1162.724 567.629 72.66600000000017 105.0
0 1142.724 497.629 72.66600000000017 105.0
0 1145.057 744.296 74.33300000000008 108.0
0 1123.39 673.963 74.33299999999986 108.0
0 1180.39 638.296 74.33299999999986 108.0
0 1202.724 709.963 74.33300000000008 108.0
0 1164.724 816.963 74.33300000000008 108.0
0 1222.39 780.629 74.33299999999986 108.0
0 574.39 719.963 59.0 102.33300000000008
0 618.39 686.63 59.0 102.33299999999997
0 591.723 787.963 59.0 102.33300000000008
0 635.39 751.963 59.0 102.33300000000008
0 607.39 856.296 59.0 102.33299999999997
0 651.723 822.63 59.0 102.33299999999997
0 559.39 654.963 59.0 102.33300000000008
0 603.89 618.463 59.0 102.33300000000008
0 624.39 923.463 59.0 102.33300000000008
0 668.89 890.963 59.0 102.33300000000008
0 531.974 526.13 55.5 99.5
0 546.474 591.13 55.5 99.5
0 576.474 491.13 55.5 99.5
0 589.474 557.13 55.5 99.5
0 518.974 463.13 55.5 99.5
0 562.474 427.13 55.5 99.5
0 504.974 401.63 55.50000000000006 99.5
0 548.474 365.13 55.5 99.5
0 493.474 340.13 55.50000000000006 99.5
0 535.474 303.13 55.5 99.5
0 481.974 277.13 55.50000000000006 99.5
0 522.974 240.63 55.5 99.5
0 459.474 161.13 52.5 95.5
0 469.974 222.13 52.50000000000006 95.5
0 512.474 183.63 52.5 95.5
0 500.974 125.13 52.50000000000006 95.5
0 449.974 103.13 52.5 95.5
0 490.474 67.13 52.50000000000006 95.5
0 439.474 46.63 52.5 95.5
0 480.474 8.63 52.50000000000006 95.5
0 606.14 391.13 59.0 100.33300000000003
0 652.807 353.463 59.0 100.33299999999997
0 591.473 326.463 59.0 100.33299999999997
0 637.473 291.463 59.0 100.33299999999997
0 620.473 456.13 59.0 100.33299999999997
0 666.807 418.463 59.0 100.33300000000003
0 634.14 520.13 59.0 100.33299999999997
0 681.14 484.13 59.0 100.33299999999997
0 650.64 587.13 59.0 100.33299999999997
0 697.14 550.63 59.0 100.33299999999997
0 665.14 654.63 59.0 100.33299999999997
0 713.14 618.13 59.0 100.33299999999997
0 696.807 785.63 64.0 105.0
0 743.807 751.13 64.0 105.0
0 712.807 854.63 64.0 105.0
0 762.307 819.13 64.0 105.0
0 679.807 717.13 64.0 105.0
0 727.307 682.13 64.0 105.0
0 554.807 143.63 58.0 97.5
0 599.807 105.13 58.0 97.5
0 566.807 205.63 58.0 97.5
0 612.307 167.13 58.0 97.5
0 625.807 230.13 56.5 97.5
0 579.307 265.63 58.0 97.5
0 542.307 86.63 58.0 97.5
0 588.807 47.13 58.0 97.5
0 161.286 585.833 46.25 95.5
0 196.786 552.083 46.25 95.5
0 171.786 649.083 46.25 95.5
0 207.786 615.583 46.25 95.5
0 151.536 524.083 46.25 95.5
0 186.536 489.083 46.25 95.49999999999994
0 246.286 579.583 46.25 95.5
0 235.036 517.083 46.25 95.5
0 284.286 545.333 46.25 95.5
0 272.786 481.583 46.25 95.49999999999994
0 184.286 711.083 46.25 95.5
0 219.786 677.583 46.25 95.5
0 196.286 774.583 46.25 95.5
0 231.786 743.083 46.25 95.5
0 245.786 805.583 46.25 95.5
0 209.286 840.083 46.25 95.5
0 222.286 903.583 46.25 95.5
0 259.786 873.083 46.25 95.5
0 235.786 969.083 46.25 96.50000000000011
0 273.286 937.083 46.25 95.50000000000011
0 257.286 643.583 46.25 95.5
0 297.286 608.583 46.25 95.5
0 271.286 706.583 46.25 95.5
0 308.286 675.083 46.25 95.5
0 283.286 773.083 46.25 95.5
0 322.286 739.083 46.25 95.5
0 297.786 840.083 46.25 95.5
0 336.786 806.083 46.25 95.5
0 309.036 903.333 53.5 97.5
0 348.536 870.833 53.5 97.5
0 123.536 345 42.0 93
0 132.869 405.333 42.0 93.0
0 142.536 468 42.0 93
0 158.203 311.667 42.0 93.0
0 167.869 370.333 42.0 93.0
0 178.203 431.667 42.0 93.00000000000006
0 115.536 287 42.0 93
0 149.869 252 42.0 93
0 106.869 231.333 42.0 93.00000000000003
0 141.869 195.333 42.0 93.00000000000003
0 84.869 66.333 40.334 89.667
0 91.536 121.333 40.334 89.667
0 98.869 176.333 40.334 89.667
0 132.869 141.666 40.334 89.667
0 126.869 85.666 40.334 89.667
0 119.202 31.333 40.334 89.667
0 77.869 13.666 40.334 89.667
0 168.203 102.333 45.333 93.667
0 159.87 48 45.333 93.667
0 197.87 9.666 45.333 93.667
0 205.203 66.333 45.333 93.667
0 177.203 160 45.333 93.667
0 215.536 120.333 45.33300000000003 93.667
0 185.203 219 45.333 93.66699999999997
0 222.536 179 45.33300000000003 93.66699999999997
0 194.87 276 45.333 93.66699999999997
0 232.536 237 45.33300000000003 93.66699999999997
0 203.536 332.333 45.333 93.66699999999997
0 242.536 296.333 45.33300000000003 93.66699999999997
0 212.87 394 45.33299999999997 93.66699999999997
0 251.87 356.667 45.33299999999997 93.66700000000003
0 223.203 456 45.333 93.66700000000003
0 262.203 418.333 45.33300000000003 93.66699999999997
0 533.289 27.888 55.25 96.25
0 2538.276 0 97.33300000000008 97.604
0 0 908.347 31.914 99.33299999999997
0 0 792.347 6.914 60.666000000000054
0 0 845.68 18.914 84.33300000000008
0 69.581 0 41.666 48.68
0 108.914 0 18.167 14.93
0 112.414 0 40.999999999999986 68.097
0 149.872 0 31.75 30.18
0 153.122 0 44.5 86.222
0 192.456 0 44.0 46.555
0 577.289 0 56.5 84.222
0 571.372 0 39.5 27.055
0 522.872 0 54.33400000000006 66.222
0 470.539 0 51.5 47.638
0 519.539 0 15.75 8.138
0 429.372 0 50.5 84.472
0 423.622 0 39.0 28.472
0 826.261 0 28.0 17.286
0 831.594 0 61.0 74.452
0 883.594 0 58.666999999999916 35.952
0 943.594 0 65.33399999999995 58.452
0 1003.261 0 29.833000000000084 18.786
0 1008.594 0 67.66699999999992 79.452
0 1272.026 0 36.0 18.188
0 1279.526 0 73.0 79.438
0 1338.276 0 69.25 42.188
0 1407.526 0 76.0 64.688
0 1475.526 0 50.5 26.188
0 1483.026 0 79.0 89.938
0 1764.776 0 74.66599999999994 33.938
0 1840.442 0 83.66699999999992 61.271
0 1917.776 0 50.66599999999994 24.604
0 1925.442 0 86.66699999999992 87.938
0 1995.776 0 84.33299999999986 51.604
0 2280.276 0 91.33300000000008 67.938
0 2359.609 0 80.33300000000008 33.271
0 2440.942 0 96.33399999999983 64.604
0 2525.609 0 76.66699999999992 30.271
0 2794.109 0 94.33300000000008 63.771
0 2877.442 0 79.33399999999983 30.438
0 2959.776 0 102.33300000000008 66.104
0 3048.776 0 87.0 32.438
0 3306.109 0 20.666999999999916 5.771
0 3310.776 0 100.33300000000008 72.438
0 3391.776 0 89.66600000000017 42.438
0 3477.776 0 36.333000000000084 12.438
0 3484.776 0 102.66600000000017 81.104
0 3561.442 0 96.0 50.104
0 3788.942 0 85.66699999999992 37.604
0 3871.442 0 36.166999999999916 13.271
0 3876.109 0 100.66699999999992 80.438
0 3951.109 0 95.75 51.604
0 4034.609 0 80.75000000000045 27.104
