0 1646.175 2181.69 105.91700000000014 108.25
0 1736.925 2165.69 105.91700000000014 108.25
0 1629.425 2087.69 105.91700000000014 108.25
0 1720.925 2071.69 105.91700000000014 108.25
0 1812.925 2054.69 105.91700000000014 108.25
0 1903.425 2038.69 105.91700000000014 108.25
0 1918.425 2131.19 105.91700000000014 108.25
0 1829.425 2148.19 105.91700000000014 108.25
0 1612.925 1994.19 105.91700000000014 108.25
0 1705.425 1977.19 105.91700000000014 108.25
0 1887.425 1946.19 105.91700000000014 108.25
0 1796.425 1961.19 105.91700000000014 108.25
0 1596.925 1899.69 105.91700000000014 108.25
0 1688.425 1883.69 105.91700000000014 108.25
0 1780.925 1866.69 105.91700000000014 108.25
0 1871.925 1851.19 105.91700000000014 108.25
0 1581.925 1805.19 105.91700000000014 108.25
0 1672.925 1789.19 105.91700000000014 108.25
0 1764.425 1774.19 105.91700000000014 107.25
0 1856.425 1758.69 105.91700000000014 107.25
0 1840.925 1665.69 105.91700000000014 107.25
0 1750.425 1680.69 105.91700000000014 107.25
0 1658.425 1696.19 105.91700000000014 107.25
0 1566.925 1709.69 103.91700000000014 107.25
0 1551.925 1617.19 105.91700000000014 107.25
0 1644.425 1602.69 103.91700000000014 106.75
0 1736.425 1588.19 103.91700000000014 106.75
0 1827.425 1573.69 103.91700000000014 106.75
0 1539.425 1523.19 103.91700000000014 106.75
0 1630.925 1508.19 103.91700000000014 106.75
0 1722.925 1494.69 103.91700000000014 106.75
0 1812.925 1482.69 103.91700000000014 105.25
0 1798.925 1390.19 103.91700000000014 105.25
0 1707.425 1403.19 103.91700000000014 105.25
0 1616.425 1416.69 103.91700000000014 105.25
0 1525.425 1430.19 103.91700000000014 105.25
0 1511.925 1338.19 103.91700000000014 105.25
0 1603.425 1324.69 103.91700000000014 105.25
0 1694.925 1310.69 103.91700000000014 105.25
0 1786.425 1299.69 102.41700000000014 104.25
0 1772.425 1208.19 102.41700000000014 104.25
0 1682.925 1220.19 102.41700000000014 104.25
0 1591.425 1232.69 102.41700000000014 104.25
0 1500.425 1245.19 102.41700000000014 104.25
0 1488.425 1154.69 102.41700000000014 101.25
0 1578.425 1143.19 102.41700000000014 101.25
0 1670.425 1130.19 102.41700000000014 101.25
0 1759.925 1119.69 102.41700000000014 101.25
0 1747.425 1029.69 102.41700000000014 101.25
0 1658.425 1042.19 102.41700000000014 101.25
0 1566.925 1052.19 102.41700000000014 101.25
0 1475.425 1064.69 102.41700000000014 101.25
0 1467.925 975.19 97.41700000000014 101.25
0 1557.925 963.69 97.41700000000014 101.25
0 1648.425 953.19 97.41700000000014 101.25
0 1736.925 942.19 97.41700000000014 101.25
0 1725.425 856.19 96.41700000000014 97.25
0 1638.425 866.19 96.91700000000014 97.25
0 1545.925 878.19 96.91700000000014 97.25
0 1456.925 888.19 96.91700000000014 97.25
0 1446.425 801.19 96.91700000000014 97.25
0 1535.425 791.69 96.91700000000014 97.25
0 1626.425 780.19 97.41700000000014 97.25
0 1714.425 771.69 97.41700000000014 97.25
0 1703.425 686.69 98.41700000000014 94.75
0 1615.925 696.19 98.41700000000014 94.75
0 1524.925 706.19 98.41700000000014 94.75
0 1435.925 715.69 98.41700000000014 94.75
0 1427.425 630.69 96.41700000000014 95.25
0 1515.425 621.69 96.41700000000014 95.25
0 1605.425 611.19 96.41700000000014 95.25
0 1692.925 601.19 96.41700000000014 95.25
0 1683.425 520.19 96.41700000000014 91.75
0 1595.425 527.69 96.41700000000014 91.75
0 1506.425 537.69 96.41700000000014 91.75
0 1417.925 547.69 96.41700000000014 91.75
0 1409.925 464.19 96.41700000000014 91.75000000000006
0 1497.925 455.19 95.41700000000014 91.75000000000006
0 1586.425 446.19 95.41700000000014 91.75000000000006
0 1673.425 438.19 95.41700000000014 91.75000000000006
0 1663.925 358.19 95.41700000000014 89.25
0 1576.425 366.69 97.41700000000014 89.25
0 1489.425 375.19 97.41700000000014 89.25
0 1402.925 383.19 93.91700000000014 89.25
0 1394.925 303.19 93.91700000000014 89.25
0 1482.425 294.19 93.91700000000014 89.25
0 1569.425 288.69 93.91700000000014 87.25
0 1655.425 281.69 93.91700000000014 87.25
0 1646.425 202.69 93.91700000000014 87.25
0 1561.925 210.19 93.91700000000014 87.25
0 1473.925 218.19 93.91700000000014 87.25
0 1385.925 225.19 93.91700000000014 87.25
0 1380.425 148.19 93.91700000000014 87.25
0 1467.925 141.19 91.91700000000014 85.25
0 1554.925 133.69 91.91700000000014 85.25
0 1639.925 127.69 91.91700000000014 84.25
0 1631.925 54.19 90.41700000000014 80.75
0 1546.925 59.19 90.41700000000014 80.75
0 1460.425 66.19 90.41700000000014 80.75
0 1375.425 72.69 90.41700000000014 80.75
0 1370.425 0 89.41700000000014 79.75
0 1898.092 28.857 95.41799999999989 80.084
0 1984.092 26.857 95.41800000000012 80.084
0 2070.092 24.857 95.41800000000012 80.084
0 2154.592 23.857 94.41800000000012 79.084
0 2081.592 101.857 95.41800000000012 80.084
0 1993.092 105.357 96.41800000000012 80.084
0 2003.592 182.357 96.41800000000012 80.08399999999997
0 2090.592 180.357 96.41800000000012 80.08399999999997
0 2103.592 259.857 96.41800000000012 80.08399999999995
0 2015.092 262.357 96.41800000000012 80.08399999999995
0 2027.092 344.357 96.41800000000012 80.08399999999995
0 2115.592 340.857 96.41800000000012 80.08399999999995
0 2128.592 423.357 96.41800000000012 80.08399999999995
0 2039.092 426.857 97.91800000000012 83.08399999999995
0 2051.092 509.357 97.91800000000012 83.084
0 2140.592 505.357 97.91800000000012 83.084
0 2153.592 590.357 97.91800000000012 83.08400000000006
0 2064.092 593.857 97.91800000000012 87.58400000000006
0 2075.592 680.857 97.91800000000012 87.58400000000006
0 2166.592 673.857 97.91800000000012 87.58400000000006
0 2180.092 761.857 97.91800000000012 87.58400000000006
0 2089.092 768.357 97.91800000000012 87.58400000000006
0 2103.592 856.357 97.91800000000012 91.58400000000006
0 2194.592 848.857 97.91800000000012 91.58400000000006
0 2209.592 938.357 97.91800000000012 91.58400000000006
0 2116.092 945.857 99.91800000000012 93.58400000000006
0 2130.092 1036.857 99.91800000000012 93.58400000000006
0 2222.092 1027.857 99.91800000000012 93.58400000000006
0 2236.592 1119.857 99.91800000000012 93.58400000000006
0 2145.592 1127.357 98.91800000000012 96.58400000000006
0 2159.092 1218.357 100.41800000000012 98.58400000000006
0 2252.092 1208.357 100.41800000000012 98.58400000000006
0 2267.092 1302.357 100.41800000000012 98.58400000000006
0 2174.092 1313.357 102.41800000000012 98.58400000000006
0 2190.092 1407.357 102.41800000000012 98.58400000000006
0 2282.592 1395.857 102.41800000000012 98.58400000000006
0 2297.592 1489.857 102.41800000000012 100.58400000000006
0 2205.592 1501.857 102.41800000000012 100.58400000000006
0 2221.592 1596.857 102.41800000000012 102.58400000000006
0 2313.592 1583.857 102.41800000000012 102.58400000000006
0 2330.092 1677.857 102.41800000000012 102.58400000000006
0 2237.092 1691.357 102.41800000000012 102.58400000000006
0 2254.592 1786.857 102.91800000000012 106.58400000000006
0 2346.092 1770.857 102.91800000000012 106.58400000000006
0 2363.092 1866.857 102.91800000000012 106.58400000000006
0 2271.592 1882.357 102.91800000000012 106.58400000000006
0 2288.592 1977.857 102.91800000000012 106.58399999999983
0 2380.592 1961.857 102.91800000000012 106.58399999999983
0 2397.592 2056.357 102.91800000000012 106.58399999999983
0 2305.592 2073.857 102.91800000000012 106.58399999999983
0 2212.675 2088.607 106.5 111.0
0 2195.175 1993.107 106.5 111.0
0 2177.675 1894.107 106.5 111.0
0 2160.675 1802.107 106.5 108.5
0 2144.675 1703.607 106.5 108.5
0 2127.675 1607.107 106.5 108.5
0 2111.675 1512.607 106.5 106.0
0 2097.175 1416.607 104.5 104.0
0 2082.175 1321.607 104.5 104.0
0 2066.675 1227.607 104.5 104.0
0 2053.175 1135.607 102.5 102.0
0 2038.175 1042.107 102.50000000000023 102.0
0 2024.175 950.107 102.50000000000023 102.0
0 2011.175 860.107 102.00000000000023 99.0
0 1997.175 770.607 102.00000000000023 99.0
0 1984.675 682.607 102.00000000000023 99.0
0 1972.175 595.607 102.00000000000023 95.5
0 1959.675 511.607 102.00000000000023 89.99999999999994
0 1948.175 427.607 102.00000000000023 89.99999999999994
0 1937.675 345.107 99.0 87.5
0 1927.675 263.107 99.0 87.5
0 1916.675 182.107 96.5 84.00000000000003
0 1906.675 106.607 96.0 82.0
0 2165.175 102.107 95.5 76.5
0 2178.175 179.607 95.5 76.50000000000003
0 2189.675 258.607 95.5 76.5
0 2202.675 336.607 95.0 80.0
0 2215.175 419.607 95.0 80.0
0 2227.675 501.607 96.0 83.99999999999994
0 2240.675 584.107 96.0 84.0
0 2254.675 670.607 96.0 86.5
0 2268.675 754.107 96.0 91.5
0 2283.175 843.107 96.0 91.5
0 2297.175 931.107 96.0 91.5
0 2311.675 1020.107 96.0 92.5
0 2326.675 1110.607 97.5 94.5
0 2341.175 1202.107 97.5 94.5
0 2355.175 1293.107 99.5 97.0
0 2368.675 1383.607 103.0 101.0
0 2384.675 1476.607 103.0 103.0
0 2400.675 1569.607 103.0 103.0
0 2417.675 1664.107 103.0 103.0
0 2434.175 1757.607 103.0 104.5
0 2452.175 1850.107 103.0 106.0
0 2469.175 1944.607 103.0 106.0
0 2485.675 2039.107 103.0 106.0
0 2452.092 9.857 97.91800000000012 78.084
0 2536.592 9.857 97.91800000000012 78.084
0 2619.092 9.857 97.91800000000012 77.584
0 2633.592 87.357 97.91800000000012 77.584
0 2551.092 88.357 97.91800000000012 77.584
0 2564.592 166.857 97.91800000000012 77.584
0 2649.592 165.857 97.91800000000012 77.584
0 2581.092 246.857 97.91800000000012 79.58399999999997
0 2665.092 245.357 97.91800000000012 79.58399999999997
0 2681.092 326.357 97.91800000000012 79.58399999999995
0 2597.092 327.857 97.91800000000012 81.58399999999995
0 2611.092 411.357 98.91800000000012 84.08399999999995
0 2696.592 408.357 98.91800000000012 84.08399999999995
0 2627.592 494.857 98.91800000000012 84.084
0 2713.092 493.357 98.91800000000012 84.084
0 2729.092 577.857 98.91800000000012 84.08400000000006
0 2643.592 579.357 98.91800000000012 87.58400000000006
0 2660.592 667.857 98.91800000000012 89.08400000000006
0 2747.092 662.857 98.91800000000012 89.08400000000006
0 2764.092 749.857 98.91800000000012 89.08400000000006
0 2676.092 754.357 98.91800000000012 89.08400000000006
0 2693.092 843.857 98.91800000000012 91.08400000000006
0 2780.592 838.357 98.91800000000012 90.08400000000006
0 2710.592 933.357 99.41800000000012 93.58400000000006
0 2797.092 925.857 99.41800000000012 95.08400000000006
0 2815.592 1016.857 99.41800000000012 95.08400000000006
0 2727.592 1025.857 99.41800000000012 95.08400000000006
0 2744.092 1116.357 100.41800000000012 96.08400000000006
0 2831.592 1107.857 100.41800000000012 96.08400000000006
0 2849.092 1200.857 100.41800000000012 96.08400000000006
0 2761.592 1209.857 100.41800000000012 96.08400000000006
0 2778.592 1302.857 100.41800000000012 100.08400000000006
0 2867.092 1291.357 100.41800000000012 100.08400000000006
0 2884.092 1383.357 100.41800000000012 100.08400000000006
0 2795.592 1396.357 100.41800000000012 103.08400000000006
0 2813.092 1490.357 100.41800000000012 103.08400000000006
0 2901.092 1478.357 100.41800000000012 103.08400000000006
0 2918.092 1569.857 100.41800000000012 106.58400000000006
0 2830.592 1583.357 100.41800000000012 106.58400000000006
0 2848.092 1680.357 100.91800000000012 106.58400000000006
0 2935.092 1666.357 100.91800000000012 106.58400000000006
0 2952.092 1760.357 100.91800000000012 106.58400000000006
0 2865.092 1776.357 100.91800000000012 106.58400000000006
0 2882.092 1872.357 100.91800000000012 106.58400000000006
0 2969.092 1855.857 100.91800000000012 106.58400000000006
0 2987.092 1948.357 98.91800000000012 108.08399999999983
0 2901.092 1966.357 98.91800000000012 108.08399999999983
0 2813.092 1983.857 100.41800000000012 108.08399999999983
0 2795.592 1887.857 101.41800000000012 108.08400000000006
0 2777.592 1790.857 101.41800000000012 108.08400000000006
0 2760.592 1694.357 101.41800000000012 108.08400000000006
0 2742.592 1597.357 101.41800000000012 108.08400000000006
0 2725.092 1501.357 101.91800000000012 108.08400000000006
0 2707.592 1405.357 101.91800000000012 108.08400000000006
0 2691.092 1309.357 101.91800000000012 108.08400000000006
0 2672.592 1216.357 102.41800000000012 105.08400000000006
0 2655.592 1122.857 102.41800000000012 105.08400000000006
0 2639.092 1030.357 102.41800000000012 103.08400000000006
0 2621.592 937.857 102.41800000000012 103.08400000000006
0 2605.592 846.524 101.08500000000004 101.08399999999995
0 2588.259 757.858 103.75199999999995 96.41700000000003
0 2572.259 667.191 101.08500000000004 96.41699999999992
0 2555.592 582.524 103.08500000000004 93.08399999999995
0 2540.259 493.857 103.08500000000004 93.084
0 2523.592 409.857 103.08500000000004 88.41699999999997
0 2509.592 325.857 100.41800000000012 88.41699999999997
0 2494.925 244.524 99.08500000000004 85.75
0 2480.258 164.524 99.08500000000004 83.083
0 2464.925 84.524 99.08500000000004 83.083
0 2702.258 11.858 94.41800000000012 76.499
0 2717.591 89.191 94.41800000000012 76.499
0 2734.258 167.858 94.41800000000012 76.499
0 2750.925 246.525 94.41799999999967 76.499
0 2766.259 323.858 93.7510000000002 80.49900000000002
0 2781.592 407.858 93.75099999999975 80.49900000000002
0 2798.925 491.191 95.08399999999983 82.416
0 2815.592 575.858 95.08399999999983 82.41600000000005
0 2832.925 659.858 95.08399999999983 86.41600000000005
0 2848.925 743.858 95.08399999999983 90.41600000000005
0 2866.258 831.858 95.08400000000029 90.41600000000005
0 2884.258 921.191 95.08400000000029 90.41599999999994
0 2901.591 1011.858 95.08400000000029 90.41599999999994
0 2918.924 1101.191 95.08399999999983 92.41599999999994
0 2936.257 1190.524 95.08399999999983 97.08300000000008
0 2954.257 1281.191 95.08399999999983 97.08299999999986
0 2970.924 1374.525 95.08399999999983 97.08299999999986
0 2988.257 1467.858 95.08399999999983 99.08300000000008
0 3005.59 1559.858 95.75099999999975 101.08300000000008
0 3022.257 1653.191 95.75099999999975 101.08299999999986
0 3040.257 1747.858 95.75099999999975 101.08300000000008
0 3055.59 1839.858 95.75099999999975 103.75
0 3071.59 1933.858 97.08399999999983 106.41700000000014
0 3103.591 3.775 94.41800000000012 79.249
0 3182.258 7.775 94.41800000000012 79.249
0 3200.258 85.108 94.41800000000012 79.249
0 3121.591 81.108 94.41800000000012 79.249
0 3139.591 161.108 94.41800000000012 79.249
0 3217.591 163.108 94.41800000000012 79.249
0 3157.591 241.108 94.41800000000012 79.24900000000002
0 3236.924 242.441 94.41800000000012 79.249
0 3176.258 322.441 94.41800000000012 79.24900000000002
0 3255.591 324.858 94.41800000000012 79.49900000000002
0 3192.924 404.441 95.08500000000004 83.91600000000005
0 3272.257 403.774 95.08500000000004 83.916
0 3290.924 489.524 95.08500000000004 84.16600000000005
0 3212.257 490.857 95.08500000000004 84.166
0 3230.257 575.524 95.08500000000004 84.16600000000005
0 3310.257 574.191 95.08500000000004 84.16599999999994
0 3248.924 662.858 95.08500000000004 86.08300000000008
0 3328.924 660.858 95.08500000000004 86.08300000000008
0 3346.257 748.191 95.08500000000004 86.08299999999997
0 3266.924 749.524 95.08500000000004 88.75
0 3285.591 840.191 95.08500000000004 88.75
0 3366.258 834.858 95.08500000000004 88.75
0 3302.924 928.191 95.08500000000004 90.75
0 3382.924 924.191 95.08500000000004 90.75
0 3402.257 1014.191 92.41800000000012 90.75
0 3319.59 1018.858 95.08500000000004 93.41700000000014
0 3338.257 1110.858 95.08500000000004 93.41700000000014
0 3417.59 1104.858 95.08500000000004 93.41700000000014
0 3437.59 1196.191 93.08500000000004 93.41699999999992
0 3357.59 1202.191 93.08500000000004 96.08400000000006
0 3374.923 1296.191 93.08500000000004 96.08400000000006
0 3454.923 1287.524 93.08500000000004 96.08400000000006
0 3472.923 1380.857 93.08500000000004 96.08400000000006
0 3392.256 1389.524 93.08500000000004 98.08400000000006
0 3410.256 1482.191 93.08500000000004 101.41699999999992
0 3489.589 1472.858 91.08500000000004 100.75
0 3506.922 1565.525 91.08500000000004 100.75
0 3428.255 1576.191 91.08500000000004 103.41699999999992
0 3444.922 1672.191 91.08500000000004 103.41699999999992
0 3523.589 1658.858 91.08500000000004 103.41700000000014
0 3539.589 1752.191 91.08500000000004 103.41699999999992
0 3460.256 1766.191 91.08500000000004 103.41699999999992
0 3476.923 1858.191 92.41800000000012 106.75
0 3554.256 1842.858 92.41800000000012 106.75
0 3396.923 1874.858 94.41800000000012 106.75
0 3379.923 1780.858 94.41800000000012 106.75
0 3361.923 1681.858 94.41800000000012 106.75
0 3345.923 1587.858 94.41800000000012 106.75
0 3328.923 1490.858 94.41800000000012 106.75
0 3311.923 1396.858 94.41800000000012 106.75
0 3292.256 1300.858 97.08500000000004 104.75
0 3272.923 1207.524 98.41800000000012 101.41700000000014
0 3256.256 1113.524 98.41800000000012 101.41700000000014
0 3238.256 1022.857 98.41800000000012 98.08400000000006
0 3219.589 929.524 98.41800000000012 98.08399999999995
0 3202.922 840.857 97.08500000000004 94.75099999999998
0 3184.922 748.857 97.08500000000004 94.75099999999998
0 3166.922 661.857 97.08500000000004 94.75099999999998
0 3149.255 573.858 97.08500000000004 92.08400000000006
0 3130.588 489.11 97.08499999999958 88.832
0 3113.088 404.11 96.58499999999958 86.91499999999996
0 3095.088 320.11 96.08499999999958 83.332
0 3077.088 237.11 96.08499999999958 83.332
0 3059.755 156.443 96.08500000000004 83.332
0 3042.422 77.776 95.41800000000012 82.915
0 3025.755 0 94.08500000000004 79.582
0 3259.088 10 92.08499999999958 81.582
0 3275.755 86 92.08500000000004 81.582
0 3296.422 166.666 90.08500000000004 80.249
0 3314.422 245.999 90.08500000000004 80.249
0 3333.089 325.999 90.08500000000004 80.24899999999997
0 3351.756 407.999 90.08500000000004 80.24899999999997
0 3369.756 489.999 90.08500000000004 83.582
0 3388.423 574.666 90.08500000000004 83.582
0 3407.09 659.747 90.08500000000004 85.83400000000006
0 3424.423 745.747 90.08500000000004 85.83400000000006
0 3443.756 832.414 90.08500000000004 88.25099999999998
0 3461.089 921.081 90.08500000000004 88.25099999999998
0 3479.756 1009.081 90.08500000000004 91.58399999999995
0 3497.756 1097.748 88.75199999999995 91.58400000000006
0 3516.422 1187.748 88.75199999999995 95.58400000000006
0 3533.089 1277.748 88.75199999999995 98.91699999999992
0 3549.756 1370.415 88.75199999999995 98.91700000000014
0 3567.09 1460.415 88.75199999999995 98.91700000000014
0 3583.756 1554.415 88.75199999999995 98.91700000000014
0 3600.423 1644.415 88.75200000000041 102.25
0 3618.423 1737.748 88.75200000000041 102.25
0 3634.423 1828.415 87.41900000000032 102.91700000000014
0 3650.254 15.905 90.5 83.0
0 3721.254 22.405 90.5 83.0
0 3742.254 98.905 90.5 83.0
0 3671.254 93.905 89.5 81.5
0 3692.754 171.905 89.5 84.0
0 3764.254 177.405 89.5 83.99999999999997
0 3785.254 257.405 89.5 84.0
0 3713.254 253.905 89.5 83.99999999999997
0 3733.254 336.405 89.5 82.0
0 3804.254 339.405 89.5 82.0
0 3825.254 421.405 89.5 82.0
0 3754.254 418.905 89.5 83.5
0 3774.254 502.405 89.5 83.5
0 3846.254 504.405 89.5 83.5
0 3794.254 587.405 89.5 84.0
0 3866.254 587.905 89.5 84.0
0 3887.254 673.405 89.5 84.0
0 3815.254 674.405 89.5 84.0
0 3835.254 760.405 89.5 86.0
0 3908.254 758.405 86.5 86.0
0 3926.754 845.905 86.5 86.0
0 3855.754 848.905 86.5 86.0
0 3875.754 937.405 86.5 87.5
0 3947.754 933.905 86.5 88.0
0 3966.754 1021.405 86.5 88.0
0 3895.254 1026.905 86.5 89.0
0 3913.254 1115.905 86.5 92.0
0 3983.254 1110.905 86.5 92.0
0 4002.254 1197.905 86.5 95.0
0 3932.254 1205.905 86.5 95.5
0 4020.754 1287.905 86.5 95.0
0 3950.754 1297.405 86.5 95.0
0 3968.254 1387.405 86.5 97.5
0 4039.754 1378.905 84.5 97.5
0 4057.254 1468.905 84.5 97.5
0 3986.754 1479.905 84.5 99.5
0 4005.754 1571.905 84.5 99.5
0 4074.254 1559.405 82.0 99.5
0 4091.754 1651.405 80.5 99.5
0 4023.254 1664.905 80.5 99.5
0 4038.754 1756.905 81.5 101.0
0 4107.754 1742.905 79.0 101.0
0 3970.254 1768.905 82.0 105.0
0 3953.254 1674.405 82.0 105.0
0 3936.254 1582.405 82.5 102.0
0 3918.254 1488.905 83.5 102.0
0 3900.754 1396.405 83.5 102.0
0 3879.754 1303.905 87.0 99.0
0 3861.754 1211.405 87.0 99.0
0 3842.254 1118.905 89.0 99.0
0 3822.254 1029.905 89.0 96.5
0 3801.254 940.405 90.5 94.0
0 3781.754 850.905 90.5 90.5
0 3761.754 761.405 90.5 90.5
0 3742.254 673.405 90.5 90.5
0 3722.254 584.405 90.5 90.5
0 3702.754 500.905 90.5 88.0
0 3682.254 417.405 91.0 84.5
0 3661.254 332.905 91.0 84.5
0 3641.254 249.405 91.0 84.49999999999997
0 3620.254 167.405 91.5 86.0
0 3598.254 87.905 91.5 84.0
0 3578.254 9.405 91.5 84.0
0 3791.254 27.905 87.0 81.5
0 3811.254 104.905 87.0 81.5
0 4175.254 59.738 81.66700000000037 84.833
0 3853.754 260.405 87.0 81.5
0 3874.254 341.405 87.0 81.5
0 3895.254 422.905 87.0 81.5
0 3916.254 504.405 86.5 84.0
0 3936.754 587.905 86.5 84.0
0 3956.754 671.405 86.5 84.0
0 3977.254 755.405 86.5 86.5
0 3997.254 842.905 84.5 87.5
0 4016.754 929.405 84.5 87.5
0 4035.754 1017.405 84.5 87.5
0 4054.254 1104.405 82.5 90.5
0 4072.254 1192.405 82.5 92.5
0 4090.754 1281.405 79.5 94.0
0 4108.254 1369.905 79.5 95.5
0 4124.754 1458.405 79.5 98.0
0 4141.754 1550.405 78.5 98.0
0 4157.254 1638.405 78.5 101.0
0 4173.254 1728.905 76.5 101.0
0 4235.254 67.738 80.33399999999983 82.166
0 4197.254 135.738 80.33399999999983 82.166
0 4256.587 143.071 80.33399999999983 82.166
0 4279.254 219.738 80.33399999999983 82.166
0 4219.254 215.071 80.33399999999983 82.16600000000003
0 4241.254 293.071 80.33399999999983 82.166
0 4301.921 300.404 80.33399999999983 82.166
0 4325.254 377.737 78.33399999999983 82.83299999999997
0 4265.254 373.737 78.33399999999983 82.83299999999997
0 4286.587 455.737 78.33399999999983 82.83300000000003
0 4346.587 459.737 78.33399999999983 82.83300000000003
0 4367.92 541.07 78.33399999999983 82.83299999999997
0 4308.587 538.403 78.33399999999983 82.83299999999997
0 4331.254 623.07 75.66700000000037 81.5
0 4389.921 623.07 75.66699999999946 81.5
0 4409.921 707.07 75.66699999999946 81.5
0 4351.921 707.07 75.66699999999946 83.0
0 4371.921 791.07 75.66699999999946 83.0
0 4430.588 790.403 75.66700000000037 83.0
0 4451.921 875.07 73.0 83.0
0 4393.254 877.07 73.0 83.0
0 4412.587 961.237 73.0 86.16600000000005
0 4471.254 958.57 73.0 86.16600000000005
0 4430.587 1049.236 73.0 86.83299999999986
0 4489.254 1045.903 73.0 86.83300000000008
0 4507.921 1131.903 73.0 86.83300000000008
0 4449.254 1134.569 73.0 90.83300000000008
0 4468.587 1223.236 73.0 90.83299999999986
0 4527.254 1216.569 73.0 90.83300000000008
0 4543.254 1303.902 73.0 90.83299999999986
0 4485.921 1311.235 73.0 93.5
0 4503.254 1398.568 73.0 96.16699999999992
0 4559.254 1391.901 73.0 96.16699999999992
0 4577.254 1477.235 71.0 97.5
0 4518.587 1487.235 73.0 97.5
0 4593.254 1567.235 71.0 97.5
0 4535.921 1577.902 71.0 97.5
0 4551.254 1665.902 71.0 97.5
0 4609.92 1653.235 67.0 97.5
0 4114.254 51.238 81.66700000000037 84.833
0 4137.254 129.238 81.66700000000037 84.833
0 4160.254 208.738 81.66700000000037 84.83300000000003
0 4181.754 287.738 81.66700000000037 84.83300000000003
0 4203.254 370.238 81.66700000000037 84.83300000000003
0 4224.754 452.738 81.66700000000037 84.83300000000003
0 4246.754 536.238 81.66700000000037 84.83299999999997
0 4268.254 619.738 81.66700000000037 84.83299999999997
0 4288.754 704.738 79.66700000000037 84.33299999999997
0 4309.754 792.238 78.66700000000037 83.0
0 4330.754 878.238 78.66700000000037 85.5
0 4350.254 965.571 78.66700000000037 87.66700000000003
0 4369.754 1051.571 78.66700000000037 89.66700000000014
0 4389.088 1140.237 78.66700000000037 89.66699999999992
0 4407.088 1230.237 78.66700000000037 93.0
0 4427.088 1318.237 76.0 93.0
0 4443.755 1408.237 73.33299999999963 96.33299999999986
0 4461.755 1498.237 73.33299999999963 96.33299999999986
0 4477.755 1586.903 73.33299999999963 101.0
0 4493.088 1676.236 72.0 101.0
0 4663.088 1640.902 68.66700000000037 97.66699999999992
0 4648.421 1555.569 68.66699999999946 97.66700000000014
0 4633.088 1468.902 68.66700000000037 97.66699999999992
0 4617.755 1383.569 67.33299999999963 93.0
0 4601.088 1296.236 67.33300000000054 93.0
0 4583.755 1210.236 67.33299999999963 91.0
0 4565.755 1123.569 67.33299999999963 91.0
0 4547.088 1040.903 70.0 88.33300000000008
0 4527.088 956.903 72.0 88.33300000000008
0 4506.421 871.57 74.66699999999946 87.0
0 4487.087 789.57 73.33399999999983 84.33299999999997
0 4467.087 706.237 73.33399999999983 84.33300000000008
0 4447.087 625.07 73.33399999999983 83.5
0 4426.42 544.403 73.33399999999983 81.66700000000003
0 4405.753 463.07 73.33400000000074 81.66699999999997
0 4383.086 384.403 76.66699999999946 81.66699999999997
0 4360.753 305.736 76.66700000000037 81.66700000000003
0 4339.42 227.736 76.66700000000037 81.66700000000003
0 4316.42 151.736 76.66700000000037 81.667
0 4294.087 77.069 76.66699999999946 81.66699999999999
0 3833.087 182.072 87.0 81.5
0 4271.587 2.5 76.66699999999946 81.667
0 4555.587 29.5 76.66699999999946 81.667
0 4608.92 38.833 76.66700000000037 81.667
0 4661.92 47.166 74.66700000000037 81.667
0 4632.92 112.499 74.66700000000037 81.667
0 4684.92 120.499 74.66700000000037 81.667
0 4708.253 195.832 74.66700000000037 81.66700000000003
0 4656.253 187.165 74.66700000000037 81.667
0 4678.586 263.832 74.66699999999946 81.66700000000003
0 4730.253 269.832 73.33400000000074 82.334
0 4755.586 348.165 68.66699999999946 80.00099999999998
0 4703.586 341.498 68.66699999999946 80.00100000000003
0 4726.253 420.498 69.33400000000074 79.334
0 4776.586 425.165 69.33399999999983 79.334
0 4797.919 503.498 69.33399999999983 79.334
0 4746.919 497.831 71.0010000000002 82.33399999999995
0 4768.919 577.831 71.0010000000002 82.33399999999995
0 4818.252 581.164 69.0009999999993 81.66700000000003
0 4839.585 659.831 69.0010000000002 81.66700000000003
0 4788.918 658.498 69.0010000000002 81.66699999999992
0 4809.918 740.831 69.0010000000002 81.66700000000003
0 4859.251 740.498 69.0010000000002 81.66699999999992
0 4881.584 823.165 65.0010000000002 81.0
0 4832.251 823.498 65.0010000000002 81.0
0 4852.251 906.831 64.66799999999967 80.5
0 4901.584 906.831 64.66800000000057 80.5
0 4920.584 988.831 64.66800000000057 80.49999999999989
0 4870.917 990.332 64.66799999999967 82.99899999999991
0 4889.584 1073.999 64.66800000000057 81.66599999999994
0 4938.251 1070.666 64.66799999999967 81.66600000000017
0 4955.918 1151.999 64.66800000000057 85.66599999999994
0 4907.251 1155.999 64.66799999999967 85.66599999999994
0 4926.168 1239.749 63.918000000000575 89.66599999999994
0 4972.918 1233.499 63.918000000000575 89.66599999999994
0 4943.003 1323.615 63.33300000000054 90.66699999999992
0 4990.003 1316.282 63.33300000000054 90.66700000000014
0 5006.003 1401.616 62.0 90.66699999999992
0 4959.003 1409.616 62.0 90.66699999999992
0 4975.003 1493.617 62.0 92.66700000000014
0 5024.003 1485.284 59.66700000000037 92.66699999999992
0 5038.003 1568.952 58.66700000000037 92.66699999999992
0 4992.003 1579.285 58.66700000000037 92.66699999999992
0 4943.67 1590.285 61.0 94.0
0 4927.67 1503.784 61.0 94.0
0 4911.17 1416.283 63.75 94.0
0 4895.67 1331.115 63.75 91.66699999999992
0 4877.337 1245.448 63.75 90.0
0 4859.67 1158.78 63.75 90.0
0 4839.337 1074.446 66.41699999999946 87.33300000000008
0 4821.004 989.445 66.41700000000037 87.33299999999997
0 4801.671 907.443 66.41699999999946 83.66700000000003
0 4781.671 823.442 66.41699999999946 82.66700000000003
0 4760.671 738.941 68.41699999999946 82.66699999999992
0 4740.171 655.94 68.41699999999946 82.66699999999992
0 4717.171 574.439 70.41699999999946 81.66700000000003
0 4695.671 492.938 70.41699999999946 81.66700000000003
0 4673.671 412.437 70.41699999999946 81.66699999999997
0 4651.171 335.436 70.41699999999946 81.41700000000003
0 4627.671 256.435 70.41699999999946 81.41699999999997
0 4604.171 179.434 71.91699999999946 81.417
0 4579.171 104.933 74.91699999999946 81.41699999999999
0 4714.338 56.265 70.75 80.58399999999999
0 4803.92 351.5 69.33399999999983 83.334
0 4824.92 429.167 69.33399999999983 83.334
0 4845.92 507.168 68.0010000000002 80.66700000000003
0 4866.92 585.17 68.0010000000002 80.66700000000003
0 4889.587 663.505 65.33399999999983 81.0
0 4910.254 744.839 65.33399999999983 81.0
0 4929.588 823.84 65.33399999999983 81.0
0 4947.588 905.339 64.66700000000037 80.00199999999995
0 4966.255 986.007 64.66699999999946 82.33500000000015
0 4985.255 1066.675 62.33399999999983 83.66800000000012
0 5002.255 1147.01 62.33399999999983 85.00099999999998
0 5019.922 1230.678 61.001000000000204 86.00099999999998
0 5037.255 1312.679 60.001000000000204 87.00099999999998
0 5052.922 1395.347 57.66700000000037 87.00099999999998
0 5068.922 1477.681 57.66700000000037 90.66799999999989
0 5083.255 1558.015 57.33399999999983 93.66799999999989
0 4759.586 202.498 69.33399999999983 80.834
0 4737.086 129.497 69.33399999999983 80.83399999999997
0 5046.507 104.765 64.0 80.83399999999999
0 5088.257 115.515 62.5 80.83399999999999
0 5110.257 186.016 62.5 80.83400000000003
0 5070.757 175.516 62.5 80.83400000000003
0 5091.257 249.017 62.5 80.834
0 5133.257 258.517 60.0 81.334
0 5113.757 323.018 62.5 80.834
0 5137.257 398.519 61.0 81.334
0 5158.757 473.02 59.5 82.33400000000006
0 5178.757 549.521 59.5 82.33400000000006
0 5200.757 629.522 58.0 78.33399999999995
0 5219.757 706.023 56.0 81.33399999999995
0 5240.257 783.524 56.0 81.33399999999995
0 5258.257 862.025 56.0 81.33400000000006
0 5277.257 943.526 54.0 81.83399999999995
0 5294.757 1022.527 54.0 81.83400000000006
0 5311.757 1102.613 54.0 82.74900000000002
0 5327.757 1184.114 54.0 84.74900000000002
0 5343.757 1263.615 52.0 84.74900000000002
0 5359.757 1345.616 49.0 84.74900000000002
0 5373.257 1427.617 49.5 84.74900000000002
0 5386.757 1507.618 49.5 86.74900000000002
0 5408.757 1419.617 49.5 86.74900000000002
0 5395.757 1340.116 48.5 84.74900000000002
0 5381.757 1260.615 48.5 84.74900000000002
0 5415.257 1255.615 48.5 84.74900000000002
0 5307.256 1269.615 50.0 84.74900000000002
0 5366.257 1179.614 48.5 84.74900000000002
0 5349.757 1103.113 51.0 81.24900000000002
0 5333.257 1025.112 51.0 77.74900000000002
0 5315.257 946.111 51.0 77.74900000000002
0 5298.757 866.61 51.0 77.74900000000002
0 5280.257 786.024 51.0 78.83399999999995
0 5259.257 709.523 54.5 80.83399999999995
0 5239.757 631.022 54.5 80.83399999999995
0 5219.257 555.521 56.5 80.83400000000006
0 5198.257 481.02 56.5 80.83400000000006
0 5176.757 405.019 57.0 80.334
0 5156.257 330.518 57.0 81.834
0 5194.757 340.018 57.5 80.334
0 5173.757 267.517 57.5 80.334
0 5151.257 196.516 57.5 80.33400000000003
0 5129.757 126.515 57.5 80.33399999999999
0 5215.424 412.352 57.5 80.334
0 5235.424 487.019 57.5 80.33399999999995
0 5256.091 560.686 55.5 80.33399999999995
0 5275.425 636.02 55.5 80.33400000000006
0 5295.092 714.021 55.5 80.33400000000006
0 5313.092 788.688 53.5 78.00099999999998
0 5333.425 870.021 51.16699999999946 74.668
0 5351.425 946.688 51.16699999999946 75.168
0 5367.092 1025.274 51.16700000000037 75.91600000000017
0 5384.092 1102.941 51.16700000000037 75.91599999999994
0 5398.759 1179.608 51.16700000000037 78.91599999999994
0 5290.425 1188.275 52.16699999999946 83.58299999999986
0 5273.758 1105.941 52.5 81.91599999999994
0 5257.425 1023.607 52.5 81.91599999999994
0 5238.758 943.273 53.83300000000054 80.082
0 5220.424 863.353 53.83299999999963 79.00100000000009
0 5200.757 783.685 56.5 80.00100000000009
0 5181.09 704.017 56.5 80.00099999999998
0 5161.09 623.349 56.5 80.00099999999998
0 5140.09 543.848 58.75 82.75100000000009
0 5118.756 467.181 60.08299999999963 81.75100000000003
0 5097.089 390.514 60.08299999999963 81.75099999999998
0 5075.089 314.513 60.08299999999963 81.75100000000003
0 5052.089 239.512 60.08299999999963 81.75099999999998
0 5029.089 167.011 62.58299999999963 80.751
0 5005.089 93.51 62.58299999999963 80.75099999999999
0 4980.589 22.759 64.83299999999963 80.251
0 5022.589 33.759 64.83299999999963 80.251
0 5066.839 46.009 62.08299999999963 80.501
0 5107.839 57.759 57.33299999999963 77.75099999999999
0 5365.759 94.515 57.5 78.00099999999999
0 5377.759 33.848 57.5 78.001
0 5401.759 104.515 57.5 78.00099999999999
0 5342.425 24.848 57.5 78.001
0 5413.759 44.848 57.5 78.001
0 5388.759 162.516 57.5 78.001
0 5411.259 233.517 57.5 78.00099999999998
0 5422.5 1499.618 49.5 86.74900000000002
0 5349.999 1517.618 49.5 86.74900000000002
0 5335.999 1434.617 49.5 86.74900000000002
0 5321.499 1352.116 49.5 86.74900000000002
0 4782.586 277.499 69.33399999999983 83.334
