0 12.355 44.47 79.75 77.75
0 84.605 37.97 80.99999999999999 76.25
0 159.605 30.72 82.0 75.25
0 234.605 24.47 81.00000000000003 75.75
0 227.855 92.22 81.00000000000003 78.25
0 151.855 99.72 82.75 77.5
0 77.105 107.97 79.99999999999999 78.25
0 3.605 113.97 79.5 79.0
0 67.855 179.47 81.49999999999999 78.50000000000003
0 145.855 171.22 81.75 79.5
0 221.605 164.47 80.00000000000003 79.0
0 215.855 238.22 80.50000000000003 78.25000000000003
0 138.855 243.72 82.25 80.75000000000003
0 62.105 252.22 81.75 80.50000000000003
0 55.855 326.22 80.5 81.25
0 132.855 318.72 80.75 80.0
0 208.855 311.97 80.75000000000003 79.75
0 203.855 386.47 81.75000000000003 82.0
0 127.105 391.97 80.99999999999999 84.25
0 49.855 400.72 80.5 83.25
0 0 408.72 54.855 80.75
0 43.355 476.47 81.5 84.75
0 121.355 469.97 81.24999999999999 82.5
0 199.355 462.97 80.25000000000003 83.5
0 194.605 540.22 81.00000000000003 83.25
0 117.105 547.47 79.99999999999999 85.25
0 38.605 555.97 80.5 83.25
0 33.855 632.97 80.0 87.25
0 112.605 624.47 81.99999999999999 86.25
0 190.855 617.97 81.00000000000003 85.5
0 187.355 698.97 80.50000000000003 85.25
0 109.855 704.72 80.74999999999999 87.25
0 30.105 712.22 80.0 88.25
0 26.605 794.72 80.75 88.25
0 106.855 784.97 79.99999999999999 89.0
0 185.105 778.97 80.25000000000003 88.0
0 184.355 860.22 78.75000000000003 89.0
0 104.855 867.22 80.24999999999999 90.25
0 24.355 873.97 79.0 91.75
0 22.605 958.72 79.75 90.0
0 102.105 948.22 80.99999999999999 93.25
0 181.605 943.97 80.75000000000003 90.0
0 181.855 1026.72 79.75000000000003 91.0
0 102.105 1033.72 79.99999999999999 91.25
0 21.105 1041.97 80.0 91.5
0 20.855 1127.72 78.5 93.0
0 100.605 1118.47 80.49999999999999 92.0
0 180.855 1112.72 80.25000000000003 90.0
0 180.605 1197.47 81.50000000000003 92.25
0 100.605 1205.22 80.74999999999999 93.5
0 21.105 1211.97 79.0 93.0
0 21.605 1298.47 80.25 94.0
0 101.605 1290.47 81.99999999999999 93.5
0 181.605 1283.47 81.75000000000003 92.0
0 183.105 1370.47 82.75000000000003 93.0
0 102.605 1375.97 82.99999999999999 95.5
0 23.355 1385.97 80.0 92.75
0 381.153 63.069 87.0 80.33299999999998
0 461.82 56.402 87.33300000000003 80.99999999999999
0 545.487 50.402 86.33300000000008 80.33399999999999
0 626.153 48.069 86.66700000000003 77.0
0 622.819 124.069 86.66700000000003 76.99999999999999
0 375.487 139.402 85.0 80.0
0 457.487 133.735 84.99999999999994 80.0
0 540.487 127.402 85.0 79.99999999999999
0 370.486 215.402 86.0 83.0
0 451.819 210.402 86.66699999999997 80.66700000000003
0 535.152 203.735 86.66699999999992 80.66699999999997
0 618.819 198.735 86.66700000000003 80.66699999999997
0 364.486 293.069 86.0 83.0
0 446.153 286.736 86.0 83.0
0 530.486 280.069 86.0 83.0
0 613.486 274.069 86.0 83.0
0 358.986 372.736 86.83300000000003 84.75
0 441.319 365.403 86.83300000000003 84.75
0 525.652 358.403 86.83299999999997 84.75
0 610.319 353.403 85.83300000000008 84.08299999999997
0 355.32 452.069 85.166 87.74999999999994
0 437.987 445.402 85.166 87.75000000000006
0 522.654 437.402 87.49900000000002 86.41699999999997
0 606.654 431.735 87.49900000000002 86.41700000000003
0 351.32 534.736 85.166 87.75
0 435.32 527.069 85.166 87.75
0 519.987 519.402 86.83300000000008 87.75
0 604.654 513.402 86.16600000000005 87.75
0 348.32 617.736 85.166 87.75
0 431.987 610.403 85.166 89.08299999999997
0 518.32 602.403 85.16599999999994 89.08299999999997
0 602.987 596.07 85.16600000000005 89.08299999999997
0 601.654 680.403 85.16600000000005 89.08299999999997
0 516.321 686.403 85.16599999999994 89.08299999999997
0 429.987 694.403 85.83300000000003 90.08299999999997
0 346.654 700.736 82.83300000000003 91.75
0 343.987 784.736 84.83299999999997 92.75
0 426.653 778.402 87.5 93.41699999999992
0 512.653 769.735 87.5 93.41700000000003
0 600.32 763.735 85.5 92.08399999999995
0 343.654 871.403 83.832 94.75
0 426.82 864.736 85.99899999999997 93.75
0 514.153 856.736 85.99900000000002 93.75
0 601.486 849.069 85.99900000000002 93.75
0 342.987 960.07 83.832 94.74999999999989
0 427.32 953.07 83.832 94.74999999999989
0 513.32 944.737 88.49899999999991 94.08299999999997
0 600.987 937.737 86.832 93.75000000000011
0 601.487 1026.404 87.99900000000002 95.08300000000008
0 514.154 1032.071 87.99900000000002 95.08300000000008
0 426.654 1040.738 88.49900000000002 95.41599999999994
0 341.487 1049.071 85.66699999999997 95.41600000000017
0 341.82 1139.071 87.33300000000003 95.41600000000017
0 428.153 1131.404 87.33299999999997 95.41599999999994
0 515.153 1122.737 89.66599999999994 95.41599999999994
0 603.486 1114.737 87.66600000000005 97.08299999999986
0 605.486 1205.07 89.66600000000005 97.08300000000008
0 518.153 1213.737 89.66599999999994 97.08299999999986
0 343.82 1230.071 87.33300000000003 97.08300000000008
0 430.153 1221.738 87.33299999999997 97.08299999999986
0 346.153 1320.404 87.33299999999997 97.08300000000008
0 432.486 1311.737 89.33299999999997 97.75
0 521.153 1303.07 89.33299999999997 97.75
0 608.82 1295.403 89.33299999999997 97.75
0 897.879 329.148 90.5 86.5
0 988.546 323.815 90.5 86.5
0 989.879 243.148 90.49999999999989 86.50000000000003
0 899.212 245.815 90.5 86.5
0 900.545 162.482 90.5 86.5
0 990.545 159.815 90.50000000000011 86.5
0 897.212 414.482 90.5 86.5
0 987.212 407.149 90.5 86.5
0 896.545 499.149 90.5 86.5
0 989.878 494.482 90.49999999999989 86.49999999999994
0 897.878 585.149 89.91599999999994 91.16700000000003
0 989.211 579.816 89.91599999999994 91.16699999999992
0 992.544 666.483 89.91600000000005 91.16700000000003
0 897.877 673.15 89.91600000000005 91.16700000000003
0 898.043 761.15 91.08299999999997 93.16700000000003
0 994.043 756.483 91.08299999999997 93.16700000000003
0 996.043 846.483 91.08299999999997 93.16700000000003
0 901.376 851.816 91.08299999999997 93.16699999999992
0 904.043 943.816 91.08299999999997 93.16699999999992
0 1000.043 938.483 91.08299999999997 93.16700000000014
0 908.879 1128.481 96.0 101.33400000000006
0 904.879 1033.814 96.0 101.33399999999983
0 999.546 1027.814 96.0 101.33399999999983
0 1005.546 1120.481 96.0 101.33400000000006
0 1010.879 1215.814 95.99999999999989 101.33399999999983
0 914.879 1223.814 96.0 101.33399999999983
0 1098.212 1112.481 96.0 100.66699999999992
0 1104.879 1207.148 96.0 100.66700000000014
0 1092.879 1019.815 96.0 100.66699999999992
0 1088.212 928.482 96.0 98.0
0 1085.545 836.482 96.0 98.0
0 1082.878 746.482 96.0 98.0
0 1082.878 661.148 93.33300000000008 92.66700000000003
0 1081.545 571.815 90.33299999999986 92.66699999999992
0 1080.045 486.815 90.83299999999986 91.16699999999997
0 1079.045 400.482 90.83299999999986 91.16699999999997
0 1079.045 320.148 89.83299999999986 87.834
0 1079.712 237.482 88.66699999999992 85.83399999999997
0 1081.045 156.815 88.66699999999992 85.834
0 1082.711 78.148 87.83300000000008 84.501
0 995.378 80.815 87.83299999999997 84.501
0 995.378 6.148 88.33399999999995 81.168
0 1082.045 1.481 88.33399999999983 81.168
0 907.378 10.148 88.33399999999995 81.168
0 820.045 14.148 88.33400000000006 81.168
0 816.712 91.481 88.33400000000006 81.168
0 903.379 89.481 88.33399999999995 81.168
0 810.546 248.981 90.0 90.66700000000003
0 813.879 169.648 89.33299999999997 86.667
0 808.546 330.981 90.0 90.66700000000003
0 807.879 416.314 90.0 90.66699999999997
0 805.879 502.981 90.0 90.66700000000003
0 806.546 588.981 90.0 90.66700000000003
0 807.879 679.647 89.33399999999995 91.33399999999995
0 808.546 768.314 89.33399999999995 91.33400000000006
0 809.879 858.314 90.00099999999998 94.00100000000009
0 811.879 951.647 90.00099999999998 94.00099999999986
0 814.545 1042.314 92.668 99.33399999999983
0 817.878 1135.647 92.668 99.33400000000006
0 822.545 1232.314 94.668 100.66699999999992
0 21.855 0 75.0 52.72
0 91.605 0 77.99999999999999 44.72
0 166.855 0 78.0 36.22
0 242.605 0 75.00000000000003 28.47
0 0 187.47 75.605 78.00000000000003
0 0 259.72 68.605 79.25
0 0 334.47 60.355 78.5
0 0 485.97 48.605 79.0
0 0 563.22 43.105 80.75
0 0 641.47 37.605 81.75
0 0 720.97 33.105 82.0
0 0 801.97 29.605 83.25
0 0 884.22 25.355 84.0
0 0 966.97 23.105 83.5
0 0 1050.72 21.355 85.25
0 0 1135.72 21.355 84.75
0 0 1220.22 20.605 87.5
0 0 1307.22 21.605 86.0
0 0 1392.97 24.105 88.75
0 388.487 0 86.33299999999997 67.736
0 469.487 0 84.33300000000003 62.069
0 550.153 0 86.33399999999995 55.069
0 632.487 0 84.0 51.069
0 822.546 0 87.33299999999997 16.315
0 909.213 0 87.0 11.981
0 999.213 0 85.66599999999994 7.981
0 1085.213 0 86.33300000000008 6.981
