0 3617.233 855.981 111.0 106.0
0 3715.233 857.981 111.0 106.0
0 3523.233 859.981 111.0 106.0
0 3603.233 958.981 111.0 106.0
0 3506.233 960.981 111.0 106.0
0 3698.233 953.981 111.0 106.0
0 3821.233 755.981 108.0 103.0
0 3793.233 956.981 108.0 103.0
0 3809.233 856.981 108.0 103.0
0 3731.233 756.981 108.0 103.0
0 3631.233 755.981 108.0 103.0
0 3535.233 756.981 108.0 103.0
0 3886.233 954.981 108.0 103.0
0 3901.233 855.981 108.0 103.0
0 3914.233 756.981 108.0 103.0
0 3587.233 1060.981 112.0 96.0
0 3491.233 1062.981 112.0 96.0
0 3682.233 1059.981 112.0 96.0
0 3775.233 1057.981 112.0 96.0
0 3870.233 1055.981 108.0 99.0
0 3566.452 352.153 104.0 101.0
0 3657.952 353.653 104.0 101.0
0 3472.452 352.653 104.0 101.0
0 3749.952 352.653 104.0 101.0
0 3378.452 352.653 104.0 101.0
0 3577.452 249.153 104.0 101.00000000000003
0 3483.452 246.153 104.0 101.00000000000003
0 3388.452 246.653 104.0 101.00000000000003
0 3669.452 248.153 104.0 101.00000000000003
0 3553.952 452.153 104.0 101.0
0 3460.952 452.653 104.0 101.0
0 3367.452 454.653 104.0 101.0
0 3646.952 453.153 104.0 101.0
0 3738.452 451.653 104.0 101.0
0 3589.952 144.653 99.0 102.0
0 3494.952 145.653 99.0 102.0
0 3397.952 143.653 99.0 102.0
0 3682.952 147.653 99.0 102.0
0 3773.452 150.153 99.0 102.0
0 3762.952 251.653 99.0 102.00000000000003
0 3853.952 251.653 98.5 104.00000000000003
0 3863.952 153.153 98.5 104.00000000000003
0 3941.952 255.153 98.5 104.00000000000003
0 3952.952 153.653 98.5 104.00000000000003
0 3842.452 351.153 98.5 104.0
0 3928.952 355.653 99.5 102.0
0 3829.452 454.153 98.5 99.5
0 3915.952 456.653 98.5 99.5
0 4040.586 158.088 15.414000000000215 100.00000000000003
0 4027.919 257.421 28.08100000000013 99.33300000000003
0 4015.253 358.754 40.746999999999844 100.0
0 4002.586 456.088 53.414000000000215 98.666
0 4008.419 756.754 47.58100000000013 101.5
0 3992.419 857.254 63.58100000000013 101.5
0 3975.919 956.754 80.08100000000013 98.99999999999989
0 3961.919 1053.754 94.08100000000013 97.5
0 4048.919 1105.421 7.081000000000131 44.332999999999856
