0 1.025 639.828 172.0 93.0
0 3.025 728.828 174.334 94.0
0 5.692 818.495 176.667 92.66700000000003
0 11.025 909.162 175.0 92.33299999999997
0 15.359 997.162 176.666 93.33299999999986
0 163.525 275.328 171.33399999999997 93.334
0 336.525 267.661 171.66700000000003 92.00099999999998
0 164.192 362.995 173.00099999999998 94.334
0 338.525 356.327 173.66700000000003 92.00099999999998
0 165.859 452.662 173.001 94.334
0 340.525 446.994 175.0 91.00099999999998
0 169.526 541.995 173.668 94.00099999999998
0 173.193 632.662 173.66799999999998 92.00099999999998
0 177.193 720.662 176.001 93.00099999999998
0 353.86 715.329 178.668 92.00100000000009
0 180.526 811.329 178.668 93.33400000000006
0 359.86 804.663 178.668 92.00099999999998
0 187.193 900.329 176.335 93.0
0 363.527 894.997 180.00100000000003 91.66700000000003
0 190.86 990.329 179.002 92.66599999999994
0 370.527 984.331 179.00100000000003 90.99999999999989
0 345.858 535.66 175.334 92.00099999999998
0 1444.286 265.265 184.33399999999983 103.66700000000003
0 1624.453 251.265 183.66699999999992 103.334
0 1799.786 237.932 182.33399999999983 102.667
0 1455.953 358.932 186.33400000000006 104.334
0 1635.953 342.932 183.66699999999992 105.66699999999997
0 1810.453 328.265 182.33400000000006 104.0
0 1467.953 451.599 186.33400000000006 104.334
0 1646.62 435.599 183.66700000000014 104.334
0 1823.12 420.598 178.0010000000002 104.66699999999997
0 1480.62 543.933 184.0010000000002 104.66700000000003
0 1659.287 527.599 183.66699999999992 104.33399999999995
0 1834.12 511.931 178.0010000000002 104.66699999999997
0 1493.62 636.266 185.0010000000002 104.66700000000003
0 1670.287 620.266 182.66699999999992 104.33400000000006
0 1506.287 729.266 185.00099999999998 105.0
0 1682.953 713.599 180.66699999999992 104.33399999999995
0 1857.286 695.599 178.00099999999998 105.66699999999992
0 1519.287 820.599 185.00099999999998 105.0
0 1696.286 803.932 180.66699999999992 106.33399999999995
0 1868.286 785.932 178.00099999999998 106.66700000000003
0 1531.287 913.266 185.00099999999998 103.33300000000008
0 1707.286 895.599 180.33399999999983 104.66699999999992
0 1880.619 877.599 175.00099999999998 105.0
0 1545.953 1003.933 181.66800000000012 103.33300000000008
0 1720.619 985.933 177.00099999999998 103.0
0 1890.952 966.599 174.33400000000006 104.66700000000003
0 2783.655 988.899 100.0 151.9999999999999
0 2864.988 988.899 100.0 151.9999999999999
0 2945.655 988.566 102.0 151.66699999999992
0 3027.655 988.566 102.0 151.66699999999992
0 3108.655 988.566 104.66699999999992 152.33400000000006
0 3187.988 988.233 108.66700000000037 152.66700000000014
0 3267.988 988.566 107.66700000000037 151.66699999999992
0 3361.988 989.899 109.66700000000037 150.9999999999999
0 3439.988 990.232 109.0 151.0
0 3535.321 992.232 109.0 151.0
0 3612.654 992.565 109.0 151.0
0 3688.987 994.232 110.66699999999992 149.0
0 3765.654 996.232 108.66699999999992 148.66699999999992
0 3838.988 997.565 111.0 148.33399999999983
0 3913.321 999.231 109.0 147.00099999999998
0 2773.988 1240.899 100.33300000000008 146.0
0 2855.988 1240.232 100.33300000000008 146.0
0 2936.321 1239.899 103.0 145.66700000000014
0 3019.321 1239.899 103.0 145.66700000000014
0 3098.987 1239.566 105.66699999999992 145.66699999999992
0 3178.653 1240.566 107.33400000000029 145.33400000000006
0 3257.986 1241.233 107.0010000000002 145.00099999999998
0 3351.986 1240.9 107.0010000000002 145.00099999999998
0 3429.652 1240.567 108.66800000000012 145.6679999999999
0 3521.652 1241.234 110.33500000000004 145.66800000000012
0 3599.652 1241.567 110.33500000000004 145.6679999999999
0 3675.652 1241.9 110.33500000000004 144.6679999999999
0 3751.319 1243.233 109.66800000000012 143.66700000000014
0 3827.319 1243.233 109.66800000000012 143.66700000000014
0 3899.319 1244.566 107.66800000000012 143.33400000000006
0 2764.321 1484.899 97.33400000000029 137.33400000000006
0 2845.988 1485.232 97.33400000000029 137.33400000000006
0 2925.322 1485.232 100.66699999999992 137.33400000000006
0 3006.655 1484.565 100.66699999999992 138.00099999999998
0 3104.655 1484.232 102.0 138.66699999999992
0 3183.988 1483.565 103.66700000000037 139.33399999999983
0 3273.988 1483.232 106.66700000000037 139.66699999999992
0 3352.322 1483.899 108.0 138.33400000000006
0 3429.322 1483.566 110.33300000000008 138.6679999999999
0 3507.655 1483.566 111.33299999999963 138.6679999999999
0 3583.988 1483.567 111.33300000000008 138.33300000000008
0 3661.655 1483.234 110.0 138.33400000000006
0 3736.655 1483.234 108.66699999999992 138.0
0 3823.322 1483.234 112.0 137.66800000000012
0 3894.988 1483.567 109.0 137.33500000000004
0 0 1968.862 108.547 124.33399999999983
0 30.713 2194.196 109.667 119.66600000000017
0 0 2406.529 105.713 114.33300000000008
0 83.333 2410.196 105.713 114.33300000000008
0 152.667 2410.529 109.04600000000002 116.0
0 225.667 2412.862 107.04600000000002 116.0
0 298.334 2416.195 107.04599999999999 116.0
0 372.334 2418.195 106.04599999999999 114.66699999999992
0 446.334 2419.528 106.71300000000002 115.66700000000037
0 521.667 2420.528 105.04599999999994 116.0
0 25.38 2616.362 106.0 109.33399999999983
0 93.047 2619.362 106.0 109.33399999999983
0 177.714 2624.029 106.66699999999997 108.33399999999983
0 248.381 2626.362 106.667 108.33399999999983
0 333.714 2630.362 105.334 108.33399999999983
0 406.047 2632.029 104.00099999999998 109.0010000000002
0 479.047 2634.029 104.00099999999998 109.0010000000002
0 553.047 2636.029 102.668 109.0010000000002
0 627.047 2637.362 102.668 109.00099999999975
0 704.047 2638.362 99.33499999999992 109.66800000000012
0 779.047 2640.029 99.33499999999992 109.66800000000012
0 0.213 2817.362 105.334 101.33399999999983
0 65.88 2819.695 108.334 103.66699999999992
0 135.879 2825.361 105.334 101.33400000000029
0 204.879 2829.028 105.001 102.33400000000029
0 273.879 2832.361 105.00099999999998 102.33400000000029
0 343.546 2836.361 104.66700000000003 102.33400000000029
0 428.213 2840.694 102.66699999999997 103.0010000000002
0 498.88 2843.694 101.66700000000003 103.0010000000002
0 586.547 2847.361 99.66700000000003 103.0010000000002
0 659.547 2849.694 99.66700000000003 103.0010000000002
0 733.214 2852.027 97.0 102.00099999999975
0 806.547 2853.693 99.0 102.66699999999992
0 881.214 2856.026 97.33399999999995 102.0010000000002
0 957.547 2857.693 93.33400000000006 101.66799999999967
0 1032.547 2858.026 92.00099999999998 102.0010000000002
0 2121.172 2851.321 77.33300000000008 103.33300000000008
0 2196.172 2851.988 78.66600000000017 103.33300000000008
0 2272.172 2850.655 78.33300000000008 104.66599999999971
0 2345.672 2850.655 81.33300000000008 105.5
0 2433.922 2850.655 84.08300000000008 104.66599999999971
0 2509.172 2850.405 84.08300000000008 103.16599999999971
0 2595.172 2849.905 86.08300000000008 104.41599999999971
0 2668.922 2850.155 88.08300000000008 103.41599999999971
0 2742.422 2849.155 90.33300000000008 103.41599999999971
0 2817.922 2847.405 90.33300000000008 103.41599999999971
0 2891.922 2846.655 91.33300000000008 103.41599999999971
0 2964.672 2845.405 94.58300000000008 103.66599999999971
0 3038.422 2844.155 94.58300000000008 102.16599999999971
0 3123.672 2841.405 96.83300000000008 102.91599999999971
0 3195.172 2838.405 97.58300000000008 102.66599999999971
0 3267.838 2626.405 98.25 110.66599999999971
0 3282.422 2834.155 98.33300000000008 103.41599999999971
0 3352.922 2831.655 99.83300000000008 103.66599999999971
0 3422.922 2828.655 102.33300000000008 103.66599999999971
0 3492.922 2824.905 102.83300000000008 103.41599999999971
0 3562.672 2821.655 103.58300000000008 101.91599999999971
0 3631.672 2816.905 102.33300000000008 102.66599999999971
0 3698.422 2812.655 103.58300000000008 102.91599999999971
0 3778.672 2806.905 104.33300000000008 102.91599999999971
0 3843.672 2802.405 104.33300000000008 102.66599999999971
0 3924.172 2796.405 104.83300000000008 101.66599999999971
0 1543.628 2636.371 81.66600000000017 109.0
0 1621.295 2636.038 80.99900000000002 110.33300000000008
0 1698.295 2635.705 78.99900000000002 111.66600000000017
0 1775.962 2636.038 78.66599999999994 110.33300000000008
0 1852.629 2635.705 76.99900000000002 110.66600000000017
0 1929.962 2635.038 76.99900000000002 110.66600000000017
0 2006.962 2634.705 74.66699999999992 111.66600000000017
0 2094.962 2634.705 76.66699999999992 111.33300000000008
0 2171.295 2635.705 76.66699999999992 110.33199999999988
0 2259.961 2635.038 81.33400000000029 110.0
0 2335.961 2635.705 81.33400000000029 109.66499999999996
0 2412.961 2635.038 81.33400000000029 109.66499999999996
0 2487.628 2635.038 83.66699999999992 110.0
0 2562.628 2635.705 85.0 109.33100000000013
0 2638.628 2634.705 86.66699999999992 109.66600000000017
0 2714.294 2634.704 88.66699999999992 109.66699999999992
0 2803.961 2633.371 90.66700000000037 110.66499999999996
0 2878.294 2633.371 93.66699999999992 108.99800000000005
0 2971.627 2632.371 93.66699999999992 108.99800000000005
0 3045.627 2631.704 96.33399999999983 108.99800000000005
0 3118.627 2630.704 99.33399999999983 108.99800000000005
0 3193.294 2629.371 99.33400000000029 108.99800000000005
0 3339.505 2624.738 101.25 110.66600000000017
0 3411.505 2623.071 101.25 110.66600000000017
0 3497.505 2620.404 103.25 107.9989999999998
0 3567.839 2617.071 102.25 107.99900000000025
0 3651.506 2612.071 103.25 109.99900000000025
0 3720.506 2610.071 103.91699999999992 107.66600000000017
0 3790.506 2605.738 103.91699999999992 107.66600000000017
0 3856.172 2601.738 106.58399999999983 108.66600000000017
0 3922.172 2597.072 108.25099999999975 108.33199999999988
0 2815.128 2421.038 92.66699999999992 114.16699999999992
0 1290.004 2421.368 87.66700000000014 115.0
0 1369.004 2421.701 87.66700000000014 115.0
0 1446.337 2421.034 86.0 116.0
0 1524.671 2420.701 84.66699999999992 116.66699999999992
0 1603.338 2420.034 82.0 116.66699999999992
0 1682.005 2419.701 80.0 116.33399999999983
0 1760.005 2419.034 78.66699999999992 116.66599999999971
0 1853.338 2418.034 76.66700000000014 117.66599999999971
0 1931.338 2418.034 75.0 117.9989999999998
0 2024.671 2418.367 74.99999999999977 117.9989999999998
0 2100.673 2418.367 76.66500000000042 117.33199999999988
0 2177.34 2418.034 77.99800000000005 117.9989999999998
0 2254.34 2418.034 79.66499999999996 118.33199999999988
0 2331.007 2418.367 80.99800000000005 117.9989999999998
0 2407.34 2419.7 82.66499999999996 117.99900000000025
0 2484.34 2420.7 84.33199999999988 117.33200000000033
0 2573.34 2420.7 85.99800000000005 115.99900000000025
0 2650.34 2420.7 86.99800000000005 116.33200000000033
0 2740.006 2421.033 88.66499999999996 115.33400000000029
0 2891.794 2419.705 93.33400000000029 116.16499999999996
0 2968.127 2419.038 95.0010000000002 116.49800000000005
0 3043.794 2418.705 96.33400000000029 116.16499999999996
0 3119.46 2417.705 99.00099999999975 115.49800000000005
0 3194.793 2416.371 98.00099999999975 116.16499999999996
0 3283.793 2414.704 101.00099999999975 115.49800000000005
0 3358.126 2413.704 101.00099999999975 115.49800000000005
0 3444.793 2412.704 106.00099999999975 114.49800000000005
0 3519.127 2411.037 106.33399999999983 113.49800000000005
0 3592.127 2409.704 106.33399999999983 113.49800000000005
0 3663.127 2405.704 106.66699999999992 115.16499999999996
0 3733.127 2403.704 109.33399999999983 113.49800000000005
0 3802.127 2400.37 109.66699999999992 114.16499999999996
0 3871.127 2397.703 109.66699999999992 114.16499999999996
0 2737.839 2194.033 88.66499999999996 122.49900000000025
0 1032.585 2196.304 92.66699999999992 121.33300000000008
0 1111.085 2196.804 92.66699999999992 121.33300000000008
0 1189.752 2194.803 92.0 122.66699999999992
0 1269.752 2194.803 90.0 122.66699999999992
0 1362.752 2194.136 87.33300000000008 122.33500000000004
0 1441.752 2191.803 86.0 123.33500000000004
0 1537.752 2191.47 83.0 124.33500000000004
0 1616.419 2190.137 83.0 125.33500000000004
0 1696.752 2189.47 79.0 124.33500000000004
0 1774.085 2188.47 79.0 124.33500000000004
0 1853.752 2188.803 77.33300000000008 123.33500000000004
0 1931.752 2187.803 76.0 124.66800000000012
0 2010.085 2187.803 76.0 124.66800000000012
0 2102.085 2187.803 77.0 123.66600000000017
0 2179.752 2187.803 77.0 123.66600000000017
0 2271.419 2188.803 80.33300000000008 123.66600000000017
0 2350.419 2189.803 80.33300000000008 123.66600000000017
0 2426.752 2190.47 83.0 123.66600000000017
0 2504.419 2191.47 85.0 122.99900000000025
0 2583.086 2192.47 85.0 122.99900000000025
0 2659.753 2193.47 88.33299999999963 122.33200000000033
0 2829.753 2194.137 92.0 122.00199999999995
0 2907.087 2194.137 95.0 121.9989999999998
0 2999.087 2192.47 99.0 122.33200000000033
0 3076.753 2192.803 99.66699999999992 122.00199999999995
0 3154.087 2192.136 99.0 122.00199999999995
0 3229.42 2191.136 104.0 122.00199999999995
0 3305.087 2191.136 104.0 121.00199999999995
0 3381.754 2189.803 104.0 121.00199999999995
0 3457.087 2187.47 104.0 122.00200000000041
0 3546.087 2185.47 107.0 122.33500000000004
0 3618.753 2183.136 106.66699999999992 122.33500000000004
0 3708.753 2180.469 107.66699999999992 121.00199999999995
0 3780.753 2178.802 107.66699999999992 121.00199999999995
0 3850.42 2176.135 110.33399999999983 121.00199999999995
0 3920.086 2174.468 107.33400000000029 119.33500000000004
0 2500.42 1959.471 84.66599999999971 128.33100000000013
0 768.116 1968.039 99.33299999999997 127.66599999999994
0 847.783 1967.372 99.33299999999997 127.66599999999994
0 928.45 1968.372 97.66599999999994 127.66599999999994
0 1008.783 1966.372 97.66600000000005 128.66599999999994
0 1088.783 1966.372 97.66600000000017 128.33299999999986
0 1170.783 1965.705 93.99900000000002 128.33300000000008
0 1252.45 1965.038 91.33199999999988 128.0
0 1349.783 1963.371 88.66600000000017 128.33300000000008
0 1429.116 1963.038 88.66599999999994 128.33300000000008
0 1526.116 1961.705 83.99900000000002 128.0
0 1606.116 1960.372 82.99900000000002 127.99999999999977
0 1686.782 1959.705 80.66600000000017 128.0
0 1765.782 1958.705 79.33300000000008 128.0
0 1844.449 1957.705 79.33299999999986 128.0
0 1924.116 1957.705 78.0 127.33300000000008
0 2000.783 1957.705 77.66600000000017 127.33300000000008
0 2096.116 1957.705 77.66600000000017 127.33300000000008
0 2173.783 1958.038 77.66600000000017 127.66499999999996
0 2265.783 1958.371 80.33300000000008 127.66499999999996
0 2343.783 1958.371 80.33300000000008 127.66699999999992
0 2421.783 1959.038 83.66600000000017 127.66499999999996
0 2579.753 1961.138 84.66599999999971 128.33100000000013
0 2657.086 1961.805 89.66600000000017 128.3309999999999
0 2736.086 1963.138 90.99900000000025 126.99800000000005
0 2830.753 1963.138 93.33199999999988 127.66800000000012
0 2908.42 1963.138 96.66499999999996 127.99800000000005
0 3002.753 1963.471 99.66499999999996 126.66800000000012
0 3080.42 1963.138 100.99800000000005 128.0010000000002
0 3159.087 1962.805 100.99800000000005 128.00099999999998
0 3236.421 1962.805 102.33100000000013 127.33400000000006
0 3313.421 1962.138 105.33100000000013 127.33400000000029
0 3389.088 1961.471 107.66399999999976 126.66499999999996
0 3466.088 1959.803 106.66399999999976 127.6690000000001
0 3556.422 1959.47 107.32999999999993 128.336
0 3629.422 1958.47 108.32999999999993 127.6690000000001
0 3716.755 1958.137 109.99699999999984 126.00200000000018
0 3791.088 1955.137 109.99699999999984 126.00200000000018
0 3862.421 1954.137 109.9970000000003 126.00200000000018
0 3933.088 1952.137 109.99699999999984 126.00200000000018
0 2335.533 1722.871 83.91600000000017 131.58199999999988
0 490.005 1733.664 107.0 135.0
0 571.005 1733.997 107.33299999999997 134.66699999999992
0 653.672 1733.664 104.66599999999994 134.33400000000006
0 735.005 1732.997 104.66600000000005 134.33399999999983
0 817.005 1732.664 102.99900000000002 134.66699999999992
0 899.005 1732.331 102.99900000000002 134.66700000000014
0 983.005 1731.997 99.332 134.33399999999983
0 1081.672 1730.33 95.66499999999996 135.00099999999998
0 1164.339 1729.33 95.66499999999996 135.00099999999998
0 1266.006 1728.663 92.99799999999982 134.33400000000006
0 1349.006 1727.33 91.66499999999996 134.66700000000014
0 1431.339 1725.997 87.66499999999996 134.33399999999983
0 1512.672 1724.664 86.99800000000005 134.33400000000006
0 1594.672 1724.997 83.66499999999996 133.00099999999998
0 1674.339 1724.664 83.66499999999996 133.00099999999998
0 1756.006 1723.33 79.66499999999996 132.66800000000012
0 1849.006 1722.33 77.66499999999996 132.33500000000004
0 1928.005 1721.996 76.9989999999998 132.00199999999995
0 2024.005 1723.329 76.33199999999988 131.6690000000001
0 2101.672 1722.662 77.33199999999988 131.66899999999987
0 2179.339 1721.328 79.66499999999996 132.336
0 2257.005 1721.328 81.33199999999988 132.6690000000001
0 2413.533 1722.538 86.24900000000025 132.91499999999996
0 2493.2 1722.538 86.24900000000025 132.91499999999996
0 2584.867 1723.538 90.2489999999998 132.58199999999988
0 2664.533 1723.871 91.91600000000017 132.91499999999996
0 2762.533 1724.204 93.24900000000025 132.91499999999996
0 2842.2 1724.871 95.24900000000025 132.3349999999998
0 2921.866 1725.204 97.91600000000017 132.91499999999996
0 3002.533 1724.871 97.91600000000017 132.91499999999996
0 3081.866 1724.538 98.91600000000017 132.91499999999996
0 3159.199 1723.205 103.91599999999971 134.5820000000001
0 3238.532 1723.538 103.91599999999971 134.00199999999995
0 3330.532 1723.871 105.2489999999998 132.3349999999998
0 3407.199 1723.204 107.58199999999988 132.33500000000004
0 3500.866 1722.204 108.91499999999996 133.66800000000012
0 3575.866 1722.204 110.58100000000013 133.66800000000012
0 3652.866 1721.537 108.91400000000021 132.24900000000002
0 3727.866 1721.204 108.91400000000021 132.24900000000002
0 3801.866 1720.37 108.58100000000013 132.16800000000012
0 3875.199 1719.37 108.58100000000013 132.16800000000012
0 3947.419 1717.703 108.58100000000013 132.16800000000012
0 0 285.162 161.859 93.0
0 0 372.495 162.359 92.66699999999997
0 0 460.828 164.025 93.66700000000003
0 0 550.828 168.692 94.0
0 3985.988 999.899 70.01200000000017 147.66700000000003
0 3972.655 1244.899 83.3449999999998 142.66700000000014
0 3981.988 1482.566 74.01200000000017 138.33400000000006
0 0 1979.529 38.547 111.33300000000008
0 0 2194.196 69.713 118.0
0 0 2413.529 38.38 104.0
0 0 2615.362 62.713 107.33399999999983
0 0 2821.029 38.213 93.66699999999992
0 0 3018.362 39.63 21.63799999999992
0 31.13 3019.862 75.5 20.13799999999992
0 98.63 3022.612 73.25 17.38799999999992
0 167.38 3026.862 71.25 13.13799999999992
0 235.63 3031.112 70.75 8.88799999999992
0 305.13 3034.529 64.66700000000003 5.471000000000004
0 3412.797 3033.529 67.66600000000017 6.471000000000004
0 3494.838 3028.571 70.0 11.429000000000087
0 3562.338 3024.946 69.875 15.054000000000087
0 3641.838 3019.446 73.625 20.554000000000087
0 3706.463 3013.696 77.5 26.304000000000087
0 3772.838 3009.446 76.5 30.554000000000087
0 3836.713 3003.571 80.5 36.42900000000009
0 3901.588 2999.571 81.375 40.42900000000009
0 3964.463 2994.571 85.5 45.42900000000009
0 4029.713 2994.071 26.286999999999807 45.92900000000009
0 3987.338 2794.404 68.66199999999981 100.25
0 3989.628 2595.704 66.37199999999984 105.0
0 3953.671 2393.368 102.32900000000018 114.0
0 4021.004 2413.035 34.996000000000095 90.33300000000008
0 3989.585 2171.637 66.41499999999996 120.0
0 4002.116 1951.372 53.884000000000015 123.99999999999977
0 4030.005 1764.664 25.99499999999989 84.0
