0 1163.925 1238.336 116.33300000000008 99.66699999999992
0 1271.959 1238.047 115.33299999999986 99.16699999999992
0 1380.126 1237.38 115.33300000000008 99.16699999999992
0 1370.626 1137.047 117.33300000000008 99.83300000000008
0 1261.292 1138.047 115.33300000000008 99.16699999999992
0 1149.625 1136.547 119.66699999999992 101.5
0 1040.125 1135.547 119.66699999999992 101.5
0 930.125 1135.547 119.66699999999992 101.5
0 1026.625 1029.547 119.66699999999992 101.5
0 1137.625 1030.047 119.66699999999992 101.5
0 1249.625 1031.047 119.66699999999992 101.5
0 1361.625 1030.047 119.66699999999992 101.5
0 1123.959 919.214 121.83299999999986 109.16600000000005
0 1011.959 919.714 121.83299999999997 109.16600000000005
0 1237.459 921.214 121.83299999999986 109.16600000000005
0 1350.459 920.714 121.83299999999986 109.16600000000005
0 899.459 919.214 121.83300000000008 109.16600000000005
0 914.959 1024.714 121.83299999999997 109.16600000000017
0 1482.375 1136.38 110.5 99.5
0 1588.875 1136.38 110.5 99.5
0 1696.875 1135.88 110.5 99.5
0 1693.375 1030.38 110.5 99.5
0 1583.375 1030.88 110.5 99.5
0 1474.875 1031.88 110.5 99.5
0 1805.709 1136.214 103.66599999999994 97.0
0 1910.709 1134.881 103.66599999999994 97.0
0 1804.042 1028.547 104.33300000000008 101.33300000000008
0 1910.042 1029.214 104.33300000000008 101.33300000000008
0 1800.042 921.214 106.0 105.66600000000005
0 1908.375 922.547 106.0 105.66599999999994
0 1691.042 922.88 106.0 105.66600000000005
0 1580.375 922.213 106.0 105.66599999999994
0 1465.375 922.297 114.0 106.0
0 1703.841 1236.376 104.0 95.66699999999992
0 1598.508 1236.376 104.0 95.66699999999992
0 1493.175 1237.043 104.0 95.66700000000014
0 1809.175 1234.543 101.33300000000008 95.66700000000014
0 1912.175 1232.876 101.33300000000008 95.66699999999992
0 944.091 1237.876 117.74999999999989 99.25
0 1053.591 1237.626 117.75 99.25
0 835.841 1238.126 117.75 99.25
0 713.008 1137.46 118.25 101.5
0 822.008 1135.96 118.25 101.5
0 605.508 1138.46 118.25 101.5
0 498.508 1138.46 118.25000000000006 101.5
0 393.508 1138.46 118.25 101.5
0 373.508 1032.46 118.25 101.5
0 481.508 1032.46 118.25000000000006 101.5
0 587.008 1030.96 118.25 101.5
0 695.508 1029.46 118.25 101.5
0 806.008 1028.46 118.25 101.5
0 622.091 1241.376 118.0 99.0
0 728.091 1241.043 118.0 99.0
0 515.758 1241.376 118.0 99.0
0 412.091 1242.376 118.0 99.0
0 289.091 1141.043 118.66699999999997 101.0
0 186.091 1143.043 118.66699999999997 101.0
0 86.758 1145.043 118.66700000000002 101.0
0 268.425 1034.71 118.66699999999997 101.0
0 165.092 1036.71 118.667 101.0
0 64.425 1039.377 118.66700000000002 101.0
0 11.591 1246.626 116.25 99.75
0 109.841 1244.376 116.25000000000001 99.75
0 208.424 1243.543 116.24999999999997 99.75
0 308.925 1242.96 118.0 99.0
0 353.983 924.391 121.0 107.50000000000011
0 461.983 922.891 120.99999999999994 107.50000000000011
0 247.483 926.891 121.0 107.50000000000011
0 143.483 928.891 121.0 107.50000000000011
0 569.983 921.391 121.0 107.50000000000011
0 678.733 920.891 121.5 107.25000000000011
0 788.983 921.391 121.5 107.25000000000011
0 45.066 932.641 118.5 106.00000000000011
0 827.959 491.903 115.0 108.33299999999997
0 721.626 493.236 115.0 108.33299999999997
0 934.626 490.569 115.0 108.33300000000003
0 1040.626 488.569 115.0 108.33300000000003
0 616.626 495.069 115.0 108.33300000000003
0 511.126 497.569 115.0 108.33300000000003
0 495.126 386.902 115.0 108.33300000000003
0 601.126 385.569 115.0 108.33299999999997
0 707.793 381.569 115.0 108.33299999999997
0 813.793 379.569 115.0 108.33299999999997
0 921.793 378.236 114.99999999999989 108.33300000000003
0 1029.126 376.236 115.0 108.33300000000003
0 1136.459 374.236 115.0 109.0
0 1148.625 489.236 112.0 106.66700000000003
0 1256.625 487.236 112.0 106.66700000000003
0 1247.292 375.236 112.0 106.66700000000003
0 1353.959 374.569 112.0 106.66699999999997
0 1461.959 373.902 112.0 106.66700000000003
0 1361.292 486.569 112.0 106.66699999999997
0 1469.292 485.902 112.0 106.66699999999997
0 1575.959 485.902 112.0 106.66699999999997
0 1569.292 373.235 112.0 106.66699999999997
0 1675.959 371.902 112.0 106.0
0 1790.292 484.403 103.33300000000008 108.33299999999997
0 1685.959 483.736 103.33299999999986 108.33299999999997
0 1895.626 483.736 103.33300000000008 108.33299999999997
0 1894.626 369.736 103.33300000000008 108.33300000000003
0 1788.293 370.403 103.33300000000008 108.33299999999997
0 1127.625 262.32 114.5 112.25
0 1018.375 264.32 114.5 112.25
0 1236.375 261.653 114.5 112.25
0 1455.875 258.153 110.25 112.5
0 1345.875 260.153 110.25 112.5
0 1564.542 258.153 110.25 112.5
0 1673.209 256.153 110.25 112.5
0 1781.209 256.82 110.25 112.5
0 1891.459 253.986 107.0 116.0
0 585.53 273.369 115.33400000000006 111.66699999999997
0 692.864 270.369 116.0 111.33299999999997
0 801.531 268.369 116.0 111.33299999999997
0 909.198 266.036 116.00000000000011 111.33300000000003
0 377.864 282.369 111.33300000000003 111.33299999999997
0 481.864 277.036 111.33300000000003 111.33300000000003
0 276.197 287.369 111.33299999999997 111.33299999999997
0 176.197 293.036 111.33299999999997 111.33300000000003
0 291.364 396.036 112.5 109.5
0 392.864 392.286 112.5 109.5
0 190.114 401.036 112.49999999999997 109.5
0 95.447 409.036 112.5 109.49999999999994
0 0 414.577 110.614 112.66700000000003
0 77.114 299.494 112.666 115.33299999999997
0 309.364 506.327 114.0 107.66700000000003
0 408.031 501.66 113.99999999999994 107.66699999999997
0 210.364 509.66 113.99999999999997 107.66699999999997
0 18.28 521.911 111.75 110.0
0 113.78 515.411 111.75 110.0
0 132.03 621.411 113.25 106.25
0 35.78 626.411 113.25 106.25
0 228.28 615.411 113.24999999999997 106.25
0 425.78 608.661 112.0 104.25
0 325.78 611.911 112.0 104.25
0 528.28 606.161 112.0 104.25
0 736.03 602.411 113.75 105.25
0 630.78 603.661 113.75 105.25
0 841.78 600.161 113.75 105.25
0 1054.53 598.161 111.0 104.0
0 948.78 599.661 111.0 104.0
0 1160.78 598.161 111.0 104.0
0 1372.28 595.161 108.75 105.0
0 1266.78 596.411 108.75 105.0
0 1478.53 595.661 108.75 105.0
0 1689.03 593.911 103.5 105.0
0 1585.03 594.161 103.5 105.0
0 1792.78 594.411 103.5 105.0
0 1898.53 593.161 101.25 105.75
0 2135.197 496.744 105.5 110.0
0 2030.947 497.494 105.50000000000023 110.0
0 2239.197 496.494 105.5 110.0
0 2444.78 498.577 104.33399999999983 105.66700000000003
0 2342.78 497.91 104.33399999999983 105.66699999999997
0 2548.113 497.91 104.33400000000029 105.66699999999997
0 2651.113 498.577 104.33400000000029 105.66700000000003
0 2438.78 604.577 104.33399999999983 105.66700000000003
0 2336.78 605.577 104.33399999999983 105.66700000000003
0 2234.447 605.91 104.33399999999983 105.66700000000003
0 2243.53 384.744 103.16699999999992 107.83299999999997
0 2138.03 384.244 103.16699999999992 107.83299999999997
0 2138.03 384.244 103.16699999999992 107.83299999999997
0 2348.53 385.244 103.16699999999992 107.83299999999997
0 2452.03 385.744 103.16699999999992 107.83299999999997
0 2557.03 386.244 103.16699999999992 107.83299999999997
0 2761.53 387.411 107.0 107.666
0 2657.863 386.744 107.0 107.666
0 2863.863 388.744 107.0 107.666
0 2966.863 388.744 107.0 107.666
0 2751.363 497.744 107.0 107.66599999999994
0 3066.363 390.744 107.0 107.666
0 2953.697 499.911 108.33300000000008 102.99999999999994
0 2853.03 499.911 108.33299999999963 102.99999999999994
0 3054.363 499.911 108.33300000000008 102.99999999999994
0 3253.864 504.411 106.66600000000017 100.99999999999994
0 3154.197 504.078 106.66599999999971 101.0
0 3352.53 507.745 106.66599999999971 101.0
0 3449.197 508.745 106.66599999999971 101.0
0 3266.864 395.077 109.33300000000008 106.0
0 3167.531 392.077 109.33300000000008 106.0
0 3364.864 397.41 109.33300000000008 106.0
0 3462.531 399.077 109.33300000000008 106.0
0 3638.03 513.911 103.66699999999992 103.33300000000008
0 3544.363 509.911 103.66700000000037 103.33300000000003
0 3559.363 405.578 103.66700000000037 103.33300000000003
0 3653.03 408.578 103.66699999999992 103.33300000000003
0 3744.363 413.911 103.66700000000037 103.33300000000003
0 3728.696 517.578 103.66699999999992 103.33299999999997
0 3836.364 418.911 100.0 101.666
0 3925.031 424.244 100.0 101.66599999999994
0 3820.698 521.244 100.0 101.66599999999994
0 3909.031 524.911 100.0 101.66600000000005
0 3378.864 291.161 107.25 110.25
0 3476.364 295.161 107.25 110.25
0 3281.614 286.911 107.25 110.25
0 3667.114 304.161 104.25 108.5
0 3572.614 300.161 104.25 108.5
0 3759.364 310.411 104.25 108.5
0 3939.364 322.661 100.0 105.25
0 3851.114 316.411 100.0 105.25
0 3077.864 282.827 108.25 107.5
0 3179.614 284.327 108.25 107.5
0 2975.864 281.827 108.25 107.5
0 2872.364 280.327 108.25 107.5
0 2665.614 276.577 108.75 110.25
0 2769.864 278.327 108.75 110.25
0 2560.864 276.327 108.75 110.25
0 2455.614 275.077 108.75 110.25
0 2246.031 273.244 107.0 111.0
0 2351.698 273.244 107.0 111.0
0 2138.031 272.911 107.0 111.0
0 2032.697 384.411 103.33300000000031 110.666
0 2033.697 272.411 103.33300000000031 110.666
0 2133.674 607.148 102.25 104.75
0 2031.174 607.648 102.25 104.75
0 2641.924 605.065 105.5 102.0
0 2539.924 605.065 105.5 102.0
0 2743.424 604.065 105.5 102.0
0 2943.674 604.815 107.5 101.25
0 2842.424 605.315 107.5 101.25
0 3043.174 605.065 107.5 101.25
0 3240.924 606.731 106.0 100.0
0 3143.257 606.731 106.0 100.0
0 3338.59 608.398 106.0 100.0
0 3434.257 610.065 106.0 100.0
0 3623.258 615.398 103.66600000000017 99.33299999999997
0 3531.258 613.398 103.66600000000017 99.33299999999997
0 3713.591 618.398 103.66600000000017 99.33299999999997
0 3802.258 621.398 103.66600000000017 99.33299999999997
0 3890.924 625.065 102.66699999999992 99.0
0 2820.591 0 104.66699999999992 108.731
0 2917.591 2.333 104.66699999999992 108.731
0 3015.258 5.666 104.66700000000037 108.73100000000001
0 3111.591 10.398 102.66699999999992 106.667
0 3206.591 14.065 102.66699999999992 106.667
0 3395.091 25.898 99.0 104.0
0 3303.591 20.398 99.0 104.0
0 3486.591 31.898 99.0 104.0
0 3574.591 38.398 99.0 104.0
0 3752.091 51.565 97.0 102.0
0 3664.508 45.065 97.75 103.0
0 3837.008 57.065 97.75 103.0
0 3922.508 65.065 97.75 103.0
0 662.228 0.235 105.5 108.0
0 564.228 4.235 105.5 108.0
0 468.228 8.735 105.49999999999994 108.0
0 371.728 14.735 105.5 108.0
0 184.228 23.735 104.5 110.00000000000001
0 276.228 19.235 104.5 110.00000000000001
0 91.728 29.235 104.50000000000001 110.00000000000001
0 0 36.735 104.5 110.00000000000001
0 2256.616 1130.013 104.0 98.66700000000014
0 2154.616 1132.013 104.0 98.66700000000014
0 2157.283 1026.68 104.0 98.66699999999992
0 2262.616 1026.013 104.0 98.66700000000014
0 2367.949 1025.346 104.0 98.66699999999992
0 2361.949 1128.679 104.0 98.66699999999992
0 2466.616 1127.346 104.0 98.66699999999992
0 2569.282 1126.679 104.0 98.66699999999992
0 2674.615 1126.012 104.0 98.66700000000014
0 2471.616 1021.68 108.66699999999992 102.00000000000011
0 2578.116 1020.18 108.66699999999992 102.00000000000011
0 2681.616 1018.18 108.66699999999992 102.00000000000011
0 2788.616 1017.18 108.66699999999992 102.00000000000011
0 2881.283 1123.347 111.0 98.0
0 2776.95 1124.347 111.0 98.0
0 2984.95 1122.68 111.0 98.0
0 3087.45 1122.18 111.0 98.0
0 3190.95 1122.18 111.0 98.0
0 2996.783 1016.263 113.0 100.99999999999989
0 2892.283 1015.263 113.0 100.99999999999989
0 3202.283 1018.263 113.5 100.49999999999989
0 3100.783 1017.263 113.5 100.49999999999989
0 3304.283 1017.763 113.5 100.49999999999989
0 3403.783 1018.763 113.5 100.49999999999989
0 3389.449 1123.597 111.66699999999992 99.0
0 3290.782 1122.264 111.66699999999992 99.0
0 3487.282 1124.764 111.66699999999992 99.0
0 3504.782 1021.264 111.66699999999992 98.99999999999989
0 3682.283 1127.097 108.5 96.5
0 3585.783 1126.097 108.5 96.5
0 3603.283 1023.097 108.5 96.5
0 3698.783 1025.097 108.5 96.5
0 3794.283 1026.597 108.5 96.5
0 3775.783 1128.097 108.5 96.5
0 3887.283 1029.597 108.5 96.5
0 3867.783 1130.097 108.5 96.5
0 2355.283 1229.43 105.5 97.0
0 2252.533 1229.93 105.5 97.0
0 2458.533 1227.263 105.5 97.0
0 2561.2 1227.263 105.5 97.0
0 2870.533 1222.93 109.5 98.0
0 2766.033 1223.93 109.5 98.0
0 2662.533 1225.43 109.5 98.0
0 3175.533 1221.597 112.0 98.66599999999994
0 3074.866 1221.93 112.0 98.66599999999994
0 2972.866 1222.597 112.0 98.66599999999994
0 3273.533 1222.597 112.0 98.66599999999994
0 3567.699 1225.097 111.33399999999983 95.66599999999994
0 3471.699 1224.764 111.33399999999983 95.66600000000017
0 3373.366 1223.431 111.33399999999983 95.66599999999994
0 3663.033 1225.431 111.33400000000029 95.66599999999994
0 3851.033 1227.43 103.33300000000008 94.33299999999986
0 3760.366 1226.43 103.33300000000008 94.33299999999986
0 3941.033 1227.763 103.33300000000008 94.33300000000008
0 2797.866 911.93 113.0 104.66700000000003
0 2903.866 911.93 113.0 104.66700000000003
0 2690.199 913.597 113.0 104.66700000000003
0 2584.532 912.93 113.0 104.66700000000003
0 3215.866 913.93 114.0 103.0
0 3112.866 912.263 114.0 103.0
0 3009.199 912.596 114.0 103.0
0 3318.199 914.596 114.0 103.0
0 3419.532 915.929 114.0 103.0
0 3715.866 922.597 108.66699999999992 102.33300000000008
0 3618.866 920.597 108.66699999999992 102.33299999999997
0 3521.199 918.264 108.66699999999992 102.33299999999997
0 3809.532 925.597 108.66699999999992 102.33300000000008
0 3903.865 928.264 108.66700000000037 102.33299999999997
0 2266.533 917.097 107.66600000000017 105.33299999999997
0 2159.866 919.764 107.66600000000017 105.33299999999997
0 2372.866 915.097 107.66600000000017 105.33299999999997
0 2479.866 915.43 107.66600000000017 105.33300000000008
0 2052.866 1025.847 103.33300000000008 103.66599999999994
0 2054.199 920.514 103.33300000000008 103.66600000000005
0 2049.366 1233.013 103.0 96.0
0 2051.366 1135.013 103.0 96.0
0 2151.699 1231.346 103.0 96.0
0 2162.338 1684.448 105.66699999999992 93.66699999999992
0 2056.005 1686.781 105.66699999999992 93.66700000000014
0 2058.338 1589.448 105.66699999999992 93.66699999999992
0 2166.005 1588.448 105.66699999999992 93.66699999999992
0 2274.005 1588.448 105.66699999999992 93.66699999999992
0 2268.672 1683.781 105.66699999999992 93.66700000000014
0 2374.672 1683.281 105.66699999999992 93.66700000000014
0 2381.672 1586.781 105.66699999999992 93.66700000000014
0 2489.172 1586.281 105.66699999999992 93.66700000000014
0 2481.672 1682.281 105.66699999999992 93.66700000000014
0 2474.672 1777.781 105.66699999999992 93.66700000000014
0 2370.172 1779.281 105.66699999999992 93.66700000000014
0 2264.672 1779.281 105.66699999999992 93.66700000000014
0 2159.672 1781.781 105.66699999999992 93.66700000000014
0 2055.172 1781.781 105.66699999999992 93.66700000000014
0 2052.672 1873.781 105.66699999999992 93.66700000000014
0 2156.672 1872.781 105.66699999999992 93.66700000000014
0 2262.172 1872.781 105.66699999999992 93.66700000000014
0 2364.172 1871.781 105.66699999999992 93.66700000000014
0 2469.172 1872.281 105.66699999999992 93.66700000000014
0 2574.672 1871.281 105.66699999999992 93.66700000000014
0 2580.172 1779.281 105.66699999999992 93.66700000000014
0 2589.172 1682.614 105.66699999999992 93.66699999999992
0 2594.505 1583.947 110.33399999999983 97.0
0 2685.505 1779.281 111.0 92.5
0 2696.005 1683.281 111.0 92.5
0 2704.005 1588.281 111.0 92.5
0 2678.005 1872.281 111.0 92.5
0 2782.505 1873.281 111.0 92.5
0 2792.505 1782.281 111.0 92.5
0 2803.005 1682.281 111.0 92.5
0 2813.505 1586.281 111.0 92.5
0 2910.005 1682.781 111.0 92.5
0 2898.005 1779.281 111.0 92.5
0 2887.005 1871.781 111.0 92.5
0 2919.505 1580.281 117.5 99.5
0 3120.838 1678.948 114.66699999999992 94.66699999999992
0 3014.171 1679.615 114.66700000000037 94.66699999999992
0 3001.504 1777.615 114.66699999999992 94.66699999999992
0 2989.504 1869.282 114.66699999999992 94.66700000000014
0 3104.837 1776.949 114.66699999999992 94.66699999999992
0 3091.17 1869.282 114.66699999999992 94.66700000000014
0 3193.837 1866.615 114.66699999999992 94.66699999999992
0 3208.837 1775.615 114.66699999999992 94.66699999999992
0 3225.671 1678.781 116.0 95.0
0 3241.671 1582.114 116.0 95.0
0 3135.338 1582.781 116.0 95.0
0 3027.338 1582.115 116.0 97.0
0 3412.51 1774.152 113.66699999999992 92.0
0 3311.51 1775.485 113.66699999999992 92.0
0 3330.51 1677.818 113.66699999999992 92.0
0 3432.51 1677.485 113.66699999999992 92.0
0 3533.843 1676.818 113.66700000000037 92.0
0 3513.51 1773.151 113.66699999999992 92.0
0 3612.177 1770.484 113.66699999999992 92.0
0 3632.51 1674.817 113.66699999999992 92.0
0 3826.51 1670.818 113.0 94.66699999999992
0 3730.177 1673.485 113.0 94.66700000000014
0 3920.51 1668.818 113.0 94.66699999999992
0 3895.51 1761.818 113.0 94.66699999999992
0 3802.843 1764.485 113.0 94.66700000000014
0 3708.51 1767.818 113.0 94.66699999999992
0 3495.01 1864.985 112.33399999999983 89.66700000000014
0 3293.677 1867.985 113.33300000000008 88.66700000000014
0 3394.677 1867.318 113.33300000000008 88.66699999999992
0 3687.677 1859.985 112.0 90.33300000000008
0 3592.344 1862.652 112.0 90.33299999999986
0 3781.344 1857.652 112.0 90.33299999999986
0 3872.677 1854.319 112.0 90.33300000000008
0 3552.01 1578.318 116.33399999999983 96.33400000000006
0 3449.343 1578.985 116.33400000000029 96.33400000000006
0 3347.676 1579.652 116.33400000000029 96.33400000000006
0 3652.343 1577.652 116.33400000000029 96.33400000000006
0 3751.01 1575.985 116.33399999999983 96.33400000000006
0 3849.01 1576.318 112.66699999999992 93.0
0 3943.333 1575.651 112.66699999999992 93.0
0 3034.215 2343.301 116.66699999999992 91.33300000000008
0 2926.882 2345.968 116.66699999999992 91.33300000000008
0 2913.549 2435.968 116.66699999999992 91.33300000000008
0 3020.882 2431.968 116.66699999999992 91.33300000000008
0 3140.882 2341.968 116.66699999999992 91.33300000000008
0 3124.049 2432.968 116.0 87.0
0 3229.049 2429.968 116.0 87.0
0 3332.049 2426.968 116.0 87.0
0 3433.049 2423.968 116.0 87.0
0 3453.382 2334.134 116.66699999999992 89.33399999999983
0 3349.382 2337.134 116.66699999999992 89.33399999999983
0 3245.715 2338.468 118.0 93.33300000000008
0 3653.715 2324.468 115.33399999999983 90.66600000000017
0 3555.048 2328.468 115.33400000000029 90.66600000000017
0 3750.381 2319.801 115.33400000000029 90.66600000000017
0 3631.049 2413.134 114.0 88.0
0 3534.382 2418.467 114.0 88.0
0 3726.382 2407.134 114.0 88.0
0 3820.382 2399.134 114.0 88.0
0 3907.715 2391.801 118.0 90.66699999999992
0 3841.048 2313.134 118.0 90.66699999999992
0 3934.381 2307.134 118.0 90.66699999999992
0 3472.382 2244.468 121.33300000000008 90.0
0 3574.382 2241.801 121.33300000000008 90.0
0 3673.049 2236.468 121.33300000000008 90.0
0 3870.049 2225.468 114.66600000000017 89.33300000000008
0 3775.382 2232.135 114.66599999999971 89.33299999999963
0 3263.33 2250.926 116.66699999999992 90.66600000000017
0 3368.663 2248.926 116.66699999999992 90.66600000000017
0 3156.663 2253.593 116.66699999999992 90.66600000000017
0 2940.663 2256.259 117.33399999999983 88.0
0 3049.33 2256.259 117.33400000000029 88.0
0 2830.663 2260.259 117.33399999999983 88.0
0 2721.33 2260.926 117.33400000000029 88.0
0 2503.33 2262.426 110.5 90.5
0 2614.33 2261.926 110.5 90.5
0 2282.33 2264.092 108.0 92.66699999999992
0 2392.997 2262.759 108.0 92.66699999999992
0 2170.997 2266.759 108.0 92.66699999999992
0 2060.33 2268.092 108.0 92.66699999999992
0 2714.33 2351.426 112.0 86.66600000000017
0 2822.33 2351.426 112.0 86.66600000000017
0 2604.997 2354.093 112.0 86.66600000000017
0 2495.664 2356.093 112.0 86.66600000000017
0 2276.997 2358.092 110.5 89.0
0 2386.997 2357.092 110.5 89.0
0 2380.997 2446.425 110.5 89.0
0 2273.664 2450.425 110.5 89.0
0 2166.997 2360.425 110.5 89.0
0 2165.664 2451.758 110.5 89.0
0 2059.497 2362.259 106.0 90.66699999999992
0 2060.164 2453.592 106.0 90.66699999999992
0 2597.163 2443.426 109.66699999999992 87.83300000000008
0 2490.496 2446.093 109.66699999999992 87.83300000000008
0 2705.163 2442.093 109.66699999999992 87.83300000000008
0 2809.496 2440.427 113.33399999999983 87.16599999999971
0 2798.555 2526.741 112.0 83.5
0 2904.055 2523.741 112.0 83.5
0 3007.555 2521.741 112.0 83.5
0 3110.555 2519.741 112.0 83.5
0 3212.555 2515.741 112.0 83.5
0 3413.388 2507.074 114.5 85.0
0 3313.388 2511.074 114.5 85.0
0 3510.888 2503.074 114.5 85.0
0 3606.888 2496.407 114.5 85.0
0 3702.888 2490.407 114.5 85.0
0 3795.555 2483.74 114.5 85.0
0 3887.055 2477.24 114.5 85.0
0 1370.689 2382.846 113.5 91.5
0 1482.189 2380.346 113.5 91.5
0 1707.022 2371.846 109.0 92.5
0 1596.522 2376.346 109.0 92.5
0 1817.522 2368.846 109.0 92.5
0 1820.522 2460.346 109.0 92.5
0 1711.022 2465.846 109.0 92.5
0 1602.022 2467.846 109.0 92.5
0 1491.522 2470.846 109.0 92.5
0 1381.522 2472.846 109.0 92.5
0 1145.022 2388.346 120.0 93.0
0 1256.022 2385.346 120.0 93.0
0 1032.522 2392.346 120.0 93.0
0 921.522 2394.846 119.99999999999989 93.0
0 1159.022 2483.346 115.5 87.0
0 1269.022 2480.846 115.5 87.0
0 1049.022 2486.346 115.5 87.0
0 826.855 2489.846 120.0 85.66699999999992
0 936.855 2487.846 120.0 85.66699999999992
0 718.188 2491.846 120.0 85.66699999999992
0 608.855 2491.846 120.0 85.66699999999992
0 810.188 2399.846 120.0 85.66699999999992
0 699.522 2403.18 120.0 85.66700000000037
0 588.856 2403.18 120.0 85.66700000000037
0 500.022 2494.263 123.00000000000006 84.0
0 477.522 2406.263 123.00000000000006 84.0
0 369.522 2405.763 123.0 84.0
0 394.522 2494.763 123.00000000000006 84.0
0 630.022 2578.763 119.0 81.0
0 524.522 2577.263 119.0 81.0
0 421.022 2576.763 119.00000000000006 81.0
0 737.022 2577.763 119.0 81.0
0 843.522 2575.763 119.0 82.5
0 951.522 2574.263 118.99999999999989 82.5
0 1170.522 2569.263 113.5 84.0
0 1062.022 2571.763 113.5 84.0
0 1278.522 2567.763 113.5 84.0
0 1498.355 2562.429 109.5 85.0
0 1389.855 2565.429 109.5 85.0
0 1606.355 2559.429 109.5 85.0
0 1825.355 2552.929 106.0 87.5
0 1716.355 2555.429 106.0 87.5
0 1933.355 2550.429 106.0 87.5
0 1929.355 2365.429 106.0 92.0
0 1930.355 2458.929 106.0 92.0
0 1701.855 2278.929 110.0 95.5
0 1590.855 2281.929 110.0 95.5
0 1477.355 2286.929 110.0 95.5
0 1927.855 2271.929 107.0 93.5
0 1815.855 2275.929 107.0 93.5
0 1246.355 2294.929 118.0 92.5
0 1359.855 2292.429 118.0 92.5
0 1133.855 2298.429 118.0 92.5
0 904.355 2304.929 123.0 91.5
0 1018.855 2301.929 123.0 91.5
0 791.855 2307.929 123.0 91.5
0 564.855 2311.929 127.5 91.0
0 676.855 2309.429 127.5 91.0
0 452.855 2313.429 127.5 91.0
0 342.355 2316.596 129.0 88.0
0 2271.75 2536.747 105.5 86.0
0 2165.75 2539.247 105.5 86.0
0 2377.75 2535.747 105.5 86.0
0 2060.25 2544.247 102.5 84.5
0 2589.75 2532.247 107.5 83.5
0 2484.25 2534.247 107.5 83.5
0 2696.25 2529.747 107.5 83.5
0 3120.799 2950.571 116.0 82.5
0 3225.799 2944.071 116.0 82.5
0 3329.799 2937.571 116.0 82.5
0 3432.799 2928.071 118.5 82.5
0 3532.799 2920.071 118.5 82.5
0 3764.133 2895.405 113.0 83.5
0 3669.633 2906.405 113.0 83.5
0 3855.633 2884.905 113.0 83.5
0 3918.466 2950.071 116.33300000000008 82.0
0 761.16 0 108.5 104.932
0 3011.017 2954.745 120.0 85.25500000000011
0 3829.767 2959.328 115.0 80.67200000000003
0 0 41.766 13.66 105.0
0 0 0 91.16 43.682
0 86.16 0 97.75 37.682
0 180.91 0 96.25000000000003 33.182
0 275.16 0 96.0 25.432
0 370.16 0 97.0 19.932
0 466.66 0 96.74999999999994 14.432
0 564.16 0 97.0 9.932
0 661.91 0 98.25 4.932
0 861.66 0 108.25 102.182
0 964.41 0 105.75000000000011 98.182
0 1064.66 0 107.0 96.682
0 1167.41 0 105.75 94.432
0 1269.66 0 107.25 94.932
0 1372.91 0 105.0 93.932
0 1474.91 0 104.75 93.432
0 1577.66 0 103.0 92.432
0 1680.41 0 103.0 93.682
0 1783.41 0 102.25 91.682
0 1884.91 0 102.75 91.682
0 2021.66 0 99.74999999999977 94.182
0 2122.91 0 100.25 95.432
0 2223.91 0 100.5 97.182
0 2324.41 0 102.0 98.682
0 2424.16 0 102.0 98.932
0 2523.66 0 103.25 100.682
0 2624.16 0 102.75 103.932
0 2722.66 0 104.0 104.432
0 2926.726 0 97.0 5.335
0 3024.393 0 95.66699999999992 8.668
0 3120.393 0 96.33300000000008 13.668
0 3218.06 0 92.66600000000017 17.668
0 3312.393 0 94.66699999999992 24.002
0 3406.06 0 92.33300000000008 30.002
0 3498.393 0 91.33300000000008 36.335
0 3587.06 0 93.33300000000008 42.335
0 3676.393 0 93.0 48.335
0 3765.06 0 92.66600000000017 54.002
0 3850.393 0 96.33300000000008 63.335
0 3936.06 0 95.66600000000017 71.668
0 4022.06 0 33.940000000000055 74.335
0 4006.726 72.002 49.27399999999989 101.00000000000001
0 0 307.573 90.288 116.0
0 0 423.907 15.122 103.666
0 0 528.24 35.788 105.66700000000003
0 0 633.24 56.122 103.33299999999997
0 0 935.491 61.549 105.75
0 0 1040.741 83.799 103.0
0 0 1146.741 105.049 101.75
0 0 1200.491 8.549 48.0
0 0 1248.491 31.049 97.5
0 440.964 3011.718 113.00000000000006 28.282000000000153
0 547.517 3014.245 116.5 25.75500000000011
0 659.017 3016.745 116.0 23.25500000000011
0 770.267 3017.995 116.0 22.00500000000011
0 882.017 3017.495 116.5 22.50500000000011
0 995.017 3016.745 116.5 23.25500000000011
0 1110.017 3014.495 115.0 25.50500000000011
0 1223.767 3011.495 115.25 28.50500000000011
0 1339.017 3010.995 112.5 29.00500000000011
0 1451.017 3008.495 113.25 31.50500000000011
0 1564.767 3006.245 114.5 33.75500000000011
0 1681.267 3004.745 113.5 35.25500000000011
0 1795.767 3001.745 110.25 38.25500000000011
0 1908.517 2999.245 110.5 40.75500000000011
0 2021.017 2995.495 111.49999999999977 44.50500000000011
0 2133.767 2993.745 111.5 46.25500000000011
0 2246.767 2988.745 112.0 51.25500000000011
0 2357.767 2984.995 112.25 55.00500000000011
0 2468.517 2981.495 114.5 58.50500000000011
0 2579.017 2976.245 115.5 63.75500000000011
0 2690.267 2971.245 114.0 68.75500000000011
0 2798.017 2966.245 117.5 73.75500000000011
0 2903.017 2960.495 120.5 79.50500000000011
0 3024.017 3036.245 93.0 3.755000000000109
0 3118.267 3029.245 102.5 10.75500000000011
0 3221.267 3022.995 105.0 17.00500000000011
0 3322.767 3014.245 107.5 25.75500000000011
0 3422.267 3004.745 108.25 35.25500000000011
0 3519.517 2996.745 109.5 43.25500000000011
0 3650.767 2981.328 108.5 58.672000000000025
0 3739.267 2970.328 113.25 69.67200000000003
0 3857.267 3034.828 60.25 5.1720000000000255
0 3918.017 3024.828 88.75 15.172000000000025
0 4002.767 3020.828 53.233000000000175 19.172000000000025
0 4008.017 2944.828 47.983000000000175 77.0
0 4037.767 2896.328 18.233000000000175 51.25
0 3946.767 2869.328 109.23300000000017 88.75
0 4026.931 328.327 29.06899999999996 101.33300000000003
0 4010.597 428.327 45.40299999999979 101.33299999999997
0 3993.931 530.327 62.06899999999996 100.0
0 3976.597 627.66 79.40299999999979 100.0
0 3995.264 930.994 60.735999999999876 101.99999999999989
0 3976.931 1030.327 79.06899999999996 99.33300000000008
0 3958.931 1132.327 97.06899999999996 97.33300000000008
0 4045.264 1173.66 10.735999999999876 55.666999999999916
0 4026.931 1229.66 29.06899999999996 93.33399999999983
0 4035.597 1571.327 20.402999999999793 98.0
0 4008.764 1667.827 47.235999999999876 93.33300000000008
0 3984.764 1764.16 71.23599999999988 89.33399999999983
0 3961.764 1851.494 94.23599999999988 89.0
0 4048.097 1904.16 7.902999999999793 33.0
0 3960.656 2219.159 95.34400000000005 91.66599999999971
0 4050.323 2286.492 5.677000000000135 18.666999999999916
0 4025.656 2304.492 30.34400000000005 87.0
0 4000.323 2389.825 55.677000000000135 85.0
0 3973.323 2471.159 82.67700000000013 85.0
