0 3612.49 1239.197 179.33300000000008 102.0
0 3790.49 1244.53 179.33300000000008 102.0
0 3605.823 1339.864 179.33300000000008 102.0
0 3781.157 1347.864 179.33299999999963 102.0
0 3595.823 1441.864 179.33300000000008 102.0
0 3770.49 1453.197 179.33300000000008 102.0
0 3620.49 1137.864 179.33300000000008 102.0
0 3795.157 1143.864 179.33299999999963 102.0
0 3629.157 1038.53 179.33299999999963 102.0
0 3804.49 1041.864 179.33300000000008 102.0
0 3589.157 1543.197 179.33299999999963 102.0
0 3764.49 1552.53 179.33300000000008 102.0
0 3599.157 1553.197 179.33299999999963 102.0
0 3578.49 1633.863 180.66600000000017 109.33399999999983
0 3753.823 1651.863 180.66600000000017 109.33399999999983
0 3571.823 1733.863 180.66600000000017 109.33399999999983
0 3745.157 1750.53 180.6659999999997 109.33400000000006
0 3560.49 1829.196 180.66600000000017 109.33400000000006
0 3736.49 1848.529 180.66600000000017 109.33400000000006
0 3541.156 2140.53 176.0 112.66699999999992
0 3713.156 2161.197 176.0 112.66699999999992
0 3550.489 2046.53 176.0 112.66700000000014
0 3723.156 2064.53 176.0 112.66699999999992
0 3728.489 1965.863 176.0 112.66700000000014
0 3558.489 1951.197 176.0 112.66700000000014
0 3534.489 2239.197 176.0 112.66699999999992
0 3703.156 2259.863 176.0 112.66700000000037
0 3876.489 2280.53 176.0 112.66699999999992
0 3525.156 2336.53 176.0 112.66699999999992
0 3694.489 2356.53 176.0 112.66699999999992
0 3866.156 2378.53 176.0 112.66699999999992
0 3517.156 2430.53 176.0 112.66699999999992
0 3683.156 2452.53 176.0 112.66699999999992
0 3854.156 2476.53 176.0 112.66699999999992
0 3509.156 2521.53 170.0 116.0
0 3675.156 2544.53 170.0 116.0
0 3843.156 2569.53 170.0 116.0
0 3501.156 2615.53 170.0 116.0
0 3661.156 2637.53 170.0 116.0
0 3832.156 2659.53 170.0 116.0
0 3489.156 2703.53 170.0 116.0
0 3652.156 2728.53 170.0 116.0
0 3817.156 2754.53 170.0 116.0
0 3475.823 2806.863 171.0 120.0
0 3636.823 2841.363 171.0 120.0
0 3464.823 2897.363 171.0 120.0
0 3796.823 2867.863 177.5 120.0
0 3647.156 714.197 176.0 102.0
0 3823.823 711.53 176.0 102.0
0 3640.489 815.53 176.0 102.0
0 3817.822 815.53 176.0 102.0
0 3637.156 917.53 176.0 102.0
0 3812.489 919.53 176.0 102.0
0 3655.823 510.863 175.33300000000008 104.00000000000006
0 3651.823 612.863 175.33300000000008 104.0
0 3831.156 506.196 175.33300000000008 104.0
0 3827.823 609.53 175.33300000000008 104.0
0 3663.156 310.863 172.0 102.0
0 3673.156 320.863 172.0 102.0
0 3661.156 411.53 172.0 102.0
0 3837.156 305.53 172.0 102.0
0 3834.489 405.53 172.0 102.0
0 3664.489 206.863 172.0 102.0
0 3839.156 201.53 172.0 101.99999999999997
0 3668.49 111.53 172.66600000000017 100.0
0 3838.49 101.53 175.33300000000008 105.333
0 3671.185 0 169.66600000000017 104.62
0 3622.19 2929.555 173.0 110.44500000000016
0 3841.518 0 175.33300000000008 94.287
0 4017.185 0 38.815000000000055 80.287
0 4014.268 98.704 41.73199999999997 101.00000000000001
0 4010.601 199.37 45.39899999999989 99.66699999999997
0 4007.601 303.037 48.39899999999989 100.33300000000003
0 4005.601 404.37 50.39899999999989 100.66699999999997
0 4004.935 508.704 51.065000000000055 96.99999999999994
0 4002.601 609.37 53.39899999999989 101.0
0 3997.601 714.704 58.39899999999989 99.0
0 3991.935 818.704 64.06500000000005 99.0
0 3987.935 922.37 68.06500000000005 101.0
0 3979.69 1045.055 76.30999999999995 99.66699999999992
0 3972.357 1148.055 83.64300000000003 102.0
0 3962.357 1251.722 93.64300000000003 103.0
0 3955.023 1355.388 100.97699999999986 103.66700000000014
0 3947.357 1459.388 108.64300000000003 104.0
0 3938.357 1560.055 117.64300000000003 106.0
0 3927.69 1663.388 128.30999999999995 107.66700000000014
0 3917.357 1765.055 138.64300000000003 107.66699999999992
0 3909.023 1868.055 146.97699999999986 107.66699999999992
0 3901.357 1981.222 154.64300000000003 110.00000000000023
0 3893.357 2080.722 162.64300000000003 113.0
0 3881.19 2179.388 174.80999999999995 115.0
0 4044.523 2295.722 11.476999999999862 98.66599999999971
0 4035.19 2399.055 20.809999999999945 95.33300000000008
0 4022.523 2496.055 33.47699999999986 96.66700000000037
0 4008.857 2592.722 47.14300000000003 97.33299999999963
0 3995.19 2687.722 60.809999999999945 99.0
0 3979.857 2783.388 76.14300000000003 101.0
0 3963.857 2900.055 92.14300000000003 103.33300000000008
0 3950.19 2987.722 105.80999999999995 52.27799999999979
0 3780.19 2957.055 181.5 82.94500000000016
0 3614.19 3012.555 161.0 27.445000000000164
0 3453.19 2981.555 166.0 58.445000000000164
