0 1102.901 2459.612 190.0 135.0
0 1274.401 2408.112 186.5 133.5
0 1442.401 2354.112 183.0 133.5
0 1126.401 2545.112 190.0 135.0
0 1298.401 2492.612 186.5 133.5
0 1465.901 2438.112 183.0 133.5
0 1150.401 2630.112 190.0 135.0
0 1319.401 2577.112 186.5 133.5
0 1488.901 2522.112 183.0 133.5
0 1174.401 2713.112 190.0 135.0
0 1343.901 2659.612 186.5 133.5
0 1511.401 2605.612 183.0 133.5
0 1200.901 2798.112 187.0 133.0
0 1369.401 2743.112 186.5 134.5
0 1225.401 2881.112 187.0 133.0
0 1394.901 2826.112 183.5 132.5
0 1560.901 2770.112 183.5 132.5
0 1418.401 2907.5 183.5 132.5
0 1585.901 2851.112 182.0 132.5
0 2521.014 2500.111 99.0 154.0
0 2608.014 2503.611 99.0 154.0
0 2696.014 2507.611 99.0 154.0
0 2780.014 2511.611 99.0 154.0
0 2867.014 2515.611 99.0 154.0
0 2953.514 2518.611 99.0 154.0
0 3038.514 2522.611 99.0 154.0
0 3122.014 2526.111 103.5 154.5
0 3207.014 2529.611 102.0 152.0
0 2508.014 2655.111 98.5 154.0
0 2593.514 2659.111 96.5 154.0
0 2680.514 2663.111 96.5 154.0
0 2766.514 2667.111 96.5 154.0
0 2849.014 2670.111 101.0 154.0
0 2935.014 2672.111 101.0 154.0
0 3017.014 2676.611 104.0 152.5
0 3102.014 2680.611 102.5 149.5
0 3185.014 2683.611 100.5 148.5
0 2495.014 2809.111 97.5 148.5
0 2579.514 2813.611 97.5 148.5
0 2664.014 2817.111 97.5 148.5
0 2747.514 2820.611 99.0 148.5
0 2916.014 2827.111 102.5 149.5
0 2999.514 2830.111 99.0 146.0
0 3081.014 2834.111 102.5 144.0
0 3162.514 2835.611 100.5 143.5
0 1610.401 2931.612 178.5 108.38799999999992
0 1708.901 3011.612 90.5 28.38799999999992
0 1444.401 2987.112 178.0 52.88799999999992
0 1250.401 2963.612 185.0 76.38799999999992
