0 634.643 1287.348 94.0 140.0
0 721.31 1287.348 94.0 140.0
0 809.977 1286.681 94.0 140.0
0 547.31 1287.348 94.0 140.0
0 463.977 1288.015 94.0 140.0
0 377.31 1288.015 94.0 140.0
0 475.31 1431.348 93.99999999999994 140.0
0 559.81 1432.348 94.0 140.0
0 646.81 1431.348 94.0 140.0
0 735.81 1432.348 94.0 140.0
0 821.81 1431.348 94.0 140.0
0 908.31 1433.182 94.0 138.66599999999994
0 896.81 1287.848 94.0 140.0
0 996.31 1432.182 94.0 138.66599999999994
0 1083.81 1433.682 94.0 138.66599999999994
0 1172.81 1432.682 94.0 138.66599999999994
0 1261.81 1433.682 91.0 137.16599999999994
0 1350.81 1433.348 89.0 137.0
0 985.81 1288.848 94.0 139.66700000000014
0 1075.31 1288.848 94.0 139.66700000000014
0 1164.31 1288.848 94.0 139.66700000000014
0 1254.31 1288.848 94.0 139.66700000000014
0 1343.81 1288.682 92.5 140.33300000000008
0 391.977 1430.681 94.0 140.0
0 308.643 1432.348 92.66700000000003 137.66599999999994
0 225.31 1433.348 94.0 137.33300000000008
0 143.977 1433.681 94.0 137.33299999999986
0 65.644 1433.014 94.0 137.33300000000008
0 291.976 1289.348 95.0 139.0
0 208.976 1290.015 95.0 139.0
0 128.309 1290.348 95.0 139.0
0 47.309 1290.348 95.0 139.0
0 1494.81 1439.348 89.0 137.0
0 1581.477 1438.681 89.0 137.0
0 1668.144 1438.014 89.0 137.0
0 1754.811 1439.347 89.0 137.0
0 1840.811 1440.348 87.66700000000014 135.33300000000008
0 1926.144 1440.348 87.66699999999992 135.33300000000008
0 2012.144 1440.348 86.33400000000006 135.33300000000008
0 2098.144 1439.681 86.33400000000029 135.33299999999986
0 2184.144 1440.014 85.0010000000002 135.0
0 2268.811 1440.014 87.00099999999975 135.0
0 2356.479 1439.681 86.0 136.0
0 2443.812 1440.348 86.0 136.0
0 2537.812 1440.348 86.0 136.0
0 2623.145 1441.015 92.66699999999992 136.66699999999992
0 2712.478 1441.015 92.66699999999992 136.66699999999992
0 2803.811 1440.348 92.66699999999992 136.66700000000014
0 2894.478 1441.015 92.66699999999992 136.66699999999992
0 2983.811 1439.015 92.66699999999992 137.33399999999983
0 3074.478 1439.682 92.66699999999992 137.33400000000006
0 3165.145 1437.682 92.66699999999992 138.0
0 3255.145 1438.349 92.66699999999992 138.0
0 3343.145 1437.016 92.66699999999992 138.0
0 3351.812 1289.016 96.0 140.66699999999992
0 3261.812 1287.683 96.0 140.66699999999992
0 3171.812 1289.683 96.0 140.66699999999992
0 3081.812 1289.683 96.0 140.66699999999992
0 2991.145 1290.35 96.0 140.66700000000014
0 2899.812 1290.35 96.0 140.66700000000014
0 2807.812 1290.017 95.33400000000029 140.33400000000006
0 2715.812 1292.017 95.33400000000029 140.33400000000006
0 2626.479 1291.35 95.33400000000029 140.33400000000006
0 2535.146 1292.017 95.33399999999983 140.33400000000006
0 2443.813 1293.35 95.33399999999983 140.33400000000006
0 2359.147 1293.017 89.33400000000029 139.33400000000006
0 2271.147 1294.35 89.33400000000029 139.33400000000006
0 2183.147 1293.017 89.33400000000029 139.33400000000006
0 2095.147 1293.684 89.33400000000029 139.33400000000006
0 2008.48 1293.684 89.33399999999983 139.33400000000006
0 1921.813 1293.018 85.33399999999983 138.66699999999992
0 1835.813 1292.351 85.33399999999983 138.66699999999992
0 1747.813 1291.684 85.33399999999983 138.66700000000014
0 1660.145 1291.017 85.00199999999995 138.6679999999999
0 1572.812 1291.684 88.33500000000004 138.66800000000012
0 1485.479 1290.351 87.66899999999987 139.33399999999983
0 3481.145 1436.349 97.33399999999983 140.66700000000014
0 3567.145 1437.682 97.33399999999983 140.66699999999992
0 3655.812 1437.682 97.33400000000029 140.66699999999992
0 3743.145 1437.682 97.33399999999983 140.66699999999992
0 3827.812 1438.349 97.33400000000029 140.66700000000014
0 3912.479 1438.349 97.33400000000029 140.66700000000014
0 3491.812 1291.016 97.33400000000029 140.66699999999992
0 3580.479 1292.349 97.33400000000029 140.66700000000014
0 3669.146 1291.682 97.33399999999983 140.66699999999992
0 3757.813 1291.682 97.33399999999983 140.66699999999992
0 3842.48 1292.349 97.33399999999983 140.66700000000014
0 3925.147 1293.016 97.33400000000029 140.66699999999992
0 67.262 965.005 90.0 140.0000000000001
0 145.929 964.338 90.0 140.0
0 224.596 963.005 90.0 140.0000000000001
0 306.596 961.005 90.0 140.0000000000001
0 389.263 961.005 90.0 140.0000000000001
0 473.263 959.005 90.00000000000006 140.0000000000001
0 555.93 959.005 92.66700000000003 138.0000000000001
0 641.263 959.005 92.66699999999992 138.0000000000001
0 725.93 957.005 92.66700000000003 139.33299999999997
0 814.597 955.671 92.66700000000003 140.0
0 899.93 955.671 92.66700000000003 140.0
0 987.93 957.004 92.66700000000003 141.33299999999997
0 1073.93 957.004 92.66699999999992 141.33299999999997
0 1160.597 956.337 92.66699999999992 141.33300000000008
0 1251.264 957.67 92.66700000000014 141.33299999999997
0 1339.264 958.337 92.66700000000014 141.33300000000008
0 1428.597 959.67 92.66699999999992 141.33299999999997
0 1514.597 960.337 92.66699999999992 141.33300000000008
0 1601.93 959.004 92.66699999999992 141.9999999999999
0 1689.263 960.337 92.66700000000014 142.0
0 1776.596 960.337 88.66699999999992 142.0
0 1863.263 960.337 88.66700000000014 142.0
0 1773.929 810.337 88.66699999999992 142.0
0 1861.929 812.337 88.66699999999992 142.0
0 1685.929 810.337 90.0 146.0
0 1598.596 809.67 90.0 146.0
0 1507.929 809.003 90.0 146.0
0 1420.596 809.003 90.0 146.0
0 1331.929 807.67 90.0 146.0
0 1240.596 807.67 92.0 146.0
0 1151.929 806.337 92.0 146.0
0 1064.596 807.67 92.0 146.0
0 977.263 807.003 91.99999999999989 146.0
0 888.596 807.004 92.0 146.0
0 800.596 807.671 96.66700000000003 146.66699999999992
0 713.263 809.004 96.66699999999992 146.66700000000003
0 627.263 808.337 96.66699999999992 146.66700000000003
0 541.93 811.004 96.66700000000003 146.66700000000003
0 457.93 811.671 95.99999999999994 144.66699999999992
0 372.597 813.671 96.0 144.66699999999992
0 292.597 815.004 96.0 144.66700000000003
0 211.263 817.004 94.667 144.66700000000003
0 131.93 820.337 91.334 142.00099999999998
0 54.597 821.67 88.667 142.0010000000001
0 2002.596 961.67 88.66699999999992 142.0000000000001
0 2091.263 961.003 88.66699999999992 141.9999999999999
0 2176.596 958.337 88.66800000000012 144.66599999999994
0 2263.929 958.337 88.66800000000012 144.66599999999994
0 2350.595 957.004 91.33500000000004 144.66600000000005
0 2439.262 955.004 91.33500000000004 145.9989999999999
0 2529.262 953.671 91.33500000000004 145.99900000000002
0 2618.595 953.004 91.33500000000004 145.9989999999999
0 2706.595 952.337 96.00200000000041 145.99900000000002
0 2795.262 951.67 99.33500000000004 145.99900000000014
0 2884.595 950.337 99.33500000000004 145.99900000000002
0 2975.929 950.337 99.33500000000004 145.99900000000002
0 3065.262 950.337 99.33500000000004 145.99900000000002
0 3155.262 950.337 99.33500000000004 145.99900000000002
0 3245.262 949.67 99.33500000000004 145.99900000000014
0 3333.262 950.337 99.33500000000004 145.99900000000002
0 3422.595 950.337 99.33500000000004 145.99900000000002
0 3511.928 950.337 99.33500000000004 145.33300000000008
0 3600.595 951.004 99.33500000000004 145.33299999999997
0 3684.595 952.337 99.33500000000004 145.33300000000008
0 3770.595 955.003 98.66800000000012 143.9999999999999
0 3855.262 956.336 95.33500000000004 144.66699999999992
0 3867.262 809.003 95.33500000000004 144.66699999999992
0 3785.262 806.337 94.00199999999995 145.33299999999997
0 3700.595 805.004 94.00200000000041 145.33299999999997
0 3615.262 803.671 94.00199999999995 145.33299999999997
0 3527.262 803.004 94.00199999999995 145.33299999999997
0 3436.595 801.671 94.00200000000041 145.33299999999997
0 3348.595 802.338 94.00200000000041 145.33300000000008
0 3260.595 801.005 94.00200000000041 145.33299999999997
0 3167.928 801.672 96.66900000000032 145.33299999999997
0 3077.261 801.005 96.66899999999987 145.33299999999997
0 2985.261 800.338 96.66899999999987 145.33300000000008
0 2894.594 801.671 96.66899999999987 145.33299999999997
0 2803.261 801.004 96.66899999999987 145.33299999999997
0 2713.261 801.004 96.66899999999987 145.33299999999997
0 2622.594 801.671 96.66899999999987 145.33299999999997
0 2532.594 803.671 96.00199999999995 146.0
0 2443.261 804.338 93.33500000000004 147.332
0 2353.928 805.671 93.33500000000004 147.332
0 2266.595 807.004 90.66800000000012 148.0
0 2177.262 807.671 90.66799999999967 148.0
0 2089.929 808.338 90.66800000000012 148.0
0 2001.929 809.671 88.00099999999975 148.0
0 399.36 489.355 87.33299999999997 144.0
0 481.36 486.688 87.33299999999997 144.0
0 565.36 485.355 87.33299999999997 144.0
0 648.693 484.688 87.33299999999997 142.66700000000003
0 732.693 483.355 90.66600000000005 142.66700000000003
0 819.36 482.688 90.66599999999994 142.66700000000003
0 904.027 481.355 90.66599999999994 142.66700000000003
0 990.694 479.355 90.66599999999994 142.66700000000003
0 1077.361 478.688 90.66599999999994 142.66700000000003
0 1166.028 477.355 90.66599999999994 142.66700000000003
0 1254.028 478.688 90.66599999999994 142.66700000000003
0 1341.361 477.355 90.66599999999994 142.66700000000003
0 1428.028 478.022 90.66599999999994 142.66699999999997
0 1518.028 475.355 88.66599999999994 146.66700000000003
0 1606.028 476.688 88.66599999999994 146.66700000000003
0 1692.695 475.355 87.99900000000002 148.00099999999998
0 1782.028 475.355 87.99900000000002 148.00099999999998
0 1868.028 476.022 87.99900000000002 147.334
0 1958.028 475.355 87.99900000000002 147.33399999999995
0 2047.361 474.688 85.99999999999977 147.33400000000006
0 2135.361 474.021 86.0 147.334
0 2223.361 472.688 86.0 147.33400000000006
0 2224.028 319.355 86.66600000000017 149.33299999999997
0 2135.361 318.688 86.66600000000017 149.33300000000003
0 2045.361 320.021 86.66599999999994 149.33299999999997
0 1957.361 319.354 86.66599999999994 149.33300000000003
0 1868.027 318.687 86.66599999999994 149.33299999999997
0 1778.026 319.354 89.33299999999986 150.666
0 1690.026 319.354 89.33299999999986 150.666
0 1602.026 319.354 89.33299999999986 150.666
0 1511.359 320.687 89.33300000000008 151.33299999999997
0 1423.359 321.354 89.33300000000008 151.33300000000003
0 1335.359 322.688 89.33300000000008 150.666
0 1246.026 323.355 89.33299999999986 150.666
0 1158.026 324.022 89.33299999999986 150.666
0 1070.026 324.689 89.33299999999986 150.666
0 982.693 327.356 89.33300000000008 150.666
0 894.693 327.356 90.66600000000005 150.666
0 810.026 329.356 90.66600000000005 150.666
0 723.359 332.023 91.33299999999997 148.666
0 639.359 332.69 91.33299999999997 148.666
0 554.692 335.357 91.33299999999997 148.666
0 471.359 338.024 91.33300000000003 148.666
0 391.359 342.69 86.66700000000003 147.33300000000003
0 2363.361 470.688 86.0 147.33400000000006
0 2450.361 469.688 86.0 147.33400000000006
0 2539.361 467.688 90.0 147.33299999999997
0 2629.028 465.688 89.33300000000008 148.66600000000005
0 2719.695 466.355 89.33299999999963 148.66599999999994
0 2809.028 465.688 89.33300000000008 148.66600000000005
0 2899.028 464.355 89.33300000000008 148.66599999999994
0 2989.694 463.688 90.0 148.00099999999998
0 3079.694 465.021 90.0 148.00100000000003
0 3167.694 464.354 90.0 148.00100000000003
0 3257.027 464.354 90.0 148.00100000000003
0 3345.027 465.021 92.0 146.66799999999995
0 3433.027 465.021 92.0 146.66799999999995
0 3521.027 467.688 93.33300000000008 147.33400000000006
0 3605.694 469.688 93.33300000000008 147.33400000000006
0 3690.36 472.354 92.66599999999971 148.00100000000003
0 3775.027 475.021 92.66600000000017 148.00100000000003
0 3859.694 479.021 87.99900000000025 146.00100000000003
0 3942.361 481.688 87.33200000000033 146.668
0 3951.028 335.021 86.66500000000042 146.668
0 3868.361 331.021 86.66499999999996 146.668
0 3786.361 327.688 86.66499999999996 146.668
0 3701.694 325.021 86.66499999999996 146.00099999999998
0 3616.361 320.354 86.66499999999996 146.00100000000003
0 3530.361 317.687 86.66499999999996 146.00099999999998
0 3440.361 315.02 90.66499999999996 147.334
0 3351.694 313.687 90.66499999999996 147.334
0 3264.361 311.687 90.66499999999996 146.66699999999997
0 3175.694 311.02 90.66499999999996 146.66700000000003
0 3085.027 310.353 90.66499999999996 146.66699999999997
0 2994.36 311.686 90.66499999999996 146.66700000000003
0 2904.36 313.018 89.33199999999988 147.33500000000004
0 2814.36 312.351 89.33199999999988 147.33499999999998
0 2725.027 313.684 89.33199999999988 147.33499999999998
0 2635.027 313.684 89.33199999999988 147.33499999999998
0 2544.36 313.684 87.9989999999998 151.33499999999998
0 2454.36 315.684 87.9989999999998 151.33499999999998
0 2365.027 314.351 87.9989999999998 151.33499999999998
0 62.126 1897.722 93.334 132.0
0 141.459 1899.722 93.334 132.0
0 221.459 1902.389 93.334 132.0
0 302.792 1903.056 96.00100000000003 132.0
0 386.125 1905.056 96.00099999999998 132.0
0 472.125 1906.389 96.00099999999998 132.0
0 555.458 1906.389 96.00099999999998 132.0
0 641.458 1905.722 96.00099999999998 133.33400000000006
0 726.791 1907.722 96.00099999999998 133.33400000000006
0 812.791 1907.722 96.00099999999998 132.00099999999998
0 899.457 1907.722 96.00099999999998 132.00099999999998
0 890.79 1769.055 96.00100000000009 132.00099999999998
0 803.457 1768.388 96.00099999999998 132.00099999999998
0 716.79 1769.721 96.00100000000009 132.00099999999998
0 630.123 1769.054 96.00099999999998 132.00099999999998
0 542.79 1767.054 96.00100000000009 132.00099999999998
0 456.79 1767.054 96.00100000000003 132.6679999999999
0 370.124 1766.386 96.00099999999998 134.00199999999995
0 286.791 1766.386 96.00099999999998 134.00199999999995
0 204.124 1764.386 96.001 134.00199999999995
0 124.791 1762.386 96.001 134.00199999999995
0 43.458 1761.053 96.001 133.3349999999998
0 1040.79 1905.055 92.00099999999998 134.66699999999992
0 1127.456 1905.722 92.0010000000002 134.66699999999992
0 1214.789 1905.722 92.00099999999998 134.66699999999992
0 1303.456 1904.389 92.0010000000002 135.33400000000006
0 1391.456 1903.056 92.0010000000002 135.33400000000006
0 1480.789 1903.056 92.00099999999998 135.33400000000006
0 1567.456 1903.056 92.0010000000002 135.33400000000006
0 1654.789 1901.723 89.33400000000006 135.33400000000006
0 1741.456 1901.056 89.33400000000006 135.33400000000006
0 1828.123 1901.056 89.33400000000006 135.33400000000006
0 1914.79 1901.056 89.33400000000006 135.33400000000006
0 2001.457 1902.389 89.33400000000006 135.33400000000006
0 2088.124 1905.722 88.66700000000037 134.0
0 2174.124 1905.722 88.66700000000037 134.0
0 2262.124 1906.389 88.66700000000037 134.0
0 2350.791 1907.056 88.66699999999992 136.0
0 2439.458 1911.056 88.66699999999992 136.0
0 2527.458 1911.723 88.66699999999992 136.0
0 2616.126 1912.39 91.9989999999998 137.99999999999977
0 2706.126 1914.39 91.9989999999998 137.99999999999977
0 2796.793 1916.39 91.9989999999998 137.99999999999977
0 2886.793 1917.057 91.9989999999998 137.99999999999977
0 2892.793 1776.39 93.33199999999988 138.0
0 2802.126 1775.723 93.33199999999988 138.0
0 2711.459 1773.056 93.33200000000033 138.0
0 2620.792 1771.723 93.33199999999988 138.0
0 2528.792 1769.723 93.33199999999988 138.0
0 2440.125 1769.056 89.9989999999998 138.00099999999998
0 2350.791 1767.056 90.66599999999971 136.66699999999992
0 2262.791 1767.056 90.66599999999971 136.66699999999992
0 2174.791 1765.723 90.66599999999971 136.66700000000014
0 2088.124 1764.39 87.99900000000025 137.33399999999983
0 2002.124 1763.057 87.99900000000002 137.33400000000006
0 1914.791 1763.724 87.99900000000002 137.33400000000006
0 1827.456 1761.724 87.33500000000004 136.66700000000014
0 1740.789 1762.391 87.33500000000004 136.66699999999992
0 1653.456 1763.058 87.33500000000004 136.66699999999992
0 1565.456 1763.058 89.33500000000004 136.66800000000012
0 1478.123 1763.725 89.33500000000004 136.66800000000012
0 1388.123 1763.725 89.33500000000004 136.66800000000012
0 1298.79 1763.058 89.33500000000004 137.33500000000004
0 1210.79 1763.058 89.33500000000004 137.33500000000004
0 1122.123 1764.391 89.33500000000004 137.33500000000004
0 1032.79 1765.058 92.66800000000012 137.33500000000004
0 3028.126 1918.39 97.9989999999998 137.99999999999977
0 3117.459 1919.723 97.99900000000025 138.0
0 3206.792 1918.39 97.99900000000025 137.99999999999977
0 3296.792 1918.39 97.99900000000025 138.6669999999997
0 3383.459 1919.723 99.99900000000025 136.0
0 3471.459 1920.39 99.99900000000025 135.99999999999977
0 3559.459 1919.723 99.99900000000025 136.0
0 3648.792 1918.39 97.99900000000025 137.33400000000006
0 3734.792 1917.723 97.99900000000025 137.33399999999983
0 3820.125 1917.723 97.9989999999998 137.33399999999983
0 3904.125 1914.39 97.9989999999998 137.33400000000006
0 3922.792 1775.057 97.99900000000025 137.33400000000006
0 3838.792 1777.057 97.99900000000025 137.33400000000006
0 3750.792 1779.057 97.99900000000025 137.33400000000006
0 3664.125 1777.724 97.9989999999998 137.33400000000006
0 3575.458 1777.724 97.9989999999998 137.33400000000006
0 3488.125 1779.057 97.9989999999998 137.33400000000006
0 3396.792 1776.391 97.99900000000025 140.66699999999992
0 3306.792 1776.391 97.99900000000025 140.66699999999992
0 3216.792 1776.391 97.99900000000025 140.66699999999992
0 3126.792 1775.724 97.99900000000025 140.66700000000014
0 3037.459 1774.391 95.33200000000033 140.66699999999992
0 611.951 2375.617 93.33299999999997 130.0
0 695.951 2377.617 93.33299999999997 130.0
0 783.284 2378.95 93.33299999999997 130.0
0 866.617 2380.283 96.0 128.66699999999992
0 953.95 2381.616 96.0 128.66699999999992
0 1041.283 2381.616 94.0 129.33399999999983
0 1127.95 2383.616 94.0 129.33399999999983
0 1214.617 2382.949 94.0 129.33399999999983
0 1303.284 2384.282 92.0 129.33399999999983
0 1391.284 2384.949 92.0 129.33399999999983
0 1478.617 2384.949 90.66700000000014 130.66699999999992
0 1566.617 2384.282 86.0 132.0
0 1652.617 2384.282 86.0 132.0
0 1743.95 2384.282 86.0 132.0
0 1829.283 2384.282 86.0 132.0
0 1918.616 2386.282 86.0 132.0
0 2005.283 2385.615 86.0 132.0
0 2093.283 2386.948 86.0 132.0
0 2181.283 2387.615 86.0 132.0
0 2269.283 2387.615 86.0 132.0
0 2356.616 2388.282 86.0 132.0
0 2446.616 2390.949 86.66699999999992 132.00099999999975
0 2447.949 2252.949 86.66699999999992 132.00099999999975
0 2361.949 2250.949 86.66699999999992 132.00099999999975
0 2271.283 2248.282 86.0 136.0
0 2182.616 2248.282 86.0 136.0
0 2093.949 2248.282 86.0 136.0
0 2005.949 2247.615 86.0 136.0
0 1917.949 2246.948 86.0 136.0
0 1829.949 2244.948 86.0 136.0
0 1654.616 2246.282 86.0 136.0
0 1742.616 2246.282 86.0 136.0
0 1564.616 2245.615 86.0 136.66800000000012
0 1475.283 2246.948 89.33400000000006 134.66800000000012
0 1387.283 2246.281 89.33400000000006 134.66800000000012
0 1298.616 2247.614 89.33400000000006 134.66800000000012
0 1210.616 2246.281 89.33400000000006 133.33500000000004
0 1119.949 2247.614 93.33399999999983 131.33500000000004
0 1032.616 2246.281 93.33400000000006 131.33500000000004
0 943.949 2245.614 93.33399999999995 131.33500000000004
0 857.949 2244.947 93.33400000000006 131.33500000000004
0 769.949 2244.947 93.33400000000006 131.33500000000004
0 683.282 2242.947 93.33399999999995 131.33500000000004
0 596.615 2240.947 96.00099999999998 133.33300000000008
0 2581.949 2391.616 89.33399999999983 132.66699999999992
0 2669.282 2392.949 89.33399999999983 132.66699999999992
0 2757.949 2393.616 89.33399999999983 132.66699999999992
0 2845.949 2393.616 94.66699999999992 134.0
0 2934.616 2394.283 94.66699999999992 134.0
0 3022.616 2394.283 94.66699999999992 134.0
0 3111.283 2394.95 94.66699999999992 134.0
0 3199.283 2396.284 96.66699999999992 133.33300000000008
0 3287.283 2395.618 96.66699999999992 130.66699999999992
0 3374.616 2396.285 98.66699999999992 130.66700000000037
0 3461.283 2395.618 98.66699999999992 130.66699999999992
0 3546.616 2393.617 98.66699999999992 130.00099999999975
0 3630.616 2392.284 98.66699999999992 130.00099999999975
0 3715.283 2390.951 98.66699999999992 130.0010000000002
0 3799.283 2388.284 98.66699999999992 130.00099999999975
0 3879.283 2385.617 100.66699999999992 132.00099999999975
0 3899.95 2253.617 100.66700000000037 132.00099999999975
0 3816.617 2255.617 100.66699999999992 132.00099999999975
0 3732.617 2257.617 100.66699999999992 132.00099999999975
0 3647.95 2259.617 99.33400000000029 132.00099999999975
0 3562.617 2260.95 99.33399999999983 132.0010000000002
0 3475.284 2261.617 99.33399999999983 132.00099999999975
0 3386.617 2260.95 99.33399999999983 132.0010000000002
0 3299.284 2260.95 97.33399999999983 132.0
0 3211.284 2260.95 97.33399999999983 132.0
0 3121.951 2260.283 97.33399999999983 132.0
0 3029.951 2259.617 97.33399999999983 131.9989999999998
0 2941.284 2257.617 97.33399999999983 131.9989999999998
0 2853.284 2256.95 94.66699999999992 131.99900000000025
0 2763.951 2256.283 92.66699999999992 131.99900000000025
0 2673.285 2254.95 92.66700000000037 134.0010000000002
0 2584.618 2252.283 91.33400000000029 136.66800000000012
0 219.683 2814.787 95.0 123.0
0 297.183 2818.787 95.0 123.0
0 379.183 2823.287 95.0 123.0
0 459.183 2828.287 95.0 123.0
0 539.683 2832.787 95.0 123.0
0 622.683 2836.787 95.0 123.0
0 705.683 2841.787 95.0 123.0
0 791.183 2844.287 93.5 123.0
0 875.683 2848.787 93.5 123.0
0 960.683 2849.787 93.5 123.0
0 1047.683 2852.287 93.0 121.5
0 1133.683 2853.787 91.5 122.0
0 1220.683 2854.287 90.5 121.5
0 1307.183 2855.287 90.5 121.5
0 1395.683 2855.787 86.5 122.0
0 1482.183 2857.287 86.5 122.0
0 1569.683 2858.787 86.5 122.0
0 1658.183 2859.787 86.5 122.0
0 1746.683 2859.287 84.0 125.0
0 1834.183 2860.787 84.0 125.0
0 1922.683 2861.787 84.0 125.0
0 2008.183 2863.787 84.0 125.0
0 2008.183 2731.787 84.0 125.0
0 1919.183 2731.287 84.5 125.0
0 1830.683 2730.787 84.5 125.0
0 1742.183 2730.287 84.5 125.0
0 1654.183 2728.787 84.5 125.0
0 1565.683 2726.287 86.0 128.5
0 1477.183 2726.287 86.0 128.5
0 1389.183 2724.787 86.0 128.5
0 1300.183 2723.287 89.5 128.5
0 1212.183 2721.787 89.5 128.5
0 1123.683 2722.287 93.5 128.5
0 1035.683 2722.287 93.5 128.5
0 949.183 2720.287 93.5 128.5
0 861.683 2718.787 93.5 128.5
0 776.683 2717.287 94.5 127.5
0 690.183 2714.287 94.5 127.5
0 607.183 2710.287 94.5 127.5
0 523.183 2707.287 94.5 127.5
0 438.183 2702.787 98.5 128.5
0 356.183 2698.787 98.5 128.5
0 273.683 2694.787 103.0 129.0
0 197.183 2690.287 96.5 126.0
0 2145.683 2731.287 83.5 129.0
0 2323.683 2733.287 83.5 129.0
0 2234.183 2733.287 83.5 129.0
0 2411.683 2733.787 87.0 129.0
0 2499.683 2734.287 87.0 129.0
0 2587.683 2734.787 90.5 129.0
0 2676.683 2736.287 90.5 129.0
0 2764.183 2737.787 92.5 130.0
0 2852.683 2738.287 92.5 130.0
0 2943.683 2739.787 92.5 129.5
0 3029.183 2739.787 95.5 127.0
0 3117.183 2738.287 95.5 127.0
0 3205.183 2737.287 95.5 127.0
0 3291.183 2736.787 97.5 127.0
0 3377.683 2733.287 97.5 127.0
0 3461.683 2731.287 99.0 127.0
0 3546.183 2728.287 99.0 127.0
0 3628.683 2723.787 101.5 126.0
0 3711.683 2722.787 101.5 126.0
0 3794.183 2717.787 101.5 126.0
0 3874.683 2714.287 101.5 126.0
0 3954.5 2711.287 101.5 126.0
0 3930.5 2833.287 102.16699999999992 124.66700000000037
0 3850.5 2837.287 102.16699999999992 124.66700000000037
0 3770.5 2841.287 102.16699999999992 124.66700000000037
0 3691.833 2847.287 98.83399999999983 123.33400000000029
0 3610.5 2851.287 98.83399999999983 123.33400000000029
0 3528.5 2854.62 96.83399999999983 123.33400000000029
0 3444.5 2857.953 96.83399999999983 123.33399999999983
0 3359.167 2860.62 96.83400000000029 123.33400000000029
0 3275.833 2863.954 97.50099999999975 123.33399999999983
0 3189.833 2865.287 97.50099999999975 123.33400000000029
0 3104.5 2867.287 97.5010000000002 123.33400000000029
0 3017.167 2869.287 97.5010000000002 123.33400000000029
0 2931.167 2871.287 95.5010000000002 122.66700000000037
0 2843.167 2871.287 95.5010000000002 122.66700000000037
0 2755.834 2870.62 95.5010000000002 122.66699999999992
0 2667.834 2869.953 92.16800000000012 124.49900000000025
0 2580.501 2867.286 92.16799999999967 124.4989999999998
0 2493.834 2867.286 90.16800000000012 123.33300000000008
0 2405.834 2866.619 88.16800000000012 123.33300000000008
0 2317.834 2865.286 88.16800000000012 123.33300000000008
0 2231.834 2863.953 86.16800000000012 125.16600000000017
0 2143.834 2863.286 86.16800000000012 125.16600000000017
0 908.568 11.682 88.0 146.5
0 994.068 9.682 88.0 146.5
0 1079.568 7.682 88.0 146.5
0 1165.068 4.182 89.0 148.5
0 1253.068 1.682 89.0 148.5
0 1340.568 0 89.0 148.5
0 1427.068 0 88.5 148.5
0 1515.068 0 88.5 146.5
0 1603.068 0 88.5 146.5
0 3333.402 0 89.0 144.349
0 3419.902 2 89.0 144.349
0 3754.402 16.5 85.0 147.349
0 3505.402 4 85.0 147.349
0 3588.402 8.5 85.0 147.349
0 3671.402 12.5 85.0 147.349
0 3835.902 21 85.0 147.349
0 3918.402 25.5 85.0 147.349
0 909.152 0 82.25 11.432
0 993.402 0 82.0 7.932
0 1080.402 0 82.5 5.432
0 1689.402 0 89.0 144.349
0 1777.402 0 89.5 143.849
0 1865.902 0 89.5 143.849
0 1954.402 0 89.0 142.849
0 2042.402 0 89.0 142.849
0 2129.402 0 89.0 142.849
0 2218.402 0 89.5 140.349
0 2307.402 0 89.5 140.349
0 2396.902 0 89.5 140.349
0 2485.402 0 89.5 140.349
0 2576.402 0 89.5 139.849
0 2665.402 0 89.5 139.849
0 2753.402 0 89.5 139.849
0 2895.402 0 90.5 136.349
0 2983.902 0 90.5 136.349
0 3070.902 0 90.5 136.349
0 3159.902 0 88.0 139.849
0 3245.902 0 90.0 139.849
0 3999.235 31.015 56.76499999999987 144.66699999999997
0 4004.902 0 51.097999999999956 28.682
0 3922.902 0 81.0 26.349
0 3840.568 0 80.66699999999992 22.015
0 3758.568 0 80.66699999999992 17.015
0 3676.568 0 81.0 12.015
0 3593.235 0 81.66699999999992 9.682
0 3511.902 0 78.0 3.682
0 4032.446 338.435 23.554000000000087 144.5
0 4024.946 485.435 31.054000000000087 144.99999999999994
0 4001.946 808.435 54.05400000000009 146.5
0 3991.446 958.435 64.55400000000009 142.5
0 0 1290.601 59.946 138.5
0 0 1436.101 75.446 132.5
0 4010.604 1293.053 45.396000000000186 141.33299999999986
0 3995.937 1437.72 60.0630000000001 140.0
0 4003.27 1774.22 52.73000000000002 138.0
0 3983.27 1915.553 72.73000000000002 133.99999999999977
0 3981.104 2249.886 74.89600000000019 134.0
0 3961.104 2387.386 94.89600000000019 126.0
0 4043.104 2425.386 12.896000000000186 85.5
0 0 1759.066 59.007 137.0
0 0 1895.566 78.007 133.0
