0 3067.361 149.324 104.5 163.0
0 3160.861 149.824 104.5 163.0
0 3254.361 151.824 105.5 162.5
0 3346.361 152.324 103.0 162.5
0 3437.361 155.324 103.0 160.5
0 3526.861 158.324 103.0 158.5
0 3618.861 160.324 101.0 159.0
0 3706.361 163.824 101.5 159.0
0 3791.861 168.324 101.0 158.0
0 3875.861 172.324 103.0 156.5
0 3899.361 643.824 100.0 146.0
0 3817.361 642.324 100.0 146.0
0 3733.361 639.824 100.0 146.0
0 3649.361 637.324 101.0 149.5
0 3562.361 636.824 101.0 149.5
0 3472.361 636.824 101.0 149.5
0 3384.361 637.324 103.0 150.0
0 3293.861 638.324 103.0 150.0
0 3204.361 639.324 105.5 150.0
0 3027.861 640.824 100.5 152.5
0 3116.861 638.824 100.5 152.5
0 3040.861 479.824 100.5 155.99999999999994
0 3131.861 478.824 100.5 155.99999999999994
0 3223.861 478.824 100.5 155.99999999999994
0 3314.861 479.324 100.5 155.99999999999994
0 3403.861 478.824 100.5 155.99999999999994
0 3492.361 477.824 101.5 155.49999999999994
0 3583.361 479.324 101.5 155.49999999999994
0 3668.861 482.324 103.0 153.49999999999994
0 3754.361 484.824 101.5 152.99999999999994
0 3838.861 486.824 101.5 152.99999999999994
0 3920.361 489.324 101.5 152.99999999999994
0 3054.861 317.824 100.5 157.5
0 3146.361 316.824 103.5 157.5
0 3237.861 316.824 103.5 158.0
0 3331.361 317.824 100.5 156.5
0 3420.861 318.824 102.5 156.5
0 3510.861 320.324 101.5 155.5
0 3599.861 322.324 101.5 155.5
0 3686.361 326.324 103.0 153.5
0 3773.361 328.824 101.5 153.0
0 3857.861 331.824 101.5 153.0
0 3941.361 335.324 101.5 153.0
0 3310.945 1058.371 111.66599999999971 153.33299999999986
0 3404.945 1056.371 111.66599999999971 153.33299999999986
0 3500.445 1055.871 111.66599999999971 153.33299999999986
0 3592.445 1054.871 113.66599999999971 154.33299999999986
0 3683.945 1053.871 113.66599999999971 154.33299999999986
0 3774.945 1055.371 110.16599999999971 152.83299999999986
0 3865.445 1054.871 111.16599999999971 150.83299999999986
0 3873.278 1502.871 107.0 138.0
0 3788.278 1504.371 107.0 138.0
0 3815.278 1360.871 107.0 138.0
0 3899.278 1359.871 107.0 138.0
0 3840.278 1209.371 108.0 146.0
0 3926.278 1207.871 108.0 146.0
0 3749.778 1211.371 108.0 146.0
0 3726.278 1360.371 108.0 146.0
0 3700.278 1506.371 107.0 139.5
0 3611.778 1506.871 107.0 139.5
0 3635.778 1361.871 108.0 146.0
0 3658.945 1208.371 114.66599999999971 151.33299999999986
0 3566.945 1210.871 114.66599999999971 151.33299999999986
0 3546.778 1362.371 108.0 146.0
0 3523.778 1507.871 107.0 139.5
0 3433.278 1509.371 107.0 139.5
0 3345.778 1512.371 107.0 138.0
0 3366.278 1365.871 108.0 144.0
0 3457.278 1365.371 108.0 144.0
0 3384.945 1209.871 111.66599999999971 153.33299999999986
0 3475.945 1209.871 111.66599999999971 153.33299999999986
0 3960.361 175.824 95.63900000000012 157.5
0 4043.861 251.324 12.139000000000124 82.0
0 4022.861 337.824 33.139000000000124 152.0
0 4002.361 494.824 53.639000000000124 147.99999999999994
0 3981.361 646.324 74.63900000000012 146.5
0 3953.278 1054.871 102.72200000000021 150.0
0 4037.778 1099.371 18.222000000000207 104.0
0 4011.278 1206.371 44.72200000000021 149.0
0 3984.278 1354.871 71.72200000000021 144.0
0 3955.778 1500.371 100.22200000000021 137.0
0 4038.778 1540.371 17.222000000000207 96.5
