0 2290.037 1901.692 83.33300000000008 137.33400000000006
0 2202.704 1900.359 83.33299999999963 137.33400000000006
0 2119.371 1899.026 83.33300000000008 137.33399999999983
0 2031.371 1899.026 83.33300000000008 137.33399999999983
0 2034.038 2033.027 83.33300000000008 137.33399999999983
0 2119.371 2037.027 83.33300000000008 137.33399999999983
0 2289.371 2037.694 83.33300000000008 137.33399999999983
0 2203.371 2037.027 83.33300000000008 137.33399999999983
0 2378.038 2042.36 83.33300000000008 137.33400000000006
0 2376.038 1903.693 83.33300000000008 137.33400000000006
0 2464.705 1907.693 83.33300000000008 137.33400000000006
0 2465.372 2041.028 83.33300000000008 137.33400000000006
0 2553.372 2044.361 83.33300000000008 137.33400000000006
0 2552.039 1906.36 83.33299999999963 137.33400000000006
0 2642.039 1909.027 83.33299999999963 137.33400000000006
0 2642.039 2045.695 83.33299999999963 137.33400000000006
0 2728.706 2049.028 83.33300000000008 137.3340000000003
0 2731.373 1911.693 83.33300000000008 137.33400000000006
0 2821.373 1911.026 83.33300000000008 137.33400000000006
0 2817.373 2049.694 83.33300000000008 137.33399999999983
0 2912.04 1915.026 83.33300000000008 137.33400000000006
0 2990.703 2053.193 91.0 132.50199999999995
0 2903.203 2053.193 91.0 132.50199999999995
0 2997.703 1916.692 91.0 132.50199999999995
0 3086.703 1917.192 91.0 132.50199999999995
0 3080.203 2055.193 91.0 132.50199999999995
0 3167.703 2053.693 91.0 132.50199999999995
0 3177.203 1918.692 91.0 132.50199999999995
0 3267.203 1918.692 91.0 132.50199999999995
0 3257.203 2056.693 91.0 132.50199999999995
0 3343.87 2056.693 91.0 132.50199999999995
0 3430.537 2056.693 91.0 132.50199999999995
0 3353.204 1919.358 91.0 132.50200000000018
0 3443.204 1918.025 91.0 132.50199999999995
0 3602.37 2055.36 96.66699999999992 134.00099999999975
0 3515.703 2054.693 96.66699999999992 134.00099999999975
0 3529.036 1917.358 96.66699999999992 134.00099999999998
0 3615.703 1915.358 96.66699999999992 134.00099999999998
0 3701.703 1916.691 96.66699999999992 134.00099999999998
0 3687.703 2051.359 96.66699999999992 134.0010000000002
0 1861.703 1899.358 83.33400000000006 132.00199999999995
0 1945.703 1901.358 83.33400000000006 132.00199999999995
0 1948.37 2034.693 83.33400000000006 132.00200000000018
0 1865.037 2035.36 83.33400000000006 132.00200000000018
0 2116.527 1577.621 81.33300000000008 130.50199999999995
0 2033.86 1577.621 81.33300000000031 130.50199999999995
0 1950.527 1576.954 81.33299999999986 130.50199999999995
0 1865.86 1576.954 81.45800000000008 130.50199999999995
0 1778.527 1575.621 81.45799999999986 130.50199999999995
0 1777.86 1440.286 81.45800000000008 130.50199999999995
0 1863.193 1440.286 81.45800000000008 130.50199999999995
0 1946.526 1440.286 81.45799999999986 130.50199999999995
0 2030.526 1438.953 81.45799999999986 130.50199999999995
0 2115.859 1439.62 81.45800000000008 130.50200000000018
0 2200.526 1439.62 81.45800000000008 130.50200000000018
0 2288.526 1440.287 81.45800000000008 130.50199999999995
0 2375.859 1440.954 81.45800000000008 130.50199999999995
0 2201.859 1576.289 81.45800000000008 130.50199999999995
0 2286.526 1578.956 81.45800000000008 130.50200000000018
0 2373.193 1578.289 81.45799999999963 130.50199999999995
0 2460.193 1580.289 81.45799999999963 130.50199999999995
0 2460.693 1440.788 81.45799999999963 130.50199999999995
0 2549.693 1442.288 81.45799999999963 130.50199999999995
0 2547.193 1581.289 81.45799999999963 130.50199999999995
0 2635.693 1581.789 81.45799999999963 130.50199999999995
0 2815.777 1437.286 92.0 137.50199999999995
0 2636.777 1436.786 92.0 137.50199999999995
0 2725.277 1435.786 92.0 137.50199999999995
0 2720.277 1577.787 92.0 137.50199999999995
0 2810.777 1577.787 92.0 137.50199999999995
0 2899.277 1579.287 92.0 137.50199999999995
0 2906.277 1438.286 92.0 137.50199999999995
0 2999.61 1436.953 92.0 137.50199999999995
0 3086.277 1436.953 92.0 137.50199999999995
0 3180.277 1435.62 92.0 137.50200000000018
0 3268.277 1437.62 92.0 137.50200000000018
0 3359.61 1436.287 92.0 137.50199999999995
0 3448.277 1438.954 92.0 137.50199999999995
0 3436.277 1580.955 92.0 137.50200000000018
0 3348.277 1580.955 92.0 137.50200000000018
0 3258.277 1579.622 92.0 137.50199999999995
0 3170.277 1579.622 92.0 137.50199999999995
0 3078.944 1578.955 92.0 137.50200000000018
0 2990.944 1579.622 92.0 137.50199999999995
0 1607.11 1436.62 86.0 136.0010000000002
0 1690.61 1436.12 86.0 136.0010000000002
0 1694.61 1573.121 86.0 136.00099999999998
0 1610.61 1573.621 86.0 136.00099999999998
0 1179.61 2371.129 87.0 127.50199999999995
0 1092.943 2371.129 87.0 127.50199999999995
0 1010.943 2370.129 87.0 127.50199999999995
0 925.943 2370.129 87.0 127.50199999999995
0 934.943 2497.13 87.0 127.50199999999995
0 1018.943 2502.13 87.0 127.50199999999995
0 1103.943 2500.13 87.0 127.50199999999995
0 1186.943 2501.13 87.0 127.50199999999995
0 1272.943 2503.13 87.0 127.50199999999995
0 1263.943 2373.129 87.0 127.50199999999995
0 1348.943 2374.129 87.0 127.50199999999995
0 1355.943 2506.13 87.0 127.50199999999995
0 1440.943 2505.13 87.0 127.50199999999995
0 1437.943 2376.129 87.0 127.50199999999995
0 1526.943 2506.13 87.0 127.50199999999995
0 1522.943 2375.129 87.0 127.50199999999995
0 1611.943 2506.13 87.0 127.50199999999995
0 1608.943 2372.129 87.0 127.50199999999995
0 1693.943 2374.129 87.0 127.50199999999995
0 1695.943 2507.13 87.0 127.50199999999995
0 1781.943 2508.13 87.0 127.50199999999995
0 1780.943 2375.129 87.0 127.50199999999995
0 1866.943 2376.129 87.0 127.50199999999995
0 1953.943 2379.129 87.0 127.50199999999995
0 1868.943 2509.13 87.0 127.50199999999995
0 2043.443 2511.297 80.00000000000023 131.00199999999995
0 1957.443 2508.297 80.0 131.00199999999995
0 2130.443 2376.296 80.0 131.00199999999995
0 2043.443 2378.296 80.00000000000023 131.00199999999995
0 2131.443 2512.297 80.0 131.00199999999995
0 2217.443 2512.297 80.0 131.00199999999995
0 2218.443 2380.296 80.0 131.00199999999995
0 2306.443 2381.296 80.0 131.00199999999995
0 2304.443 2511.297 80.0 131.00199999999995
0 2391.443 2515.297 80.0 131.00199999999995
0 2392.443 2382.296 80.0 131.00199999999995
0 2480.443 2382.296 80.0 131.00199999999995
0 2476.443 2517.297 80.0 131.00199999999995
0 758.036 2365.127 87.5 125.5010000000002
0 842.536 2367.627 87.5 125.5010000000002
0 676.036 2363.127 87.5 125.5010000000002
0 688.536 2493.628 87.5 125.50099999999975
0 770.036 2495.628 87.5 125.50099999999975
0 853.036 2498.128 87.5 125.50099999999975
0 3059.424 2391.563 93.0 131.0
0 2971.424 2391.563 93.0 131.0
0 2883.424 2391.563 93.0 131.0
0 2793.424 2390.563 93.0 131.0
0 3147.424 2392.563 93.0 131.0
0 3325.424 2393.563 93.0 131.0
0 3236.424 2393.563 93.0 131.0
0 3227.424 2525.563 93.0 131.0
0 3141.424 2524.563 93.0 131.0
0 3053.424 2524.563 93.0 131.0
0 2963.424 2525.563 93.0 131.0
0 2877.424 2522.563 93.0 131.0
0 2788.424 2522.563 93.0 131.0
0 3315.424 2525.563 93.0 131.0
0 3584.757 2393.897 95.33399999999983 127.33300000000008
0 3499.757 2393.897 95.33399999999983 127.33300000000008
0 3412.757 2394.897 95.33399999999983 127.33300000000008
0 3399.757 2526.897 95.33399999999983 127.33300000000008
0 3483.757 2526.897 95.33399999999983 127.33300000000008
0 3570.757 2523.897 95.33399999999983 127.33300000000008
0 3653.757 2521.897 95.33399999999983 127.33300000000008
0 3668.757 2392.897 95.33399999999983 127.33300000000008
0 3754.757 2393.897 95.33399999999983 127.33300000000008
0 3736.757 2518.897 95.33399999999983 127.33300000000008
0 3819.757 2517.897 95.33399999999983 127.33300000000008
0 3837.757 2388.897 95.33399999999983 127.33300000000008
0 3919.757 2386.897 95.33399999999983 127.33300000000008
0 3899.757 2513.897 95.33399999999983 127.33300000000008
0 2618.424 2385.23 86.66699999999992 132.0
0 2707.757 2387.23 86.66699999999992 132.0
0 2703.757 2521.23 86.66699999999992 132.0
0 2617.09 2519.897 86.66699999999992 132.0
0 1270.165 2834.556 86.0 123.0
0 1187.165 2834.556 86.0 123.0
0 1104.165 2830.556 86.0 123.0
0 1020.165 2828.556 86.0 123.0
0 937.165 2825.556 86.0 123.0
0 1354.165 2837.556 86.0 123.0
0 1440.165 2842.556 86.0 123.0
0 1526.165 2844.556 86.0 123.0
0 1613.165 2844.556 86.0 123.0
0 1696.165 2844.556 86.0 123.0
0 2132.165 2852.556 81.0 125.0
0 1786.165 2843.556 81.0 125.0
0 1872.165 2846.556 81.0 125.0
0 1959.165 2851.556 81.0 125.0
0 2045.165 2851.556 81.0 125.0
0 2218.165 2856.556 81.0 125.0
0 2307.165 2853.556 81.0 125.0
0 2393.165 2857.556 81.0 125.0
0 2480.165 2857.556 81.0 125.0
0 2570.165 2860.556 81.0 125.0
0 2655.498 2859.223 81.0 125.0
0 2743.498 2859.223 81.0 125.0
0 3226.165 2861.223 93.0 121.0
0 2879.165 2863.223 93.0 121.0
0 2965.165 2863.223 93.0 121.0
0 3053.165 2864.223 93.0 121.0
0 3139.165 2865.223 93.0 121.0
0 3314.165 2858.223 93.0 121.0
0 3397.165 2860.223 93.0 121.0
0 3483.165 2856.223 93.0 121.0
0 3566.165 2854.223 93.0 121.0
0 3648.165 2852.223 93.0 121.0
0 3811.832 2843.056 96.0 121.5
0 3730.332 2848.056 96.0 121.5
0 3893.332 2839.056 96.0 121.5
0 1112.275 2955.845 83.5 84.1550000000002
0 1030.775 2953.845 83.5 84.1550000000002
0 1278.775 2962.845 84.0 77.1550000000002
0 1195.775 2960.845 84.0 77.1550000000002
0 1363.275 2962.845 84.0 77.1550000000002
0 1448.275 2968.345 82.0 71.6550000000002
0 1532.775 2969.345 81.5 70.6550000000002
0 1617.775 2972.345 82.5 67.6550000000002
0 1702.275 2973.345 83.0 66.6550000000002
0 1788.775 2974.845 83.5 65.1550000000002
0 1960.275 2978.345 83.0 61.6550000000002
0 1873.775 2976.345 82.0 63.6550000000002
0 2046.275 2979.345 81.5 60.6550000000002
0 2132.775 2979.345 81.5 60.6550000000002
0 2218.275 2982.845 83.0 57.1550000000002
0 2305.275 2982.845 83.0 57.1550000000002
0 2392.775 2982.845 83.0 57.1550000000002
0 2564.775 2986.345 82.0 53.6550000000002
0 2478.775 2986.345 82.0 53.6550000000002
0 2653.775 2986.345 82.0 53.6550000000002
0 2739.775 2986.345 82.0 53.6550000000002
0 946.239 2951.013 86.66699999999992 88.98700000000008
0 3971.906 2837.68 84.09400000000005 121.66700000000037
0 4040.239 2961.347 15.760999999999967 78.65299999999979
0 3958.572 2961.347 91.33399999999983 78.65299999999979
0 3878.239 2961.347 90.0 78.65299999999979
0 3798.239 2966.013 89.66699999999992 73.98700000000008
0 3716.906 2969.347 90.33300000000008 70.65299999999979
0 3554.239 2977.68 89.33300000000008 62.320000000000164
0 3637.239 2974.013 87.33300000000008 65.98700000000008
0 3390.239 2983.68 85.66699999999992 56.320000000000164
0 3472.906 2982.347 86.0 57.65299999999979
0 3305.239 2985.347 86.33300000000008 54.65299999999979
0 3135.239 2988.347 86.33300000000008 51.65299999999979
0 3220.239 2987.013 87.0 52.98700000000008
0 3048.906 2989.347 85.66600000000017 50.65299999999979
0 2961.572 2989.347 87.66699999999992 50.65299999999979
0 2875.239 2988.68 87.33300000000008 51.320000000000164
0 3997.337 2381.103 58.66300000000001 130.0
0 3978.337 2513.603 77.66300000000001 125.5
