0 1.865 1932.343 171.001 167.00199999999973
0 84.866 1906.343 171.00099999999998 167.00199999999973
0 170.867 1879.343 171.001 167.00199999999995
0 255.868 1853.343 171.00100000000003 167.00199999999995
0 340.869 1823.343 175.00099999999998 169.00199999999995
0 428.87 1795.343 175.00099999999998 169.00199999999995
0 521.871 1766.343 170.00099999999998 171.00199999999995
0 609.872 1737.343 172.0010000000001 173.00199999999995
0 700.873 1710.343 172.00099999999998 173.00199999999995
0 791.874 1679.343 169.00099999999998 177.00199999999995
0 882.875 1650.343 167.00099999999998 174.00199999999995
0 1068.876 1592.342 163.00099999999998 178.00199999999995
0 975.876 1621.343 167.00099999999998 174.00199999999995
0 1164.877 1563.342 158.00099999999998 176.00199999999995
0 1256.878 1535.342 158.00099999999998 176.00199999999995
0 1351.879 1505.342 155.0010000000002 176.00199999999995
0 1442.88 1475.342 153.00099999999998 178.00199999999995
0 1535.881 1447.342 148.00099999999998 178.00199999999995
0 1624.882 1418.342 145.00099999999998 179.00199999999995
0 1716.883 1390.342 139.00099999999998 181.00199999999995
0 72.865 1725.341 176.002 180.00200000000018
0 161.866 1697.341 176.00199999999998 176.00200000000018
0 246.867 1669.341 180.00200000000004 177.00200000000018
0 339.868 1641.341 180.002 177.00200000000018
0 429.869 1611.341 180.00199999999995 177.00200000000018
0 522.87 1580.341 176.00199999999995 182.00200000000018
0 615.871 1552.341 173.00200000000007 182.00200000000018
0 707.872 1520.341 173.00200000000007 185.00200000000018
0 802.873 1491.341 173.00199999999995 185.00200000000018
0 898.874 1459.341 169.00199999999995 187.00200000000018
0 991.875 1431.341 170.00199999999995 187.00200000000018
0 1086.876 1402.341 170.00199999999995 186.00200000000018
0 1184.877 1373.341 164.00199999999995 185.00200000000018
0 1277.878 1342.341 164.00200000000018 185.00200000000018
0 1375.879 1315.341 160.00200000000018 185.00200000000018
0 1469.88 1286.341 153.00199999999995 185.00200000000018
0 1564.881 1256.341 150.00199999999995 185.00200000000018
0 1660.882 1226.341 142.00199999999995 188.00200000000018
0 4.789 1308.61 169.001 185.00200000000018
0 86.79 1279.61 169.00099999999998 185.00200000000018
0 173.791 1249.61 169.00099999999998 185.00200000000018
0 262.792 1220.61 169.00100000000003 185.00200000000018
0 349.793 1190.61 173.00099999999998 185.00200000000018
0 435.794 1159.61 173.00099999999998 187.00200000000018
0 529.795 1129.61 171.0010000000001 190.00200000000018
0 617.796 1103.61 171.00099999999998 188.00200000000018
0 709.797 1074.61 171.00099999999998 188.00200000000018
0 798.798 1046.61 171.00099999999998 188.00200000000018
0 891.799 1015.61 171.00099999999998 188.00200000000007
0 981.8 988.61 166.00099999999998 188.00200000000007
0 1076.801 956.61 166.00099999999998 195.00200000000007
0 1166.802 928.61 163.0010000000002 195.00200000000007
0 1260.803 899.61 163.00099999999998 195.00200000000007
0 1354.804 871.61 156.00099999999998 199.00200000000007
0 1445.804 842.609 153.00099999999998 200.00200000000007
0 1538.805 814.609 146.00099999999998 198.00199999999995
0 0 1112.608 169.79 194.00199999999995
0 84.001 1083.608 169.79 194.00199999999995
0 170.002 1053.608 169.78999999999996 194.00199999999995
0 258.003 1022.608 169.79000000000002 194.00199999999995
0 349.004 992.608 174.78999999999996 194.00199999999995
0 441.005 958.608 174.78999999999996 198.00199999999995
0 532.006 928.608 174.79000000000008 198.00199999999995
0 624.007 897.608 174.79000000000008 201.00199999999995
0 717.008 868.608 174.78999999999996 201.00199999999995
0 814.009 840.608 167.78999999999996 201.00199999999995
0 907.01 808.608 167.78999999999996 201.00200000000007
0 1002.011 777.608 163.78999999999996 204.00200000000007
0 1096.012 748.608 163.78999999999996 204.00200000000007
0 1190.013 718.608 163.7900000000002 204.00200000000007
0 1286.347 690.608 159.78999999999996 204.00200000000007
0 1380.348 661.608 156.78999999999996 204.00200000000007
0 1475.349 632.608 151.78999999999996 208.00200000000007
0 21.914 683.474 165.002 199.00199999999995
0 105.915 653.474 165.00199999999995 199.00199999999995
0 188.916 621.474 165.002 199.00199999999995
0 276.917 591.474 165.002 199.00199999999995
0 364.918 559.474 167.00199999999995 202.00199999999995
0 452.919 529.474 165.00200000000007 201.00199999999995
0 542.92 499.474 165.00200000000007 201.002
0 631.921 469.474 165.00199999999995 205.002
0 720.922 440.474 165.00199999999995 205.002
0 811.923 411.474 165.00199999999995 205.002
0 903.924 381.474 159.00199999999995 206.002
0 995.925 351.474 159.00199999999995 204.002
0 1087.926 322.474 159.00200000000018 210.002
0 1177.927 293.474 156.00200000000018 210.002
0 1267.928 265.474 156.00199999999995 210.002
0 1362.929 235.474 151.00199999999995 214.002
0 20.914 479.472 165.002 199.00200000000007
0 106.915 447.472 165.00199999999995 199.00200000000007
0 191.916 414.472 170.002 204.00200000000007
0 279.917 381.472 170.002 203.00200000000007
0 370.918 348.472 165.00199999999995 206.00200000000007
0 460.919 317.472 165.00200000000007 206.00200000000007
0 551.92 284.472 163.00200000000007 213.002
0 642.921 252.472 163.00199999999995 213.00199999999998
0 735.922 223.472 163.00199999999995 213.00199999999998
0 831.923 190.472 159.00199999999995 214.00199999999998
0 920.924 162.472 159.00199999999995 214.00199999999998
0 1013.925 133.472 159.00199999999995 214.00199999999998
0 1106.926 101.472 159.00200000000018 214.002
0 1202.927 73.472 153.00200000000018 214.002
0 1293.928 42.472 153.00199999999995 214.00199999999998
0 44.497 87.562 159.00099999999998 202.002
0 129.498 52.562 159.00100000000003 206.002
0 214.499 23.562 156.001 204.00199999999998
0 0 1802.342 82.866 154.00099999999998
0 0 1954.343 93.866 171.00199999999973
0 0 1754.341 164.866 176.00200000000018
0 0 1333.61 90.79 187.00200000000018
0 0 1148.608 84.79 188.00199999999995
0 0 858.476 22.914 63.000999999999976
0 0 716.475 106.915 195.00199999999995
0 0 663.371 18.857 59.0
0 0 513.369 103.858 198.00199999999995
0 0 224.564 40.497 115.001
0 0 118.562 121.498 202.003
0 0 26.561 40.497 110.00199999999998
0 0 0 126.498 118.562
0 92.498 0 117.99999999999999 85.562
0 191.498 0 106.00100000000003 53.562
0 290.499 0 72.0 19.561
0 299.499 0 157.00099999999998 198.563
0 387.5 0 156.00099999999998 163.563
0 487.5 0 139.00099999999998 133.563
0 587.501 0 130.00099999999998 104.562
0 689.502 0 111.0 74.562
0 789.502 0 98.00100000000009 43.562
0 886.503 0 61.0 15.561
