0 3773.86 1591.032 123.33300000000008 100.66600000000017
0 3670.527 1589.699 123.33300000000008 100.66599999999994
0 3567.86 1589.032 123.33300000000008 100.66600000000017
0 3873.193 1591.699 123.33299999999963 100.66599999999994
0 3898.526 1491.699 123.33300000000008 100.66599999999994
0 3798.526 1491.032 123.33300000000008 100.66600000000017
0 3693.86 1488.365 123.33300000000008 100.66599999999994
0 3589.86 1487.032 123.33300000000008 100.66600000000017
0 3648.527 1689.032 123.33300000000008 100.66600000000017
0 3545.194 1688.365 123.33300000000008 100.66599999999994
0 3749.861 1689.698 123.33300000000008 100.66599999999994
0 3849.194 1690.365 123.33300000000008 100.66599999999994
0 3727.193 1787.532 120.5 97.0
0 3826.193 1788.532 120.5 97.0
0 3923.193 1787.532 120.5 97.0
0 3627.193 1787.032 120.5 97.0
0 3522.693 1787.532 121.5 97.0
0 3669.163 913.148 122.66699999999992 111.33299999999997
0 3895.164 815.148 122.66699999999992 111.33299999999997
0 3771.83 917.815 122.66699999999992 111.33299999999986
0 3871.164 923.148 122.66699999999992 111.33299999999997
0 3793.164 811.815 122.66699999999992 111.33299999999997
0 3689.164 807.815 122.66699999999992 111.33299999999997
0 3587.164 803.815 122.66699999999992 111.33299999999997
0 3565.164 910.815 122.66699999999992 111.33299999999997
0 3545.164 1015.815 122.66699999999992 111.33299999999986
0 3647.831 1020.482 122.66699999999992 111.33300000000008
0 3749.831 1023.149 122.66699999999992 111.33299999999997
0 3846.498 1028.482 122.66699999999992 108.0
0 3824.498 1129.815 122.66699999999992 108.0
0 3728.498 1127.815 122.66699999999992 108.0
0 3627.165 1124.482 122.66699999999992 108.0
0 3523.165 1121.815 122.66699999999992 108.0
0 3921.165 1134.482 122.66699999999992 108.0
0 3760.677 269.369 112.66699999999992 116.66699999999997
0 3776.677 161.369 112.66699999999992 116.667
0 3874.01 168.036 112.66699999999992 116.66699999999997
0 3859.343 277.369 112.66700000000037 116.66699999999997
0 3660.676 262.702 112.66699999999992 116.66700000000003
0 3676.009 153.369 112.66699999999992 116.667
0 3576.009 144.702 112.66699999999992 116.66700000000003
0 3560.676 258.035 112.66699999999992 116.66699999999997
0 3546.009 366.702 112.66699999999992 116.66700000000003
0 3646.009 374.035 112.66699999999992 116.66699999999997
0 3743.342 380.035 112.66699999999992 116.66699999999997
0 3842.009 383.368 112.66699999999992 116.66700000000003
0 3936.676 390.701 112.66699999999992 116.66699999999997
0 3727.51 488.036 113.0 109.99999999999994
0 3628.843 482.703 113.0 110.0
0 3530.176 478.703 113.0 110.0
0 3824.843 493.37 113.0 110.0
0 3920.176 500.037 113.0 110.00000000000006
0 3750.598 2266.754 125.33399999999983 92.66699999999992
0 3851.265 2265.421 125.33400000000029 92.66700000000037
0 3649.265 2268.754 125.33400000000029 92.66699999999992
0 3547.265 2271.421 125.33400000000029 92.66700000000037
0 3547.265 2271.421 125.33400000000029 92.66700000000037
0 3673.932 2178.753 125.33400000000029 92.66699999999992
0 3777.265 2174.753 125.33400000000029 92.66699999999992
0 3877.265 2172.086 125.33400000000029 92.66700000000037
0 3824.598 2352.088 125.33399999999983 92.66699999999992
0 3725.931 2357.421 125.33399999999983 92.66700000000037
0 3626.598 2358.088 125.33399999999983 92.66699999999992
0 3524.598 2360.755 125.33399999999983 92.66699999999992
0 3603.265 2446.756 122.0 88.0010000000002
0 3503.265 2450.089 122.0 88.0010000000002
0 3704.598 2444.089 122.0 88.0010000000002
0 3797.931 2440.756 122.0 88.0010000000002
0 3921.265 2350.088 122.0 90.00099999999975
0 3892.598 2436.756 123.5 90.0010000000002
0 3569.265 2179.586 126.0 92.33400000000029
0 3653.598 2842.594 123.0 83.33399999999983
0 3552.598 2848.594 123.0 83.33399999999983
0 3525.931 2927.262 123.0 83.33399999999983
0 3626.598 2921.595 123.0 83.33400000000029
0 3725.931 2914.928 123.0 83.33400000000029
0 3753.931 2836.26 123.0 83.33399999999983
0 3852.431 2830.26 123.0 83.33399999999983
0 3822.431 2908.261 123.0 83.33399999999983
0 3918.931 2903.261 123.0 83.33399999999983
0 3971.411 175.536 84.58899999999994 115.5
0 3954.411 285.036 101.58899999999994 113.5
0 4031.411 401.036 24.588999999999942 104.5
0 4012.911 505.036 43.08899999999994 106.49999999999994
0 3993.411 820.036 62.58899999999994 109.0
0 3970.911 927.036 85.08899999999994 109.00000000000011
0 3948.411 1033.036 107.58899999999994 104.5
0 4043.411 1084.536 12.588999999999942 56.0
0 4019.911 1138.036 36.08899999999994 102.0
0 3997.744 1493.203 58.25599999999986 100.66699999999992
0 3972.744 1593.87 83.25599999999986 99.66600000000017
0 3947.078 1693.536 108.92200000000003 96.33399999999983
0 4043.411 1739.536 12.588999999999942 52.0
0 4017.078 1790.536 38.922000000000025 93.0
0 3976.244 2171.203 79.75599999999986 92.33300000000008
0 3947.911 2260.87 108.08899999999994 93.33300000000008
0 4044.578 2312.203 11.422000000000025 37.333000000000084
0 4015.911 2348.87 40.08899999999994 87.33300000000008
0 3987.578 2435.203 68.42200000000003 84.0
0 3947.862 2821.181 108.13799999999992 87.0
0 4043.612 2862.681 12.38799999999992 38.5
0 4013.362 2899.681 42.63799999999992 81.5
0 3989.862 2976.431 66.13799999999992 63.56899999999996
0 3894.862 2980.431 119.0 59.56899999999996
0 3803.612 2986.681 113.25 53.31899999999996
0 3709.112 2993.181 112.0 46.81899999999996
0 3612.112 2999.681 110.5 40.31899999999996
0 3514.862 3005.931 108.25 34.06899999999996
