0 656.026 2203.854 202.66700000000003 128.0
0 856.693 2189.854 202.66699999999992 128.0
0 658.026 2317.854 202.66700000000003 128.0
0 860.693 2299.187 202.66699999999992 128.0
0 665.36 2545.187 198.66599999999994 126.66699999999992
0 662.027 2433.854 198.66599999999994 126.66700000000037
0 863.36 2415.187 198.66600000000005 126.66699999999992
0 867.36 2528.52 198.66600000000005 126.66699999999992
0 671.36 2661.854 198.66599999999994 126.66700000000037
0 870.027 2639.187 198.66599999999994 126.66699999999992
0 873.36 2746.52 198.66600000000005 126.66699999999992
0 684.733 2883.867 193.33300000000008 130.0
0 680.066 2771.867 193.33299999999997 130.0
0 881.4 2859.2 193.33299999999997 130.0
0 1068.4 2504.534 184.0 126.0
0 1070.4 2612.534 184.0 126.0
0 1072.4 2724.534 184.0 126.0
0 1065.4 2393.534 184.0 126.0
0 1076.4 2833.534 184.0 130.0
0 1063.067 2283.201 184.0 126.0
0 1058.4 2173.867 188.0 122.66699999999992
0 457.552 2451.808 200.0 126.0
0 462.552 2570.808 200.0 126.0
0 469.552 2683.808 200.0 126.0
0 474.552 2795.808 200.0 126.0
0 451.552 2336.475 203.33299999999997 125.33300000000008
0 449.552 2221.808 200.0 126.0
0 483.552 2907.808 200.0 126.0
0 59.886 2525.141 185.0 112.0
0 53.886 2422.141 185.0 112.0
0 67.886 2629.141 185.0 112.0
0 73.886 2735.141 185.00000000000003 112.0
0 81.886 2837.141 185.00000000000003 112.0
0 49.886 2311.141 185.0 112.0
0 41.886 2204.474 187.667 110.66699999999992
0 37.886 2096.474 187.667 112.0
0 31.219 1987.808 189.0 111.33300000000008
0 89.742 2940.414 186.668 99.58599999999979
0 0 2955.747 91.742 84.25300000000016
0 0 2853.079 83.075 107.33500000000004
0 0 2748.412 73.075 105.33400000000029
0 0 2645.744 67.075 103.33399999999983
0 0 2539.076 61.075 104.0010000000002
0 0 2433.075 53.741 104.66800000000012
0 0 2323.074 47.741 103.33399999999983
0 0 2212.406 39.741 107.33399999999983
0 0 2105.738 36.408 105.33400000000029
0 0 1995.737 29.741 105.33399999999983
0 480.829 3017.983 203.334 22.016999999999825
0 690.83 2994.649 190.668 45.35100000000011
0 885.498 2967.982 189.33500000000004 72.01800000000003
0 1078.166 2939.982 184.00099999999998 100.01800000000003
