0 317.615 691.837 143.002 155.00099999999998
0 423.616 613.836 143.00200000000007 155.00099999999998
0 379.616 530.835 143.00200000000007 155.00099999999998
0 275.615 611.836 143.002 155.00099999999998
0 360.616 772.838 143.002 155.0010000000001
0 467.617 694.837 143.002 155.00099999999998
0 513.617 782.838 143.00200000000007 155.0010000000001
0 403.616 859.839 143.00200000000007 155.00099999999998
0 448.616 940.84 143.00200000000007 155.00099999999986
0 556.617 867.839 143.00200000000007 155.00099999999998
0 601.617 949.84 143.00200000000007 155.00099999999986
0 492.616 1026.841 144.00200000000007 149.0010000000002
0 537.616 1107.842 144.00200000000007 149.00099999999998
0 643.617 1036.841 148.00200000000007 149.0010000000002
0 688.617 1119.842 148.00200000000007 149.00099999999998
0 577.616 1189.843 148.00200000000007 149.00099999999998
0 622.616 1271.844 148.00200000000007 149.00099999999998
0 735.617 1204.176 151.33500000000004 145.66800000000012
0 780.617 1292.844 154.00200000000007 142.00099999999998
0 663.616 1359.845 154.00200000000007 142.00099999999998
0 710.616 1441.846 154.00200000000007 142.00099999999998
0 823.617 1376.845 154.00200000000007 142.00099999999998
0 871.617 1457.846 154.00199999999995 142.00099999999998
0 757.616 1524.847 154.00200000000007 142.00099999999998
0 799.616 1604.848 154.00200000000007 142.00099999999998
0 915.617 1539.847 154.00199999999995 142.00099999999998
0 958.617 1622.181 158.00199999999995 141.6679999999999
0 841.616 1685.849 156.00200000000007 137.00099999999998
0 886.616 1768.85 156.00199999999995 137.0010000000002
0 1004.617 1706.849 156.00199999999995 137.00099999999998
0 1049.617 1788.85 156.00199999999995 137.0010000000002
0 931.616 1848.851 156.00199999999995 137.00099999999998
0 977.616 1929.852 155.00199999999995 137.00099999999998
0 1094.617 1869.851 155.00199999999995 137.00099999999998
0 1139.617 1949.852 155.00199999999995 137.00099999999998
0 1021.616 2007.853 155.00199999999995 137.00099999999975
0 1065.616 2085.854 155.00199999999995 137.0010000000002
0 1181.617 2030.853 160.00199999999995 136.00099999999975
0 138.753 611.417 133.33500000000004 150.668
0 178.753 691.418 133.33500000000004 150.668
0 220.087 770.086 133.33500000000004 150.668
0 260.087 851.42 133.33500000000004 150.668
0 304.087 934.754 133.33500000000004 150.668
0 344.754 1016.755 140.66899999999998 149.33399999999995
0 384.754 1098.09 142.66899999999998 148.66700000000014
0 429.421 1178.758 143.33599999999996 145.33400000000006
0 472.088 1260.759 143.33599999999996 144.66699999999992
0 516.088 1342.093 143.336 140.66699999999992
0 559.422 1426.094 146.66899999999998 138.0
0 603.422 1506.762 146.66899999999998 138.0
0 648.089 1588.096 146.66899999999998 136.66699999999992
0 690.089 1668.097 146.66899999999998 135.33400000000006
0 734.089 1747.431 146.66899999999998 135.33400000000006
0 775.423 1828.766 150.00199999999995 132.66699999999992
0 822.09 1906.767 150.00199999999995 132.66699999999992
0 866.09 1987.435 149.33499999999992 130.66699999999992
0 910.757 2067.436 149.33500000000015 128.0
0 953.424 2144.103 149.33500000000004 128.0
0 237.421 530.749 137.33499999999998 156.668
0 338.089 446.082 142.668 160.668
0 444.757 360.748 146.66799999999995 164.00100000000003
0 486.757 445.416 148.66799999999995 163.334
0 528.757 532.084 152.668 161.33300000000008
0 574.091 616.085 152.668 161.33299999999997
0 619.425 702.753 156.0010000000001 161.33299999999997
0 664.092 790.754 156.668 157.33299999999997
0 709.426 875.422 158.00099999999998 157.33300000000008
0 756.093 962.09 156.668 156.66600000000005
0 800.093 1046.757 160.0010000000001 157.33299999999986
0 847.427 1133.425 158.668 152.0
0 894.761 1219.426 158.66800000000012 152.0
0 940.095 1306.761 163.33500000000004 149.33300000000008
0 986.095 1392.096 164.00199999999995 144.66599999999994
0 1032.095 1476.097 164.00199999999995 144.66599999999994
0 1078.762 1558.765 164.00199999999995 144.66599999999994
0 1123.429 1642.766 164.00199999999995 141.33299999999986
0 1169.429 1727.434 164.00199999999995 141.33300000000008
0 1213.429 1809.435 164.00199999999995 141.33300000000008
0 1256.763 1892.102 166.6690000000001 138.66699999999992
0 1301.43 1973.436 163.336 137.33400000000006
0 402.09 278.08 146.66800000000006 164.00100000000003
0 294.756 362.748 146.668 164.00100000000003
0 194.755 445.416 138.668 163.00100000000003
0 101.754 530.417 131.668 156.00099999999998
0 64.754 452.416 127.66799999999999 156.00100000000003
0 158.088 366.415 133.66799999999998 160.66799999999995
0 258.756 282.414 137.668 162.00100000000003
0 362.757 195.079 144.33499999999998 164.668
0 26.087 370.415 127.66799999999999 156.00100000000003
0 121.421 286.414 131.00099999999998 158.668
0 218.755 199.746 136.334 161.335
0 322.756 110.412 141.66700000000003 166.66799999999998
0 82.754 209.747 131.00099999999998 157.33499999999998
0 180.755 121.079 135.00099999999998 161.33499999999998
0 283.423 33.745 139.00099999999998 161.335
0 45.42 131.746 131.00099999999998 160.00199999999998
0 142.088 40.412 135.001 165.335
0 7.42 52.412 131.001 163.335
0 2.32 2934.752 126.668 104.66800000000012
0 624.992 2934.752 139.33400000000006 105.24800000000005
0 726.993 2898.085 143.33399999999995 110.58100000000013
0 828.994 2858.085 152.00099999999998 112.58100000000013
0 485.657 2898.085 136.00100000000003 104.58100000000013
0 581.658 2861.418 140.668 106.58099999999968
0 680.992 2820.085 146.0010000000001 109.91399999999976
0 785.66 2778.752 152.00099999999998 115.24699999999984
0 741.66 2699.418 151.33400000000006 117.24699999999984
0 590.992 2664.75 146.0010000000001 112.58100000000013
0 536.324 2785.418 142.668 109.91399999999976
0 442.323 2824.751 136.00099999999998 104.58099999999968
0 400.323 2749.417 132.668 107.24800000000005
0 492.99 2708.084 141.33500000000004 112.58100000000013
0 635.659 2743.418 146.00099999999998 112.58099999999968
0 695.66 2618.75 151.33400000000006 119.91400000000021
0 354.323 2674.083 134.00100000000003 109.91499999999996
0 446.99 2633.417 141.33500000000004 112.58100000000013
0 545.658 2586.083 145.33399999999995 116.58100000000013
0 650.326 2538.082 150.00099999999998 122.58100000000013
0 309.655 2598.75 134.668 111.24800000000005
0 402.323 2555.416 141.33500000000004 112.58099999999968
0 499.658 2508.749 145.33399999999995 116.58100000000013
0 602.992 2458.081 150.0010000000001 122.58099999999968
0 266.988 2519.416 132.668 113.91499999999996
0 356.989 2474.748 138.002 117.91499999999996
0 452.991 2426.081 145.33400000000006 123.24800000000005
0 558.325 2376.747 150.00099999999998 122.58100000000013
0 224.321 2444.749 131.335 113.91500000000042
0 314.322 2398.081 138.002 117.91499999999996
0 408.991 2347.414 142.00099999999998 122.58099999999968
0 510.991 2294.746 150.668 126.58100000000013
0 466.324 2213.412 150.66799999999995 126.58100000000013
0 364.991 2268.746 142.00100000000003 122.58100000000013
0 268.322 2320.747 138.002 117.91499999999996
0 180.321 2368.082 131.335 113.91499999999996
0 137.654 2289.415 129.33499999999998 119.24800000000005
0 93.654 2213.414 129.335 119.24799999999959
0 50.987 2132.079 128.668 123.91499999999996
0 7.653 2052.078 127.335 127.24800000000005
0 226.322 2238.079 136.002 124.58199999999988
0 182.988 2159.412 136.002 127.91500000000042
0 136.988 2079.411 136.002 127.91499999999996
0 94.321 1997.41 136.002 129.91499999999974
0 50.321 1917.409 136.002 129.91499999999996
0 8.321 1834.742 132.002 135.24800000000005
0 100.322 1775.408 134.669 137.9150000000002
0 144.322 1859.409 135.336 134.58199999999988
0 319.657 2187.412 142.00100000000003 125.91400000000021
0 377.658 2048.744 146.00099999999998 132.57999999999993
0 231.657 2024.077 140.66799999999998 130.58000000000015
0 186.323 1942.076 140.66799999999998 130.57999999999993
0 420.99 2130.078 150.668 130.58100000000013
0 275.657 2106.078 139.334 128.57999999999993
0 330.991 1965.409 148.00100000000003 135.24699999999984
0 284.324 1882.074 146.00099999999998 135.914
0 238.99 1800.073 146.00099999999998 135.914
0 193.656 1716.072 142.668 139.24700000000007
0 148.989 1632.071 141.335 141.914
0 56.988 1694.74 132.669 137.91499999999996
0 14.321 1612.739 132.669 140.58199999999988
0 105.655 1549.403 140.668 142.5809999999999
0 60.988 1465.402 139.335 145.24800000000005
0 17.655 1379.401 136.001 145.24799999999982
0 1308.319 1053.206 160.00099999999998 146.6690000000001
0 1428.987 982.539 164.00099999999998 148.00199999999995
0 1382.987 900.538 164.00099999999998 148.00199999999995
0 1264.319 971.205 160.00099999999998 146.66899999999998
0 1217.652 890.537 160.00099999999998 146.66899999999987
0 1337.653 816.537 164.00099999999998 148.00199999999995
0 1174.318 804.536 160.00099999999998 148.6690000000001
0 1293.653 729.203 164.00099999999998 151.33500000000004
0 1128.984 720.535 160.00099999999998 148.66899999999998
0 1248.986 643.202 162.6679999999999 151.33500000000004
0 1086.317 635.2 158.6679999999999 151.3359999999999
0 1204.986 554.535 160.6679999999999 154.668
0 1042.983 553.199 158.66800000000012 151.336
0 1161.652 468.534 160.6679999999999 158.668
0 1000.316 467.198 158.00099999999998 154.00300000000004
0 956.982 384.53 156.66800000000012 156.67000000000007
0 914.982 299.196 156.66800000000012 156.66999999999996
0 872.315 217.862 153.33500000000004 156.67
0 829.648 133.195 153.33499999999992 161.336
0 788.314 52.527 150.00200000000007 161.336
0 1116.318 384.533 160.66800000000012 158.668
0 1073.651 301.199 158.6679999999999 158.668
0 1028.317 215.865 158.6679999999999 158.668
0 984.983 131.864 158.66800000000012 158.66799999999998
0 944.316 45.863 156.00099999999998 163.335
0 1552.988 911.205 166.6679999999999 152.00200000000007
0 1507.654 825.204 166.6679999999999 152.00200000000007
0 1462.32 737.87 166.66800000000012 153.33500000000004
0 1417.653 650.536 166.00099999999998 156.668
0 1369.653 561.868 166.6679999999999 158.6679999999999
0 1325.653 473.867 166.6679999999999 161.33499999999998
0 1278.986 387.2 168.6679999999999 162.66800000000006
0 1236.319 300.532 167.33500000000004 165.33500000000004
0 1192.985 213.864 163.33500000000004 165.335
0 1147.651 125.863 163.33500000000004 167.33499999999998
0 1102.984 40.529 163.33500000000004 167.335
0 1679.656 836.537 169.33500000000004 152.66899999999998
0 1633.656 745.87 169.33500000000004 158.00199999999995
0 1588.322 658.536 169.33500000000004 158.00200000000007
0 1542.322 569.868 169.33500000000004 160.66899999999998
0 1495.655 480.534 169.33500000000004 160.66899999999998
0 1450.988 390.533 169.33500000000004 164.66899999999998
0 1404.988 303.199 169.33500000000004 164.66899999999998
0 1360.321 216.531 169.33500000000004 164.66899999999998
0 1316.987 127.197 167.3349999999998 166.66899999999998
0 1271.653 37.196 167.33500000000004 170.002
0 0 295.592 116.679 156.002
0 0 217.592 77.346 146.66799999999998
0 0 138.257 40.012 118.668
0 0 0 98.679 134.924
0 76.012 0 83.334 47.59
0 106.679 0 133.335 126.257
0 223.347 0 63.99999999999997 36.923
0 245.347 0 138.66799999999998 118.257
0 0 2964.086 44.32 75.91400000000021
0 46.32 3011.42 108.001 28.579999999999927
0 0 2858.085 82.321 107.33399999999983
0 0 2784.751 36.987 84.66699999999992
0 528.324 2973.42 134.00200000000007 66.57999999999993
0 684.992 3014.087 100.00100000000009 25.91300000000001
0 769.66 2977.42 140.668 62.57999999999993
0 948.995 3013.42 94.66700000000003 26.579999999999927
0 875.661 2938.086 150.668 101.91400000000021
0 0 1975.644 89.591 126.66799999999989
0 0 1894.31 46.924 107.33400000000006
0 0 1758.308 95.591 132.00199999999995
0 0 1678.974 52.924 110.66800000000012
0 0 1650.974 9.59 29.333000000000084
0 0 1532.972 100.924 138.6690000000001
0 0 1448.971 56.924 117.33500000000004
0 0 1414.304 12.257 38.000999999999976
0 0 1292.97 107.591 148.00099999999998
0 0 1212.969 65.591 129.33500000000004
0 0 1159.635 23.59 68.66699999999992
0 717.647 0 100.00099999999998 55.862
0 748.314 0 148.0010000000001 135.197
0 874.981 0 90.00099999999998 46.529
0 902.982 0 153.33400000000006 128.53
0 1036.983 0 80.00099999999998 40.529
0 1062.316 0 158.6679999999999 123.863
0 1229.651 0 164.00199999999995 121.196
0 1203.651 0 74.66699999999992 35.862
