0 3233.49 0 98.33400000000029 100.908
0 3323.824 3.575 97.33300000000008 100.667
0 3411.157 8.575 97.66699999999992 100.333
0 3498.49 12.908 99.0 102.0
0 3587.49 18.242 97.33400000000029 101.333
0 3674.49 25.575 95.66700000000037 100.0
0 3759.157 31.908 96.33299999999963 99.99999999999999
0 3843.49 37.575 96.0 99.33299999999998
0 3926.157 44.242 98.0 99.0
0 77.924 232.386 112.0 110.66600000000003
0 180.257 229.053 112.0 110.33300000000003
0 279.59 226.719 114.0 109.0
0 381.59 224.719 114.66700000000003 107.66700000000003
0 486.257 221.719 114.66699999999997 110.334
0 590.59 221.386 115.66699999999992 108.33400000000003
0 697.257 220.053 115.66700000000003 108.334
0 802.257 220.053 115.66700000000003 108.334
0 909.924 220.719 115.66699999999992 110.33300000000003
0 1018.257 222.052 115.66700000000003 110.333
0 1125.257 222.385 114.33399999999983 111.33300000000003
0 1233.257 224.385 112.66699999999992 111.33300000000003
0 1340.59 225.385 112.66700000000014 111.33300000000003
0 1448.257 227.718 110.33399999999983 112.00000000000003
0 1555.257 229.718 110.33399999999983 112.00000000000003
0 1661.59 231.385 108.0 113.33300000000003
0 1767.923 234.385 105.33300000000008 112.33300000000003
0 1872.923 237.052 105.33300000000008 112.333
0 1978.59 239.052 102.66599999999994 110.999
0 1976.257 349.385 102.66599999999971 108.99900000000002
0 1873.257 345.386 103.99900000000002 113.666
0 1769.256 344.385 105.33299999999986 112.33300000000003
0 1664.59 341.385 106.0 111.66700000000003
0 1558.924 340.385 106.66699999999992 110.66700000000003
0 1453.924 337.051 107.33400000000006 111.66700000000003
0 1347.257 335.385 111.0 111.666
0 1239.257 334.052 112.66699999999992 111.33299999999997
0 1132.59 333.052 114.33400000000006 111.33299999999997
0 1027.924 331.052 112.33300000000008 110.33299999999997
0 920.257 330.052 115.66700000000003 110.33299999999997
0 813.257 329.053 115.66700000000003 108.334
0 707.257 329.053 115.66700000000003 108.334
0 602.257 329.386 115.66700000000003 108.334
0 498.924 330.386 114.66700000000003 110.334
0 395.257 332.386 114.66699999999997 107.66699999999997
0 293.923 333.719 113.0 109.0
0 193.257 336.053 112.334 108.0
0 92.591 339.719 112.00000000000001 108.33300000000003
0 8.591 451.052 110.33300000000001 106.33399999999995
0 106.924 448.385 110.333 106.33400000000006
0 205.591 445.718 110.33299999999997 106.334
0 304.924 443.051 113.33300000000003 107.00100000000003
0 407.59 442.385 113.66699999999997 105.33400000000006
0 510.257 441.052 113.66699999999997 105.33399999999995
0 614.257 440.719 115.0 106.00100000000003
0 718.924 440.719 115.0 106.334
0 824.924 441.386 113.66700000000003 106.334
0 930.257 442.053 113.66700000000003 105.99900000000002
0 1036.257 443.053 113.66699999999992 107.332
0 1142.59 444.386 110.66700000000014 107.99899999999997
0 1248.257 446.053 110.66699999999992 107.99900000000002
0 1353.257 448.053 108.66699999999992 107.66600000000005
0 1458.257 450.053 106.33399999999983 107.33299999999997
0 1562.924 451.72 105.33400000000006 108.0
0 1666.257 453.72 105.33399999999983 108.0
0 1770.59 455.387 103.33400000000006 108.99999999999994
0 1872.923 457.72 103.33400000000006 109.0
0 1975.59 459.387 100.00099999999998 107.99999999999994
0 22.258 554.386 111.33300000000001 104.33300000000008
0 120.591 552.386 111.66600000000001 103.0
0 219.257 549.72 110.33299999999997 103.66599999999994
0 318.257 547.387 114.33299999999997 104.66600000000005
0 419.924 545.72 114.33299999999997 104.66599999999994
0 523.591 545.72 113.0 104.332
0 625.591 546.053 115.0 103.66600000000005
0 730.591 546.053 114.66700000000003 104.99900000000002
0 835.924 546.386 114.66700000000003 105.0
0 941.257 547.719 112.00000000000011 105.332
0 1044.924 549.052 112.0 105.332
0 1149.591 550.385 112.0 105.332
0 1255.258 552.385 109.66699999999992 105.66499999999996
0 1358.925 554.718 109.66700000000014 105.66500000000008
0 1461.925 556.051 107.33400000000006 105.66499999999996
0 1565.925 558.051 106.00099999999998 104.66499999999996
0 1670.592 560.717 103.00099999999998 105.332
0 1772.259 561.717 101.66599999999994 105.99900000000002
0 1873.259 564.05 101.33300000000008 105.66600000000005
0 1973.592 565.717 100.0 105.33299999999997
0 2114.376 249.172 102.0 109.667
0 2217.709 250.172 102.0 109.667
0 2319.709 250.172 102.0 109.667
0 2420.042 251.505 104.66699999999992 107.666
0 2522.042 251.505 104.66699999999992 107.666
0 2623.375 252.505 104.66699999999992 107.666
0 2722.375 253.505 106.66699999999992 106.00099999999998
0 2715.042 359.505 106.66699999999992 106.00099999999998
0 2616.708 358.505 104.66699999999992 107.666
0 2516.375 358.505 104.66699999999992 107.334
0 2415.709 358.172 104.66700000000037 107.666
0 2315.709 358.505 102.0 109.334
0 2215.042 357.839 102.0 109.66699999999997
0 2113.376 358.172 102.0 109.66699999999997
0 2112.043 466.505 102.0 108.33400000000006
0 2212.042 466.172 100.33300000000008 107.66599999999994
0 2311.376 467.172 102.0 106.00099999999998
0 2411.043 465.505 104.0 106.33400000000006
0 2509.709 466.171 103.0 105.00100000000003
0 2608.375 465.838 104.0 105.00100000000003
0 2706.375 465.505 104.33399999999983 104.33500000000004
0 2111.293 573.505 98.5 104.33400000000006
0 2210.043 572.505 98.5 104.33400000000006
0 2307.543 572.255 100.75 102.83400000000006
0 2406.543 571.505 100.75 101.83400000000006
0 2504.293 569.755 102.5 101.83400000000006
0 2602.793 569.255 102.5 101.83400000000006
0 2699.293 568.505 104.5 100.83400000000006
0 2821.539 253.22 106.25 107.00000000000003
0 2920.789 253.97 106.25 107.00000000000003
0 2813.289 359.72 104.75 103.75
0 2911.289 359.47 106.75 104.25
0 3020.289 255.22 106.25 107.00000000000003
0 3009.039 360.72 107.0 104.0
0 2805.622 465.053 104.75 103.75
0 2900.956 466.137 107.08300000000008 102.41699999999997
0 2997.956 466.887 106.75 100.66699999999997
0 3093.289 466.554 106.75 101.0
0 3106.539 361.22 107.0 103.5
0 3117.789 257.22 107.0 105.5
0 3214.539 259.22 106.5 105.75
0 3310.789 261.97 106.25 105.0
0 3405.539 265.97 106.25 103.5
0 3499.539 268.72 105.25 104.25
0 3591.289 273.22 105.5 103.25
0 3682.539 277.97 105.5 103.25
0 3773.539 283.22 103.25 103.25
0 3861.789 289.22 102.25 102.5
0 3951.039 294.72 100.5 102.25
0 3901.143 585.204 100.0 97.25
0 3814.643 581.954 101.75 96.75
0 2795.872 568.303 103.25 99.75
0 2891.872 567.553 103.25 99.75
0 2988.122 567.553 104.0 99.5
0 3082.372 567.553 105.5 98.75
0 3202.039 362.47 107.5 103.25
0 3298.039 364.137 107.5 103.25
0 3391.789 366.637 106.0 102.75
0 3484.539 369.887 106.0 102.75
0 3576.789 373.637 106.25 101.25
0 3668.039 377.637 104.5 101.0
0 3759.039 382.387 102.75 100.25
0 3847.789 387.387 102.75 100.25
0 3934.539 391.387 101.75 100.75
0 3917.539 490.887 103.25 98.99999999999994
0 3831.289 486.137 101.0 99.99999999999994
0 3742.789 481.887 102.75 100.24999999999994
0 3651.539 478.637 104.5 99.49999999999994
0 3560.289 474.637 107.0 100.24999999999994
0 3189.539 466.47 105.5 102.0
0 3283.039 468.22 106.5 101.75
0 3377.039 470.22 105.75 100.25
0 3468.539 472.72 106.25 99.0
0 3176.539 567.47 104.25 98.5
0 3269.539 568.97 105.0 98.5
0 3363.289 569.72 105.0 97.75
0 3453.539 570.72 105.5 97.75
0 3544.039 572.47 106.5 97.75
0 3635.789 575.22 105.25 97.75
0 3725.789 578.47 104.25 97.75
0 24.134 858.091 118.99999999999999 106.75
0 127.634 856.841 120.49999999999999 106.5
0 230.884 855.341 122.00000000000003 106.25
0 338.134 854.091 123.0 106.25
0 446.634 854.341 123.0 106.25
0 556.384 854.341 123.0 107.0
0 666.634 854.341 123.75 107.25
0 777.384 854.591 123.75 107.25
0 890.384 855.091 119.75 107.0
0 1001.634 856.091 119.75 107.0
0 1112.884 856.591 118.25 107.75
0 1223.634 858.341 118.25 107.75
0 1334.634 860.091 114.5 107.5
0 1444.634 862.591 113.25 107.0
0 1554.634 864.591 111.25 106.5
0 1663.384 865.591 107.75 106.75
0 1770.384 866.841 107.75 106.75
0 1876.384 868.841 104.0 105.75
0 1980.634 869.091 104.75 105.75
0 43.981 963.07 118.333 103.99999999999989
0 144.981 963.07 118.33300000000003 102.66700000000003
0 248.981 961.07 122.0 104.00099999999986
0 355.314 960.403 122.0 104.00099999999998
0 462.314 960.736 121.99999999999994 104.00100000000009
0 570.981 961.069 123.33299999999997 104.66800000000012
0 682.314 961.402 120.66600000000005 103.33500000000004
0 790.981 961.069 120.66600000000005 103.33500000000004
0 902.314 961.069 119.99900000000002 106.33500000000004
0 1012.98 961.737 118.66599999999994 105.66700000000003
0 1121.98 962.737 118.66599999999994 105.66700000000003
0 1232.98 964.737 118.66599999999994 105.66700000000003
0 1341.647 965.737 116.33300000000008 107.00000000000011
0 1450.647 967.737 113.0 107.00000000000011
0 1559.98 969.404 109.0 104.0
0 1665.98 971.071 109.0 103.99999999999989
0 1771.647 972.071 104.66700000000014 103.66700000000003
0 1876.98 973.404 104.0 103.0
0 1979.648 973.403 102.66500000000019 102.33500000000004
0 61.731 1069.82 119.083 102.25
0 163.981 1069.07 119.08300000000003 102.0
0 266.981 1068.32 121.33300000000003 102.0
0 372.481 1067.32 120.83300000000003 102.33400000000006
0 479.481 1068.32 120.83299999999997 101.58400000000006
0 587.481 1068.32 120.83299999999997 101.58400000000006
0 696.231 1068.737 120.33299999999997 101.91699999999992
0 803.981 1068.737 120.33299999999997 101.91699999999992
0 914.231 1069.237 117.58300000000008 101.66699999999992
0 1023.481 1069.987 117.58300000000008 101.66699999999992
0 1132.231 1070.987 115.58300000000008 101.66699999999992
0 1240.731 1071.487 115.08300000000008 103.16699999999992
0 1351.231 1073.237 111.08300000000008 101.66699999999992
0 1459.26 1074.958 109.75 101.25
0 1564.26 1075.958 108.5 100.0
0 1669.51 1076.458 105.5 100.0
0 1775.01 1076.708 103.5 100.0
0 1877.26 1077.458 101.25 99.5
0 1978.51 1077.208 100.75000000000023 99.5
0 79.981 1169.82 119.583 100.5
0 182.231 1170.487 119.58300000000003 98.83299999999986
0 285.231 1170.07 119.58300000000003 99.5
0 389.981 1169.32 119.58300000000003 99.33400000000006
0 495.231 1169.57 119.58299999999997 99.08400000000006
0 601.981 1169.57 119.58299999999997 99.08400000000006
0 710.481 1169.987 119.58299999999997 98.83299999999986
0 817.481 1169.987 117.83299999999997 100.16699999999992
0 925.731 1169.487 117.83300000000008 100.33299999999986
0 1033.731 1170.987 116.33300000000008 100.08299999999986
0 1140.981 1171.737 116.33300000000008 99.16699999999992
0 1249.231 1172.487 113.83300000000008 100.16699999999992
0 1358.481 1173.487 111.33300000000008 99.66699999999992
0 1465.231 1174.987 107.58300000000008 97.66699999999992
0 1569.731 1175.237 106.83300000000008 97.16699999999992
0 1675.397 1175.737 103.16700000000014 96.66699999999992
0 1776.731 1175.737 102.33300000000008 96.83299999999986
0 1878.481 1175.237 98.25 96.83299999999986
0 1978.481 1175.237 98.25000000000023 96.83299999999986
0 2117.301 870.424 103.75 104.5
0 2218.634 869.757 105.75 104.41600000000005
0 2320.301 868.424 108.75 105.16700000000003
0 2114.968 974.424 103.75 101.83300000000008
0 2214.967 974.09 105.75 101.08299999999997
0 2316.3 972.007 106.08299999999963 103.16600000000005
0 2111.968 1077.091 101.08400000000029 98.16600000000017
0 2211.3 1075.757 102.08399999999983 98.83399999999983
0 2310.3 1075.007 106.41699999999992 99.25
0 2109.302 1174.424 102.41699999999992 94.83300000000008
0 2208.633 1174.424 100.7510000000002 94.50099999999998
0 2306.3 1172.424 103.08399999999983 95.74900000000002
0 2422.968 867.674 108.41700000000037 104.91700000000003
0 2416.968 971.341 107.41700000000037 101.91700000000003
0 2408.968 1073.008 106.08400000000029 99.25
0 2403.635 1172.341 106.08399999999983 94.91700000000014
0 2525.634 866.341 109.08399999999983 102.91700000000003
0 2517.634 969.674 109.08399999999983 102.91699999999992
0 2509.301 1072.007 108.41699999999992 99.58399999999983
0 2502.968 1171.008 106.08400000000029 94.91699999999992
0 2628.634 866.008 109.08399999999983 102.91699999999992
0 2619.301 969.007 109.08400000000029 102.91700000000003
0 2610.635 1070.674 107.41699999999992 98.25099999999998
0 2602.301 1169.008 106.08400000000029 94.91699999999992
0 2701.634 1168.008 106.08399999999983 94.91699999999992
0 2800.634 1166.675 108.08399999999983 93.91700000000014
0 2900.301 1165.675 109.41699999999992 94.58400000000006
0 2999.301 1165.008 109.41699999999992 94.58400000000006
0 3097.301 1164.341 109.41699999999992 94.58400000000006
0 3193.301 1164.425 108.7510000000002 94.08200000000011
0 3289.301 1163.425 110.08400000000029 94.16700000000014
0 3383.634 1164.425 110.08399999999983 94.16700000000014
0 3478.301 1164.092 110.08400000000029 94.16699999999992
0 3570.301 1165.092 109.7510000000002 93.7489999999998
0 3664.301 1165.092 109.08400000000029 93.7489999999998
0 3754.635 1166.092 108.75 94.08199999999988
0 3844.635 1168.425 106.08299999999963 92.08200000000011
0 3932.302 1170.425 106.08300000000008 92.08200000000011
0 2731.134 865.008 109.08399999999983 102.91699999999992
0 2720.968 966.674 109.08400000000029 102.91699999999992
0 2710.135 1070.174 108.66699999999992 98.25099999999998
0 2811.135 1067.924 108.66699999999992 98.25099999999998
0 2822.218 965.674 110.83400000000029 102.41699999999992
0 2833.134 863.758 109.08399999999983 102.91699999999992
0 2934.384 864.425 112.33399999999983 102.0
0 2923.218 964.924 110.83400000000029 102.41699999999992
0 2910.718 1067.174 111.83400000000029 98.66699999999992
0 3036.384 864.925 112.33399999999983 102.0
0 3023.051 965.925 112.33400000000029 102.0
0 3010.718 1066.507 111.83400000000029 98.66699999999992
0 3137.051 865.592 112.33400000000029 101.5
0 3123.718 966.592 112.33400000000029 100.66700000000003
0 3109.718 1066.841 110.5010000000002 98.0
0 3234.718 865.592 113.66700000000037 102.16700000000003
0 3221.718 966.259 112.33400000000029 101.0
0 3207.718 1067.508 108.83400000000029 96.0
0 3333.718 867.592 113.66700000000037 100.33299999999997
0 3318.718 967.425 112.33400000000029 99.83400000000006
0 3303.718 1067.008 110.5010000000002 98.16699999999992
0 3432.051 868.592 110.33400000000029 100.0
0 3415.385 967.26 111.66699999999992 99.66599999999994
0 3398.385 1067.008 109.83399999999983 97.83400000000006
0 3528.384 870.592 112.0010000000002 100.0
0 3511.385 969.26 111.66699999999992 99.66599999999994
0 3494.052 1067.675 109.83399999999983 97.41700000000014
0 3623.717 871.925 112.00099999999975 100.0
0 3606.718 970.26 111.66700000000037 99.66599999999994
0 3588.719 1068.008 108.83399999999983 96.50099999999998
0 3718.05 873.925 109.00099999999975 100.0
0 3699.718 971.927 109.0 98.332
0 3681.386 1069.341 108.83399999999983 96.5010000000002
0 3809.05 876.925 109.00099999999975 100.0
0 3791.385 974.594 109.0 97.66499999999996
0 3772.719 1072.008 108.83399999999983 96.50099999999998
0 3899.05 879.592 109.00099999999975 100.0
0 3882.385 977.261 106.0 96.33200000000011
0 3864.386 1073.675 105.16699999999992 95.50099999999998
0 3951.308 1076.149 104.33300000000008 96.0
0 0.199 1743.046 119.5 94.0
0 21.199 1836.796 122.25000000000001 92.75
0 54.365 1541.129 124.75 100.75
0 160.615 1540.129 125.5 100.5
0 76.365 1641.379 126.00000000000001 98.25
0 99.365 1741.129 124.25000000000001 96.25
0 122.865 1836.129 122.50000000000001 92.75
0 225.865 1835.879 123.75 93.25
0 203.615 1740.879 124.25 95.25
0 181.115 1640.379 126.0 98.75
0 270.115 1538.629 125.5 100.5
0 287.615 1639.129 127.0 98.75
0 308.365 1739.879 126.0 96.5
0 330.615 1834.629 123.0 93.75
0 376.115 1538.379 127.75 100.75
0 395.865 1638.629 127.0 99.0
0 417.365 1739.129 125.0 96.0
0 436.615 1834.129 123.0 93.5
0 531.532 1537.796 126.25 100.75
0 548.532 1638.046 125.25 98.25
0 565.282 1737.046 123.0 97.0
0 582.032 1832.296 121.0 93.25
0 644.282 1537.296 126.25 100.75
0 660.032 1635.546 125.0 99.0
0 676.532 1736.546 122.0 95.75
0 689.782 1831.546 122.25 92.5
0 758.782 1536.296 126.25 100.0
0 773.782 1636.046 122.25 98.0
0 787.794 1735.411 120.0 95.75
0 800.044 1829.911 119.75 93.25
0 873.782 1534.963 123.58299999999997 100.0
0 886.449 1633.296 121.91600000000005 99.0
0 898.449 1731.963 119.91600000000005 96.66599999999994
0 910.449 1827.963 117.24900000000014 93.33300000000008
0 1020.782 1826.296 114.582 93.0
0 1129.449 1823.963 114.58199999999988 93.0
0 1238.116 1821.296 114.58200000000011 93.0
0 1347.783 1818.629 111.24900000000002 93.0
0 1455.45 1815.962 108.58199999999988 92.0
0 1559.783 1813.629 108.58200000000011 92.0
0 1665.45 1811.962 104.24800000000005 91.0
0 1770.117 1809.962 101.58100000000013 90.33400000000006
0 1872.782 1808.295 101.00099999999998 90.00099999999998
0 1972.115 1806.628 101.00099999999998 90.00099999999998
0 2072.782 1804.961 101.00099999999975 90.00099999999998
0 2172.782 1804.294 102.00099999999975 88.00099999999998
0 2272.116 1803.627 103.33399999999983 88.00099999999998
0 2372.116 1802.96 102.66699999999992 88.33400000000006
0 2471.116 1803.293 105.66699999999992 87.66700000000014
0 2570.116 1803.626 108.33399999999983 87.0
0 2671.783 1803.626 108.33400000000029 87.0
0 2771.117 1802.626 109.66699999999992 86.66699999999992
0 2872.45 1802.626 108.66700000000037 87.33300000000008
0 2969.783 1801.293 110.66699999999992 87.33300000000008
0 3067.45 1800.293 110.66700000000037 87.0
0 3165.783 1798.626 110.66699999999992 87.0
0 3261.116 1796.293 110.66699999999992 88.33300000000008
0 3354.783 1795.626 113.0 86.66599999999994
0 3450.117 1793.626 109.0 87.33200000000011
0 987.282 1535.463 122.24999999999989 98.66700000000014
0 999.282 1633.796 120.91700000000003 97.33400000000006
0 1008.615 1730.796 120.25 97.33400000000006
0 1102.615 1533.796 122.25 98.33400000000006
0 1111.615 1631.796 118.91699999999992 98.33400000000006
0 1120.948 1729.796 116.91699999999992 96.00099999999998
0 1231.948 1727.463 114.25 95.33400000000006
0 1224.615 1630.796 116.91699999999992 96.66699999999992
0 1216.948 1532.463 118.25 98.33400000000006
0 1329.615 1531.463 116.58300000000008 98.33400000000006
0 1335.948 1628.463 116.58299999999986 98.33400000000006
0 1340.615 1724.796 113.58300000000008 95.66699999999992
0 1450.615 1721.796 110.91599999999994 96.33400000000006
0 1445.615 1626.796 112.25 96.66699999999992
0 1440.948 1530.463 113.25 98.00099999999998
0 1550.948 1529.796 111.25 97.66799999999989
0 1555.281 1625.796 108.25 95.00199999999995
0 1558.614 1721.129 106.66699999999992 95.33500000000004
0 1660.615 1528.796 106.58300000000008 97.00099999999998
0 1662.615 1624.129 106.58300000000008 97.0010000000002
0 1665.282 1718.462 105.25 95.00099999999998
0 1767.949 1717.129 105.25 93.66800000000012
0 1768.948 1623.462 104.25 94.66800000000012
0 1765.949 1529.463 106.91599999999994 95.33400000000006
0 1871.615 1528.13 105.0 96.33399999999983
0 1873.281 1622.464 102.00099999999998 95.0
0 1872.614 1715.797 102.00099999999998 94.0
0 1974.281 1714.13 102.0010000000002 94.0
0 1976.614 1622.464 102.00099999999975 95.0
0 1975.948 1526.797 103.66699999999969 96.33400000000006
0 2079.281 1526.797 104.33399999999983 95.00099999999998
0 2076.947 1621.131 103.66799999999967 92.66699999999992
0 2074.947 1713.464 103.66799999999967 92.66700000000014
0 2175.614 1712.464 103.66800000000012 92.66700000000014
0 2180.28 1620.131 103.00099999999975 93.66699999999992
0 2183.614 1526.13 104.33399999999983 95.00099999999998
0 2284.948 1526.13 106.66699999999992 93.9989999999998
0 2387.615 1526.463 106.66700000000037 93.99900000000002
0 2490.615 1524.796 108.66700000000037 94.99900000000002
0 2595.282 1524.463 108.66699999999992 94.99900000000002
0 2697.949 1524.129 113.0 95.0010000000002
0 2802.616 1522.796 113.0 95.00099999999998
0 2905.283 1522.13 114.0 95.66699999999992
0 3007.95 1522.13 114.0 95.66699999999992
0 3110.95 1520.796 114.0 95.33199999999988
0 3211.617 1520.796 114.0 95.33199999999988
0 3309.617 1519.796 114.0 95.33199999999988
0 3408.95 1520.13 114.0 94.3309999999999
0 3507.283 1519.463 114.0 94.0
0 2280.53 1619.631 105.25099999999975 92.99799999999982
0 2276.28 1713.131 105.25099999999975 91.16699999999992
0 2377.28 1712.631 105.25099999999975 91.16699999999992
0 2383.03 1619.381 105.25099999999975 92.99799999999982
0 2483.53 1618.881 108.25099999999975 92.66699999999992
0 2477.78 1713.631 105.75099999999975 90.49799999999982
0 2586.28 1618.381 108.25099999999975 92.66699999999992
0 2578.53 1712.714 107.75099999999975 90.33400000000006
0 2679.28 1712.964 109.75099999999975 89.83400000000006
0 2689.03 1618.131 110.25099999999975 93.16699999999992
0 2792.28 1617.631 110.25099999999975 93.16699999999992
0 2780.78 1712.131 110.25099999999975 91.16699999999992
0 2882.78 1710.464 109.50099999999975 92.33400000000006
0 2893.53 1616.881 113.25099999999975 94.91699999999992
0 2994.28 1617.214 114.25099999999975 92.08400000000006
0 2981.03 1709.964 114.25099999999975 92.08400000000006
0 3081.03 1709.214 114.25099999999975 92.08400000000006
0 3178.53 1708.381 114.25099999999975 91.91699999999992
0 3276.78 1707.881 112.25099999999975 90.41699999999992
0 3373.53 1706.131 112.25099999999975 90.41699999999992
0 3467.78 1704.381 111.75099999999975 91.16699999999992
0 3095.53 1616.964 114.25099999999975 92.08400000000006
0 3194.78 1616.214 114.25099999999975 92.08400000000006
0 3293.28 1615.464 116.00099999999975 91.83400000000006
0 3390.28 1614.714 116.00099999999975 92.08400000000006
0 3487.78 1613.631 112.50099999999975 90.99799999999982
0 3615.283 1518.795 113.75 92.91799999999989
0 3596.533 1611.545 113.75 92.91799999999989
0 3578.283 1704.045 112.0 89.16799999999989
0 3560.783 1793.045 110.75 86.66799999999989
0 3654.033 1790.795 109.75 86.91799999999989
0 3673.033 1703.045 112.0 89.16799999999989
0 3693.033 1610.295 113.75 92.91799999999989
0 3712.783 1517.795 113.75 92.91799999999989
0 3807.033 1517.545 113.75 92.91799999999989
0 3785.283 1609.795 112.75 91.16799999999989
0 3765.533 1701.545 111.75 88.91799999999989
0 3745.533 1789.045 109.75 86.91799999999989
0 3836.033 1786.795 109.75 86.91799999999989
0 3857.033 1699.295 111.75 88.91799999999989
0 3877.533 1608.295 112.75 91.16799999999989
0 3899.783 1517.295 112.5 91.41799999999989
0 3945.312 1697.566 109.75 89.25
0 3924.562 1784.316 107.0 86.25
0 0 0 90.657 69.075
0 83.824 0 101.66600000000001 66.575
0 178.824 0 102.0 62.575
0 275.49 0 101.66699999999997 60.575
0 373.49 0 99.334 56.242
0 470.49 0 101.0 53.908
0 569.49 0 100.0 51.575
0 668.49 0 100.66700000000003 49.242
0 767.824 0 101.0 48.908
0 867.49 0 101.33399999999995 48.575
0 968.157 0 100.33299999999997 49.242
0 1068.824 0 102.33299999999986 50.242
0 1170.157 0 102.33300000000008 51.575
0 1270.49 0 102.33400000000006 53.908
0 1372.824 0 101.0 56.242
0 1473.157 0 100.0 58.242
0 1574.157 0 100.33300000000008 61.575
0 1674.49 0 100.0 63.908
0 1773.824 0 100.66599999999994 66.242
0 1873.824 0 99.0 69.908
0 1973.157 0 98.66700000000014 71.575
0 2096.824 0 96.66599999999971 80.908
0 2194.49 0 97.66700000000037 80.908
0 2291.824 0 97.0 81.575
0 2388.49 0 97.66700000000037 83.575
0 2484.49 0 98.33400000000029 83.908
0 2580.157 0 99.33299999999963 83.908
0 2674.49 0 99.33400000000029 86.242
0 2770.824 0 98.33300000000008 87.908
0 2863.824 0 100.66599999999971 88.575
0 2958.824 0 98.0 92.242
0 3049.824 0 100.66599999999971 95.242
0 3141.49 0 99.66700000000037 98.242
0 4009.49 50.242 46.51000000000022 97.0
0 4025.49 0 30.51000000000022 52.242
0 3940.824 0 91.33300000000008 49.908
0 3856.49 0 91.33400000000029 43.575
0 3772.49 0 87.0 37.575
0 3685.824 0 87.33300000000008 31.242
0 3598.49 0 89.0 24.575
0 3510.49 0 87.66700000000037 19.242
0 3423.49 0 87.33400000000029 13.908
0 3332.49 0 89.66700000000037 7.908
0 3241.824 0 91.66599999999971 4.908
0 0 237.052 90.924 109.33400000000003
0 0 343.052 104.591 108.0
0 0 395.719 6.591 55.33300000000003
0 0 454.719 20.924 102.66699999999997
0 0 557.052 36.258 102.0
0 4036.393 300.204 19.60699999999997 98.0
0 4021.143 396.954 34.85699999999997 97.25
0 4003.143 496.204 52.85699999999997 96.49999999999994
0 3986.643 589.704 69.35699999999997 95.5
0 0 860.341 41.134 105.5
0 0 965.07 60.314 103.33399999999995
0 0 1070.375 78.594 102.5
0 0 1171.875 98.094 99.0
0 3988.641 883.149 67.35899999999992 98.66700000000003
0 3970.974 979.483 85.02599999999984 96.66599999999994
0 4037.974 1082.483 18.02599999999984 90.33300000000008
0 4019.974 1172.483 36.02599999999984 92.0
0 0 1541.296 75.449 101.0
0 0 1641.796 97.949 97.25
0 0 1753.046 19.199 84.25
0 0 1835.796 42.449 94.0
0 3991.062 1515.816 64.9380000000001 91.75
0 3969.312 1607.816 86.6880000000001 88.25
0 4033.812 1700.566 22.188000000000102 82.75
0 4013.062 1782.316 42.9380000000001 85.75
