0 889.455 1704.88 109.5 139.5
0 983.955 1703.38 109.49999999999989 139.5
0 791.955 1705.38 109.5 139.5
0 808.955 1845.38 109.5 139.5
0 997.955 1842.88 109.49999999999989 139.5
0 901.955 1842.88 109.5 139.5
0 825.455 1984.88 105.0 130.0
0 918.955 1985.38 105.0 130.0
0 1011.955 1984.88 104.99999999999989 130.0
0 1107.955 1983.38 101.0 130.0
0 934.455 2117.38 100.99999999999989 125.5
0 842.955 2117.38 101.0 125.5
0 1026.455 2118.38 101.0 125.5
0 1116.455 2116.38 101.0 125.5
0 751.455 2117.88 101.0 125.5
0 732.955 1988.88 101.0 125.5
0 1290.955 1839.88 98.5 138.0
0 1193.955 1841.38 98.5 138.0
0 1098.455 1841.38 98.5 138.0
0 1384.955 1838.38 98.5 138.0
0 1204.955 1978.88 98.5 138.0
0 1478.455 1835.38 98.5 138.0
0 1391.955 1974.88 94.5 133.0
0 1298.455 1981.38 94.5 133.0
0 1483.955 1972.38 94.5 133.0
0 1576.455 1971.38 94.5 133.0
0 1397.122 2110.714 91.0 128.33300000000008
0 1306.122 2112.714 91.0 128.33300000000008
0 1214.789 2113.047 91.0 128.33300000000008
0 1488.122 2108.714 91.0 128.33300000000008
0 1578.455 2106.714 88.33400000000006 127.66600000000017
0 1667.788 2104.714 88.33400000000006 127.66600000000017
0 1667.455 1973.381 88.33400000000006 127.66599999999994
0 1575.122 1837.714 91.0 135.33300000000008
0 1664.789 1835.714 91.0 135.33300000000008
0 1282.789 1701.047 99.33300000000008 139.66699999999992
0 1379.456 1697.047 99.33300000000008 139.66699999999992
0 1185.456 1702.047 99.33300000000008 139.66699999999992
0 1572.122 1697.38 92.0 136.33399999999983
0 1478.122 1699.047 92.0 136.33400000000006
0 1666.455 1698.38 92.0 136.33399999999983
0 1081.789 1702.047 105.5 139.0
0 519.955 1847.047 113.5 136.0
0 615.955 1846.047 113.5 136.0
0 711.455 1847.047 113.5 136.0
0 425.455 1849.047 113.50000000000006 136.0
0 329.955 1846.047 113.5 136.0
0 238.455 1845.547 113.49999999999997 136.0
0 495.955 1703.047 116.00000000000006 140.5
0 594.955 1704.047 116.0 140.5
0 691.955 1704.547 116.0 140.5
0 401.455 1704.047 116.00000000000006 140.5
0 304.455 1704.547 116.0 140.5
0 116.455 1701.547 116.00000000000001 140.5
0 209.955 1704.047 115.99999999999997 140.5
0 22.955 1702.547 116.00000000000001 140.5
0 52.955 1844.547 116.00000000000001 140.5
0 144.455 1844.047 115.99999999999997 140.5
0 262.789 1984.88 114.666 133.33399999999983
0 172.789 1984.88 114.666 133.33399999999983
0 83.456 1984.88 114.66600000000001 133.33399999999983
0 354.789 1985.547 114.666 133.33399999999983
0 448.789 1986.213 114.66600000000005 133.33400000000006
0 539.456 1984.213 114.66599999999994 133.33400000000006
0 636.789 1982.88 109.33299999999997 134.66699999999992
0 656.122 2116.88 110.0 128.0
0 382.122 2120.214 108.66699999999997 126.66600000000017
0 472.122 2119.547 108.66699999999997 126.66600000000017
0 562.789 2118.88 108.66700000000003 126.66599999999971
0 291.455 2120.214 108.66700000000003 126.66600000000017
0 200.788 2120.214 108.66699999999997 126.66600000000017
0 20.789 2114.88 116.66600000000001 128.66699999999992
0 112.789 2116.88 111.99999999999999 127.33399999999983
0 885.455 1130.214 109.33399999999995 151.33300000000008
0 981.455 1132.881 109.33399999999995 151.33299999999986
0 1076.122 1133.547 109.33399999999983 151.33300000000008
0 867.455 976.214 109.33399999999995 151.33299999999997
0 966.122 979.547 109.33399999999995 151.33300000000008
0 1064.122 979.547 109.33399999999983 151.33300000000008
0 1161.455 982.214 109.33400000000006 151.33299999999997
0 1171.455 1136.214 109.33400000000006 151.33300000000008
0 1256.122 983.547 109.33399999999983 151.33300000000008
0 1268.122 1135.547 109.33399999999983 151.33300000000008
0 788.788 1129.547 109.33399999999995 151.33300000000008
0 769.455 974.214 109.33399999999995 151.33299999999997
0 675.455 971.547 109.33399999999995 151.33300000000008
0 693.455 1124.881 109.33399999999995 151.33299999999986
0 385.789 970.38 112.5 152.5000000000001
0 480.789 972.38 112.5 152.5000000000001
0 574.789 970.88 112.5 152.5000000000001
0 291.289 967.88 112.5 152.5000000000001
0 196.789 967.38 112.5 152.5000000000001
0 406.289 1125.88 112.5 152.5
0 499.289 1124.88 112.5 152.5
0 594.789 1126.38 112.5 152.5
0 316.789 1125.88 112.5 152.5
0 219.789 1123.38 112.5 152.5
0 103.789 971.88 112.49999999999999 152.5000000000001
0 128.289 1121.88 112.5 152.5
0 34.789 1124.38 112.49999999999999 152.5
0 12.289 970.88 112.5 152.5000000000001
0 521.289 1278.214 109.5 142.5
0 616.289 1280.214 109.5 142.5
0 426.789 1276.714 109.5 142.5
0 707.289 1278.714 109.5 142.5
0 802.789 1279.214 109.5 142.5
0 898.289 1280.714 109.5 142.5
0 336.289 1278.214 109.5 142.5
0 151.289 1276.714 110.5 143.5
0 243.289 1277.214 110.5 143.5
0 60.789 1276.214 110.49999999999999 143.5
0 1549.789 989.547 95.0 152.0
0 1356.289 984.047 95.0 152.0
0 1454.789 987.547 95.0 152.0
0 1365.789 1136.047 95.0 152.0
0 1460.289 1140.547 95.0 152.0
0 1556.289 1141.047 95.0 152.0
0 1645.789 1142.547 95.0 152.0
0 1734.789 1144.547 95.0 152.0
0 1642.789 994.047 95.0 152.0
0 1732.289 994.047 95.0 152.0
0 1279.955 1283.88 98.5 142.0
0 1185.455 1283.88 98.5 142.0
0 1091.955 1283.88 98.5 142.0
0 997.955 1282.38 98.49999999999989 142.0
0 1370.955 1287.88 98.5 142.0
0 1464.455 1287.38 98.5 142.0
0 1651.455 1289.88 89.0 139.5
0 1560.955 1289.88 89.0 139.5
0 1737.955 1290.88 89.0 139.5
0 949.455 816.047 111.99999999999989 159.0
0 1046.455 819.547 112.0 159.0
0 1145.955 822.547 112.0 159.0
0 1240.455 822.547 112.0 159.0
0 849.955 814.047 112.0 159.0
0 1339.455 825.047 112.0 159.0
0 959.455 826.047 111.99999999999989 159.0
0 752.455 813.047 112.0 159.0
0 655.455 810.047 112.0 159.0
0 555.455 810.047 112.0 159.0
0 461.455 811.047 112.00000000000006 159.0
0 1541.955 831.38 100.5 157.0
0 1445.455 829.38 100.5 157.0
0 1637.455 834.38 100.5 157.0
0 1734.455 836.88 95.0 157.0
0 172.955 809.88 112.49999999999997 159.0
0 269.455 810.38 112.5 159.0
0 361.955 811.88 112.5 159.0
0 79.955 810.88 112.50000000000001 159.0
0 266.955 251.547 104.5 161.50000000000003
0 356.955 250.047 104.5 161.50000000000003
0 174.955 250.547 104.49999999999997 161.50000000000003
0 87.455 256.047 104.50000000000001 161.5
0 448.455 250.047 104.50000000000006 161.50000000000003
0 538.955 248.547 104.5 161.50000000000003
0 248.455 90.047 104.49999999999997 161.5
0 342.455 86.547 104.5 161.5
0 434.955 86.547 104.50000000000006 161.5
0 524.455 85.547 104.5 161.5
0 159.455 93.047 104.49999999999997 161.5
0 70.955 92.547 104.50000000000001 161.5
0 17.955 418.547 103.5 155.0
0 105.955 416.547 103.50000000000001 155.0
0 194.455 414.547 103.49999999999997 155.0
0 283.955 412.547 103.5 155.0
0 374.455 412.047 103.5 155.0
0 464.955 411.547 103.50000000000006 155.0
0 554.955 412.047 103.5 155.0
0 188.929 2691.807 115.333 117.33400000000029
0 275.596 2695.807 115.33299999999997 117.33400000000029
0 362.263 2699.14 115.33300000000003 117.33400000000029
0 452.263 2702.474 115.33300000000003 117.33399999999983
0 102.929 2690.474 115.333 117.33399999999983
0 134.263 2804.473 115.333 117.33399999999983
0 222.263 2807.14 115.333 117.33400000000029
0 307.596 2811.807 115.33299999999997 117.33400000000029
0 395.596 2813.14 115.33299999999997 117.33400000000029
0 478.929 2815.807 115.33299999999997 117.33400000000029
0 539.596 2703.807 115.33299999999997 117.33400000000029
0 334.263 2581.14 115.33300000000003 117.33400000000029
0 154.262 2569.807 117.334 122.66700000000037
0 242.929 2575.807 117.33399999999997 122.66700000000037
0 65.596 2565.807 117.334 122.66700000000037
0 253.596 2918.474 111.33299999999997 110.0
0 820.262 2701.807 108.66700000000003 121.33400000000029
0 638.262 2701.807 108.66700000000003 121.33400000000029
0 728.262 2701.807 108.66700000000003 121.33400000000029
0 914.262 2702.474 108.66700000000003 121.33399999999983
0 1003.595 2699.807 108.66699999999992 121.33400000000029
0 1095.595 2701.141 108.66699999999992 121.33399999999983
0 840.262 2817.141 108.66700000000003 121.33399999999983
0 750.262 2817.141 108.66700000000003 121.33399999999983
0 930.929 2819.141 108.66700000000003 121.33399999999983
0 569.596 2819.141 110.66599999999994 113.33300000000008
0 658.263 2821.141 110.66599999999994 113.33300000000008
0 610.263 2587.808 110.66599999999994 113.33300000000008
0 705.596 2588.474 110.66599999999994 113.33299999999963
0 798.263 2584.475 110.66599999999994 116.66600000000017
0 893.596 2583.142 110.66599999999994 120.0
0 988.929 2581.142 110.66600000000005 120.0
0 1084.929 2579.809 110.66599999999994 120.0
0 1287.596 2695.807 99.33300000000008 122.0
0 1193.596 2695.14 99.33300000000008 122.0
0 1380.263 2693.14 99.33300000000008 122.0
0 1470.929 2693.14 99.33299999999986 122.0
0 1208.929 2815.807 99.33299999999986 122.0
0 1278.263 2576.474 99.33300000000008 122.0
0 1369.596 2571.807 99.33300000000008 122.0
0 1463.596 2568.474 99.33300000000008 122.0
0 1183.596 2577.14 99.33300000000008 122.0
0 1296.929 2813.807 99.33299999999986 122.0
0 1386.263 2811.807 99.33300000000008 122.0
0 1475.596 2811.807 99.33300000000008 122.0
0 1021.596 2821.141 103.33300000000008 114.0
0 1114.263 2823.808 103.33300000000008 114.0
0 424.262 2925.807 109.99999999999994 106.66700000000037
0 338.262 2921.333 110.0 106.66699999999992
0 508.929 2926 110.0 106.66699999999992
0 168.929 2915.807 115.99999999999997 110.0
0 48.262 2800.474 116.0 110.0
0 422.262 2579.807 116.66699999999997 118.66700000000037
0 513.595 2583.807 116.66699999999992 118.66700000000037
0 594.929 2931.807 107.33299999999997 107.33400000000029
0 0 260.932 100.83 155.0
0 12.548 2685.326 119.333 118.0
0 85.881 2913.326 112.0 108.66600000000017
0 0.715 2910.992 117.0 107.0
0 685.215 2933.326 108.0 106.67399999999998
0 772.881 2934.992 107.0 105.00799999999981
0 862.548 2935.659 102.66700000000003 104.3409999999999
0 1307.215 2931.326 95.33300000000008 108.67399999999998
0 1397.881 2932.326 91.66699999999992 107.67399999999998
0 1486.548 2930.326 91.33300000000008 109.67399999999998
0 522.163 0 96.0 81.598
0 427.83 0 98.66699999999997 83.265
0 334.83 0 98.33300000000003 86.265
0 242.83 0 97.333 86.598
0 150.83 0 98.333 91.265
0 58.497 0 100.66600000000001 94.265
0 0 0 65.497 96.598
0 0 98.932 83.163 159.33299999999997
0 0 286.932 14.33 130.5
0 0 424.432 36.33 149.33299999999997
0 0 813.751 102.299 153.0
0 0 888.751 10.299 80.5
0 0 971.751 36.799 152.5
0 0 1128.251 59.799 149.0
0 0 1274.751 84.799 145.0
0 0 1702.085 47.299 140.0
0 0 1843.418 78.632 136.0
0 0 1980.751 105.966 133.33400000000006
0 0 2007.418 20.632 104.00000000000023
0 0 2116.751 51.299 124.0
0 0 2561.326 98.548 121.33300000000008
0 0 2633.326 13.881 46.66600000000017
0 0 2684.659 47.215 114.0
0 0 2799.326 83.215 110.66600000000017
0 0 2905.992 34.715 107.5
0 949.881 2935.326 100.66700000000003 104.67399999999998
0 1036.881 2933.992 101.33399999999983 106.00799999999981
0 1128.548 2933.326 98.33300000000008 106.67399999999998
0 1220.548 2934.992 95.66699999999992 105.00799999999981
