0 60.323 1699.793 126.5 154.0
0 147.823 1699.293 126.49999999999997 155.0
0 238.823 1700.293 126.49999999999997 155.0
0 330.823 1700.293 126.5 155.0
0 424.823 1700.293 124.5 155.0
0 518.323 1700.293 124.5 155.0
0 613.823 1700.293 121.0 156.5
0 707.323 1698.293 121.0 156.5
0 803.823 1698.293 121.0 156.5
0 902.323 1698.293 116.5 157.0
0 999.823 1697.293 116.50000000000011 157.0
0 1098.323 1697.793 111.5 157.0
0 1195.823 1696.293 111.5 157.0
0 1291.323 1694.293 111.5 157.0
0 1390.823 1692.793 106.0 157.5
0 1487.823 1692.793 103.0 157.0
0 1582.323 1691.293 103.0 157.0
0 1677.823 1690.293 101.0 156.0
0 1772.323 1690.293 96.5 155.5
0 1869.323 1688.293 91.0 156.0
0 1964.323 1688.293 90.99999999999977 157.0
0 2058.323 1686.793 91.0 157.0
0 2151.323 1687.793 92.0 155.5
0 2243.323 1687.793 95.0 156.0
0 2335.823 1687.793 98.5 156.0
0 2430.823 1688.293 98.5 156.0
0 2522.823 1689.793 103.5 154.0
0 2619.323 1690.293 103.5 154.0
0 2714.823 1691.293 106.5 154.0
0 2809.323 1694.293 111.0 154.0
0 2908.323 1693.293 111.0 154.0
0 3001.323 1693.793 114.5 154.0
0 3097.823 1692.793 116.5 154.0
0 3190.823 1691.293 120.0 155.0
0 3285.323 1691.793 122.5 155.0
0 3380.823 1691.793 122.5 155.0
0 3471.323 1689.293 126.5 157.5
0 3563.323 1688.793 129.5 157.0
0 3655.823 1687.793 129.5 157.0
0 3744.323 1687.293 132.5 158.5
0 3831.823 1686.293 132.0 155.5
0 3919.823 1686.293 132.0 155.5
0 3877.823 1522.293 133.0 162.5
0 3786.823 1523.793 133.0 162.5
0 3694.823 1523.793 133.0 162.5
0 3604.323 1523.793 129.5 163.0
0 3508.323 1524.293 129.5 163.0
0 3410.823 1525.293 129.5 163.0
0 3317.323 1525.293 125.0 164.0
0 3219.823 1525.293 125.0 164.0
0 3120.823 1526.293 125.0 164.0
0 3025.823 1525.793 120.0 164.5
0 2925.823 1527.293 120.0 164.5
0 2827.323 1525.793 120.0 164.5
0 2728.823 1525.793 116.0 166.5
0 2630.323 1525.293 116.0 166.5
0 2532.823 1524.793 111.0 165.0
0 2436.823 1525.793 107.5 163.5
0 2341.323 1526.793 104.5 162.0
0 2247.323 1525.793 101.0 162.5
0 2152.823 1526.293 97.0 161.5
0 2056.823 1526.793 97.0 161.5
0 1961.323 1526.793 94.49999999999977 161.0
0 1864.323 1527.293 95.5 161.0
0 1768.823 1528.293 95.5 161.0
0 1670.823 1528.293 100.0 162.0
0 1573.323 1529.293 100.0 162.0
0 1474.323 1527.793 105.5 163.0
0 1374.823 1529.793 105.5 163.0
0 1274.323 1531.293 112.0 162.5
0 1173.823 1531.293 115.0 163.0
0 1073.823 1531.793 115.0 163.0
0 973.323 1531.793 118.50000000000011 164.0
0 872.823 1534.293 118.5 163.5
0 774.323 1534.793 122.5 164.0
0 674.823 1533.793 125.5 165.0
0 576.823 1534.293 125.5 165.0
0 477.823 1532.793 128.0 165.0
0 378.823 1533.293 134.5 167.0
0 280.823 1533.793 137.0 167.0
0 188.323 1534.293 136.99999999999997 167.0
0 96.823 1534.293 137.0 166.0
0 6.323 1534.793 137.0 165.5
0 235.721 1101.197 128.0 170.5
0 144.721 1102.197 128.0 170.5
0 55.721 1103.697 129.5 170.5
0 326.221 1099.197 128.0 173.0
0 420.221 1097.697 128.0 173.0
0 515.721 1097.697 125.0 172.5
0 610.221 1096.197 125.0 172.5
0 706.221 1096.197 121.0 172.5
0 801.221 1096.197 121.0 172.5
0 897.721 1094.697 121.0 172.5
0 996.221 1095.197 116.5 172.0
0 1093.221 1095.197 116.5 172.0
0 1191.721 1095.697 112.0 173.0
0 1289.221 1096.697 110.5 171.0
0 1387.721 1095.197 106.5 173.0
0 1484.221 1096.697 105.0 172.0
0 1580.221 1096.697 103.0 171.5
0 1676.221 1096.697 100.0 172.5
0 1770.721 1096.697 100.0 172.5
0 1865.721 1098.197 94.0 171.5
0 1962.721 1098.197 90.5 171.0
0 2056.221 1097.697 91.5 170.0
0 2148.221 1097.697 94.0 168.5
0 2242.721 1098.197 94.0 168.5
0 2333.721 1095.697 100.0 170.5
0 2429.221 1096.197 100.0 170.5
0 2523.221 1094.197 103.0 170.0
0 2618.221 1092.197 107.5 169.5
0 2710.721 1090.697 114.0 172.0
0 2808.221 1090.697 114.0 172.0
0 2905.721 1089.197 114.0 172.0
0 2999.721 1086.197 118.0 174.0
0 3095.221 1086.697 118.0 174.0
0 3190.721 1086.697 121.0 174.5
0 3285.721 1086.197 121.0 174.5
0 3378.221 1086.197 124.5 171.5
0 3471.221 1086.697 126.5 171.5
0 3565.721 1085.697 126.5 171.5
0 3655.221 1085.697 130.5 171.0
0 3745.221 1086.697 128.5 170.0
0 3836.221 1087.697 128.5 170.0
0 3920.721 1089.697 132.5 169.5
0 3876.721 910.197 128.5 175.9999999999999
0 3785.721 909.197 128.5 175.9999999999999
0 3695.721 907.197 126.0 177.9999999999999
0 3602.221 907.197 126.0 177.9999999999999
0 3508.721 906.197 124.0 177.4999999999999
0 3413.221 906.197 124.0 175.4999999999999
0 3316.221 907.197 124.0 175.4999999999999
0 3219.221 907.197 124.0 175.4999999999999
0 3123.721 907.197 121.0 176.4999999999999
0 3026.221 907.197 118.5 176.9999999999999
0 2927.221 907.197 118.5 176.9999999999999
0 2831.221 907.197 112.5 178.4999999999999
0 2732.221 909.197 112.5 178.4999999999999
0 2633.221 909.697 112.5 178.4999999999999
0 2536.721 910.697 110.0 178.9999999999999
0 2435.721 913.697 110.0 178.9999999999999
0 2344.721 913.697 102.0 180.9999999999999
0 2246.721 913.697 102.0 180.9999999999999
0 2150.721 916.697 99.5 178.4999999999999
0 2056.221 915.697 94.5 179.9999999999999
0 1960.721 916.197 94.5 179.9999999999999
0 1863.221 915.197 92.5 179.9999999999999
0 1765.721 916.197 96.5 180.4999999999999
0 1666.721 915.697 101.0 179.9999999999999
0 1567.721 915.197 101.0 179.9999999999999
0 1468.221 915.697 108.0 179.9999999999999
0 1368.721 913.197 108.0 180.9999999999999
0 1268.721 912.197 112.5 180.9999999999999
0 1168.221 912.197 112.5 180.9999999999999
0 1068.221 912.197 117.0 178.9999999999999
0 968.721 912.197 117.0 178.9999999999999
0 869.721 913.697 119.5 178.9999999999999
0 772.721 913.197 119.5 178.9999999999999
0 671.721 915.197 123.5 176.9999999999999
0 576.221 916.197 123.5 176.9999999999999
0 478.221 917.697 126.5 177.9999999999999
0 380.721 918.197 126.5 179.4999999999999
0 284.721 920.197 130.5 178.4999999999999
0 192.721 922.197 130.5 178.4999999999999
0 103.221 924.197 130.0 177.9999999999999
0 13.721 925.697 130.0 177.9999999999999
0 77.66 515.515 119.334 181.33299999999997
0 164.327 511.515 119.334 181.33299999999997
0 251.66 508.848 119.33400000000003 181.33300000000003
0 342.993 504.181 121.334 181.33300000000003
0 433.66 501.514 121.334 183.33299999999997
0 526.327 497.514 121.33399999999995 183.33299999999997
0 618.327 494.848 122.00099999999998 186.666
0 712.327 492.848 122.00099999999998 186.666
0 810.994 493.515 116.00099999999998 185.99900000000002
0 904.327 492.182 116.00099999999998 185.99900000000002
0 1000.327 490.849 116.00099999999998 185.99899999999997
0 1096.994 489.516 112.00099999999998 185.99899999999997
0 1194.327 490.183 112.00099999999998 185.332
0 1288.327 488.85 109.33400000000006 185.332
0 1388.327 490.183 105.33400000000006 185.83400000000006
0 1482.994 489.516 105.33400000000006 185.834
0 1580.994 488.183 100.66700000000014 187.83400000000006
0 1679.661 488.183 95.33399999999983 188.50099999999998
0 1774.994 486.85 95.33400000000006 188.50099999999998
0 1870.994 487.517 95.33400000000006 188.50100000000003
0 1967.661 488.85 92.66699999999992 187.83399999999995
0 2063.828 488.183 92.0 188.50099999999998
0 2158.495 488.183 92.0 188.50099999999998
0 2253.828 485.516 94.0 189.834
0 2345.828 486.183 98.66699999999992 189.332
0 2440.494 484.85 103.33399999999983 186.66499999999996
0 2535.161 484.183 103.33399999999983 186.66499999999996
0 2630.494 484.85 103.33399999999983 186.66499999999996
0 2724.494 484.183 106.00099999999975 185.332
0 2819.161 486.183 110.00099999999975 184.66499999999996
0 2915.161 486.183 110.00099999999975 184.66499999999996
0 3009.161 483.516 112.66800000000012 184.66500000000002
0 3104.494 484.849 112.66799999999967 184.66500000000002
0 3197.161 483.516 116.66800000000012 183.998
0 3288.494 487.183 118.00099999999975 182.99800000000005
0 3385.161 487.85 118.00099999999975 182.99799999999993
0 3474.494 489.183 122.00099999999975 182.83400000000006
0 3563.161 491.85 122.00099999999975 182.83399999999995
0 3653.827 495.85 124.66799999999967 180.83399999999995
0 3745.16 497.85 118.66800000000012 180.83399999999995
0 3831.827 499.85 118.66799999999967 180.83399999999995
0 3916.494 505.183 120.66799999999967 180.83400000000006
0 3869.827 318.516 120.66799999999967 180.834
0 3781.827 312.516 116.66799999999967 182.834
0 3691.827 309.183 116.66799999999967 182.834
0 3601.16 305.183 116.66800000000012 182.834
0 3509.16 299.85 116.66800000000012 185.50099999999998
0 3415.827 297.85 116.66799999999967 185.50099999999998
0 3321.16 293.85 114.66800000000012 189.50099999999998
0 3225.827 292.517 114.66799999999967 189.50099999999998
0 3130.494 290.517 112.66799999999967 189.50099999999998
0 3035.161 289.184 112.66800000000012 189.50099999999998
0 2938.494 289.184 110.66799999999967 190.998
0 2842.494 289.184 108.66799999999967 192.33099999999996
0 2744.494 288.517 108.66799999999967 192.33100000000002
0 2647.827 289.85 108.66799999999967 192.33099999999996
0 2548.494 287.85 106.00099999999975 192.998
0 2451.161 286.517 106.00099999999975 192.998
0 2353.828 287.85 101.33399999999983 193.66499999999996
0 2257.828 286.517 98.0010000000002 194.998
0 2160.495 286.517 98.0010000000002 194.998
0 2063.829 288.517 93.33399999999983 194.998
0 1967.162 289.85 93.33400000000006 194.998
0 1867.663 287.85 93.33400000000006 195.66499999999996
0 1769.663 289.183 93.33400000000006 195.66500000000002
0 1670.996 288.516 98.66699999999992 195.66499999999996
0 1571.663 288.516 98.66699999999992 195.66499999999996
0 1470.996 289.183 104.0 195.50100000000003
0 1372.996 289.85 104.0 195.50099999999998
0 1272.329 290.517 107.33300000000008 196.33100000000002
0 1173.662 293.85 110.0 192.33099999999996
0 1074.995 295.183 110.0 192.33100000000002
0 976.328 294.516 115.33300000000008 192.33099999999996
0 876.994 295.516 120.0 193.998
0 780.327 296.849 120.0 193.998
0 685.66 298.849 120.0 193.998
0 588.327 302.849 120.66700000000003 193.998
0 493.66 304.849 120.66699999999997 193.998
0 400.993 308.849 120.66699999999997 193.998
0 308.326 313.516 123.334 190.66499999999996
0 216.993 318.849 123.334 190.66500000000002
0 127.66 322.849 122.001 189.998
0 40.327 328.182 122.001 189.99799999999993
0 63.092 2288.93 129.5 140.5
0 150.092 2291.93 129.49999999999997 140.5
0 239.092 2294.43 129.49999999999997 140.5
0 330.092 2296.93 127.0 140.5
0 420.592 2298.43 127.0 140.5
0 515.592 2299.93 122.0 139.5
0 610.092 2301.43 122.0 139.5
0 703.592 2302.43 119.0 139.0
0 798.592 2301.43 118.5 140.0
0 893.592 2301.43 115.5 140.5
0 989.092 2300.43 113.00000000000011 142.0
0 1084.092 2298.93 113.0 142.0
0 1182.092 2298.93 109.0 142.5
0 1278.592 2298.93 109.0 142.5
0 1375.592 2296.93 102.5 143.5
0 1473.592 2295.93 98.5 142.5
0 1569.092 2295.43 98.5 142.5
0 1664.592 2293.43 98.5 142.5
0 1762.592 2291.93 93.0 142.5
0 1859.092 2291.43 89.5 144.5
0 1955.092 2293.43 89.5 144.5
0 2049.092 2291.93 89.5 144.5
0 2144.592 2291.43 91.0 142.5
0 2237.592 2290.93 94.0 144.5
0 2333.092 2291.43 94.0 144.5
0 2425.592 2292.43 99.0 143.5
0 2521.092 2293.93 99.0 143.5
0 2614.092 2294.93 105.0 141.5
0 2710.592 2293.93 105.0 141.5
0 2803.592 2294.93 107.0 141.5
0 2897.592 2294.43 110.5 141.5
0 2991.092 2295.43 113.0 141.0
0 3083.592 2294.43 117.0 139.5
0 3177.092 2293.93 117.0 139.5
0 3270.092 2292.93 121.0 140.0
0 3361.592 2291.93 124.0 139.5
0 3455.592 2289.43 124.0 139.5
0 3543.592 2287.93 126.0 141.0
0 3634.092 2284.93 126.0 141.0
0 3722.092 2282.43 129.0 141.0
0 3810.092 2278.93 129.0 141.0
0 3895.092 2275.93 131.0 140.5
0 3856.426 2133.263 134.33300000000008 145.83300000000008
0 3766.926 2135.263 134.33300000000008 145.83300000000008
0 3675.426 2140.263 131.83300000000008 145.33300000000008
0 3581.426 2142.263 131.83300000000008 145.33300000000008
0 3492.426 2141.763 125.83300000000008 144.83300000000008
0 3395.926 2142.763 128.83300000000008 144.83300000000008
0 3303.426 2143.263 125.83300000000008 144.83300000000008
0 3207.426 2145.763 125.83300000000008 144.83300000000008
0 3111.426 2146.263 120.83300000000008 145.33300000000008
0 3014.426 2147.263 120.83300000000008 145.33300000000008
0 2921.426 2147.263 113.33300000000008 144.66699999999992
0 2824.426 2144.263 112.33300000000008 146.16699999999992
0 2724.426 2144.263 112.33300000000008 145.83300000000008
0 2629.426 2143.263 108.33300000000008 146.66699999999992
0 2532.926 2142.263 104.83300000000008 147.83300000000008
0 2434.426 2141.263 102.83300000000008 147.83300000000008
0 2337.426 2140.263 100.83300000000008 147.66699999999992
0 2242.926 2139.763 96.33300000000008 147.66699999999992
0 2145.926 2139.263 93.83300000000008 149.33300000000008
0 2048.926 2138.263 93.83300000000008 149.33300000000008
0 1953.759 2139.263 91.0 149.83300000000008
0 1855.759 2138.763 91.0 149.83300000000008
0 1755.759 2139.263 96.33300000000008 151.83300000000008
0 1658.759 2141.263 96.33300000000008 151.83300000000008
0 1558.259 2142.763 101.33300000000008 149.33300000000008
0 1459.759 2145.263 101.33300000000008 149.33300000000008
0 1359.259 2146.763 106.33300000000008 147.83300000000008
0 1260.259 2148.263 106.33300000000008 147.83300000000008
0 1160.759 2148.763 109.33300000000008 148.33300000000008
0 1060.259 2151.263 113.83300000000008 146.83300000000008
0 961.259 2151.263 116.33300000000008 147.16699999999992
0 861.259 2152.263 121.83299999999997 147.33300000000008
0 763.259 2151.763 121.83299999999997 147.33300000000008
0 667.759 2151.763 121.83299999999997 147.33300000000008
0 568.259 2152.263 127.83299999999997 148.33300000000008
0 471.759 2150.763 127.83299999999997 148.33300000000008
0 376.259 2150.263 131.33299999999997 146.66699999999992
0 282.759 2149.763 131.33299999999997 146.66699999999992
0 189.259 2146.263 131.333 146.66699999999992
0 100.259 2145.263 131.33300000000003 146.66699999999992
0 12.759 2143.263 131.33300000000003 146.66699999999992
0 0 2141.43 57.925 147.0
0 0 2286.43 109.425 141.0
0 0 2352.93 26.425 70.5
0 0 1796.117 18.692 57.5
0 0 1697.617 102.192 155.5
0 0 1533.617 53.692 163.0
0 0 1229.784 12.192 45.0
0 0 1104.784 98.526 170.0
0 0 929.117 54.859 176.0
0 0 568.329 29.118 132.33300000000008
0 0 518.662 112.785 181.33299999999997
0 0 334.329 75.452 185.99999999999994
0 4001.182 508.193 54.81800000000021 180.0
0 4039.182 422.359 16.81800000000021 86.334
0 3953.515 321.026 102.48500000000013 185.0
0 3966.182 912.359 89.81800000000021 177.33399999999995
0 4009.848 1091.693 46.152000000000044 169.5
0 3965.848 1522.193 90.15200000000004 164.5
0 4007.348 1686.693 48.652000000000044 154.5
0 3979.015 2272.859 76.98500000000013 139.0
0 4029.515 2198.859 26.485000000000127 74.5
0 3944.015 2128.859 111.98500000000013 146.0
