0 701.932 726.532 119.33299999999997 114.668
0 692.599 612.531 119.33299999999997 114.668
0 578.599 608.531 119.33299999999997 114.668
0 802.599 613.864 119.33299999999997 114.668
0 915.266 617.864 119.33299999999997 114.668
0 1029.266 622.531 119.33299999999986 114.668
0 811.933 729.199 119.33299999999997 114.668
0 924.6 732.532 119.33299999999997 114.668
0 1036.6 738.532 119.33300000000008 114.668
0 589.267 722.532 119.33299999999997 114.668
0 1043.933 845.2 119.33300000000008 114.668
0 933.933 841.2 119.33300000000008 114.668
0 823.933 839.867 119.33299999999997 114.668
0 713.933 835.867 119.33299999999997 114.668
0 494.6 830.534 119.33299999999997 114.668
0 603.933 832.534 119.33299999999997 114.668
0 483.267 721.2 119.33300000000003 114.668
0 466.6 607.866 119.33299999999997 114.668
0 455.267 493.198 119.33300000000003 114.668
0 567.934 495.198 119.33300000000008 114.668
0 680.601 497.198 119.33299999999997 114.668
0 792.601 499.198 119.33299999999997 114.668
0 907.934 502.531 119.33300000000008 114.66799999999995
0 1021.267 505.864 119.33299999999986 114.66800000000006
0 1133.934 510.531 119.33300000000008 114.66799999999995
0 1142.601 625.199 119.33299999999986 114.668
0 1148.601 739.867 119.33299999999986 114.668
0 1153.934 848.535 119.33300000000008 114.668
0 1249.934 513.198 119.33300000000008 114.668
0 1254.601 630.533 119.33299999999986 114.668
0 1259.934 743.867 119.33300000000008 114.668
0 1266.601 853.201 119.33299999999986 114.668
0 361.934 606.531 119.33299999999997 114.668
0 348.601 491.863 119.33300000000003 114.66799999999995
0 371.268 719.199 119.33300000000003 114.668
0 386.601 827.2 119.33300000000003 114.668
0 148.099 605.697 116.666 111.33500000000004
0 253.432 605.697 116.66600000000003 111.33500000000004
0 240.765 491.696 116.666 111.33499999999992
0 135.432 495.696 116.66600000000003 111.33499999999992
0 32.765 497.029 116.66600000000001 111.33500000000004
0 42.098 605.697 116.66600000000001 111.33500000000004
0 58.765 715.698 116.66600000000001 111.33500000000004
0 159.432 717.031 116.66600000000003 111.33500000000004
0 264.765 720.364 116.666 111.33499999999992
0 279.432 826.365 116.666 111.33500000000004
0 176.765 827.032 116.666 111.33499999999992
0 74.098 825.032 116.66600000000001 111.33499999999992
0 1154.033 66.229 113.0 119.50099999999999
0 1045.033 61.729 113.0 119.50099999999999
0 1049.033 178.23 113.0 119.501
0 1158.533 181.23 113.0 119.501
0 1271.033 184.73 113.0 119.501
0 1266.033 69.229 113.0 119.50099999999999
0 1375.033 71.729 113.0 119.50099999999999
0 1381.033 188.73 113.0 119.501
0 1818.7 88.896 111.33299999999986 121.335
0 1706.7 85.563 111.33299999999986 121.335
0 1597.367 78.896 111.33300000000008 121.335
0 1488.034 74.896 111.33299999999986 121.335
0 1488.701 192.231 111.33300000000008 121.33499999999998
0 1598.034 195.564 111.33299999999986 121.33500000000001
0 1707.367 200.231 111.33300000000008 121.33499999999998
0 1815.367 204.897 111.33300000000008 121.33500000000004
0 1929.367 93.563 111.33300000000008 121.335
0 1924.7 208.898 111.33299999999986 121.33500000000001
0 2034.7 212.898 111.33299999999986 121.33500000000001
0 2040.7 96.897 111.33299999999986 121.335
0 2141.367 215.565 111.33299999999963 121.33499999999998
0 2148.034 101.564 111.33300000000008 121.33500000000001
0 2257.367 104.897 111.33299999999963 121.335
0 2249.7 223.231 112.66700000000037 117.334
0 609.033 58.896 114.0 116.00099999999999
0 715.7 59.563 114.0 116.00099999999999
0 824.367 61.563 114.0 116.00099999999999
0 933.034 60.896 114.00000000000011 116.00099999999999
0 941.701 176.231 114.0 116.00100000000003
0 833.701 176.231 114.0 116.00100000000003
0 726.368 172.231 114.0 116.00100000000003
0 619.701 170.898 114.0 116.001
0 294.367 64.896 114.0 112.66799999999999
0 398.367 64.229 113.99999999999994 112.66799999999999
0 503.034 59.562 114.0 112.66799999999999
0 511.701 173.563 114.0 112.668
0 407.034 174.896 114.0 112.66800000000003
0 307.034 173.563 114.0 112.668
0 204.367 175.563 114.00000000000003 112.668
0 194.367 67.562 114.00000000000003 112.66799999999999
0 91.7 68.895 113.99999999999999 112.66799999999999
0 3.2 180.396 114.0 112.66800000000003
0 103.2 178.396 113.99999999999999 112.66800000000003
0 3116.533 1164.407 125.33400000000029 110.66800000000012
0 3006.533 1162.407 125.33400000000029 110.66800000000012
0 3227.2 1168.407 125.33400000000029 110.66800000000012
0 3338.533 1173.074 125.33400000000029 110.66799999999989
0 2893.2 1160.407 125.33400000000029 110.66800000000012
0 2782.533 1158.407 125.33400000000029 110.66800000000012
0 3445.866 1175.074 125.33399999999983 110.66799999999989
0 3464.533 1068.407 125.33400000000029 110.66800000000012
0 3356.533 1065.74 125.33400000000029 110.66799999999989
0 3245.866 1061.74 125.33399999999983 110.66799999999989
0 3135.866 1059.74 125.33399999999983 110.66799999999989
0 3021.866 1054.407 125.33399999999983 110.66800000000012
0 2910.533 1052.407 125.33400000000029 110.66800000000012
0 2798.533 1051.407 125.33400000000029 110.66800000000012
0 3552.533 1178.408 125.33400000000029 110.66800000000012
0 3574.533 1073.074 125.33400000000029 110.66799999999989
0 3864.2 1191.574 119.33300000000008 107.33399999999983
0 3762.2 1188.241 119.33300000000008 107.33400000000006
0 3660.2 1182.908 119.33300000000008 107.33400000000006
0 3682.2 1077.574 119.33300000000008 107.33399999999983
0 3785.533 1083.574 119.33300000000008 107.33399999999983
0 3886.2 1088.907 119.33300000000008 107.33400000000006
0 3101.533 1274.908 121.33400000000029 103.33400000000006
0 3211.533 1278.908 121.33400000000029 103.33400000000006
0 2992.866 1272.241 121.33399999999983 103.33400000000006
0 2882.199 1268.908 121.33399999999983 103.33400000000006
0 2867.532 1371.576 121.33399999999983 103.33400000000006
0 2975.532 1374.243 121.33399999999983 103.33400000000006
0 3085.532 1376.91 121.33399999999983 103.33399999999983
0 3193.532 1378.91 121.33399999999983 103.33399999999983
0 3318.865 1282.909 121.33400000000029 103.33399999999983
0 3298.865 1383.577 121.33400000000029 103.33400000000006
0 3407.532 1386.244 121.33399999999983 103.33400000000006
0 3425.532 1284.243 121.33399999999983 103.33400000000006
0 3532.865 1286.91 121.33400000000029 103.33399999999983
0 3512.865 1386.911 121.33400000000029 103.33399999999983
0 2772.865 1268.243 121.33400000000029 103.33400000000006
0 2756.865 1368.744 121.33400000000029 103.33400000000006
0 3739.533 1297.075 121.33400000000029 102.66799999999989
0 3637.533 1290.408 121.33400000000029 102.66800000000012
0 3716.199 1395.076 121.33399999999983 102.66799999999989
0 3613.532 1392.409 121.33399999999983 102.66799999999989
0 3841.532 1298.408 121.33399999999983 102.66800000000012
0 3816.199 1400.409 121.33399999999983 102.66799999999989
0 3913.532 1402.409 121.33399999999983 102.66799999999989
0 3938.867 1301.908 117.13299999999981 103.33500000000004
0 2999.2 1829.58 127.33300000000008 101.33500000000004
0 3109.867 1834.247 127.33299999999963 101.33500000000004
0 3091.2 1930.915 127.33300000000008 101.33500000000004
0 2981.867 1926.915 127.33299999999963 101.33500000000004
0 2872.534 1926.248 127.33300000000008 101.33500000000004
0 2886.534 1825.58 127.33300000000008 101.33500000000004
0 3223.201 1835.58 127.33300000000008 101.33500000000004
0 3201.868 1934.248 127.33300000000008 101.33500000000004
0 3548.533 1844.914 126.5 98.00099999999998
0 3440.033 1841.414 126.5 98.00099999999998
0 3332.533 1838.914 126.5 98.00099999999998
0 3309.533 1938.915 126.5 98.00099999999998
0 3417.033 1940.415 126.5 98.00099999999998
0 3524.033 1941.415 126.5 98.00099999999998
0 3628.533 1942.415 126.5 98.00099999999998
0 3654.533 1847.914 126.5 98.00099999999998
0 3757.033 1850.414 126.5 98.00099999999998
0 3730.533 1945.415 126.5 98.00099999999998
0 3858.033 1852.914 125.5 95.50099999999998
0 3831.033 1948.415 125.5 95.50099999999998
0 3928.033 1948.915 125.5 95.50099999999998
0 3181.867 2030.249 125.0 95.00099999999998
0 3287.867 2032.249 125.0 95.00099999999998
0 3074.867 2025.249 125.0 95.00099999999998
0 2966.367 2024.249 125.0 95.00099999999998
0 3499.867 2037.249 125.0 95.00099999999998
0 3393.867 2033.749 125.0 95.00099999999998
0 3803.367 2042.416 123.5 92.50099999999998
0 3704.867 2041.416 123.5 92.50099999999998
0 3602.367 2040.416 123.5 92.50099999999998
0 3901.367 2041.416 123.5 92.50099999999998
0 2762.533 1921.248 123.5 101.00099999999998
0 2750.533 2015.749 123.5 101.00099999999998
0 2860.533 2017.249 123.5 101.00099999999998
0 2776.033 1821.247 123.5 101.00099999999998
0 2789.033 1723.246 123.5 101.00099999999998
0 2904.533 1727.246 123.5 101.00099999999998
0 3019.033 1729.246 123.5 101.00099999999998
0 3132.533 1734.246 123.5 101.00099999999998
0 3349.533 1740.08 130.5 103.50099999999998
0 3461.533 1743.08 130.5 103.50099999999998
0 3238.533 1737.08 130.5 103.50099999999998
0 3572.533 1744.08 130.5 103.50099999999998
0 3783.033 1751.08 128.5 102.50099999999998
0 3678.533 1749.08 128.5 102.50099999999998
0 3886.033 1753.08 128.5 102.50099999999998
0 3092.367 2542.254 123.0 88.0010000000002
0 2983.367 2541.754 123.0 88.0010000000002
0 2872.867 2538.254 123.0 88.0010000000002
0 2861.367 2628.755 123.0 88.00099999999975
0 2967.367 2630.755 123.0 88.00099999999975
0 3077.367 2630.755 123.0 88.00099999999975
0 3182.367 2630.755 123.0 88.00099999999975
0 3201.867 2541.254 123.0 88.0010000000002
0 3309.867 2543.254 123.0 88.0010000000002
0 3289.2 2630.588 123.0 88.00099999999975
0 3621.7 2541.254 124.66700000000037 84.0010000000002
0 3519.7 2541.921 124.66700000000037 84.0010000000002
0 3413.033 2543.254 124.66699999999992 84.0010000000002
0 3393.033 2631.922 124.66699999999992 84.00099999999975
0 3496.366 2629.255 124.66699999999992 84.00099999999975
0 3597.033 2627.922 124.66699999999992 84.00099999999975
0 3695.7 2624.589 124.66700000000037 84.0010000000002
0 3722.367 2539.921 124.66699999999992 84.0010000000002
0 3821.034 2536.588 124.66699999999992 84.00099999999975
0 3793.701 2621.922 124.66699999999992 84.00099999999975
0 3918.367 2531.088 125.33299999999963 90.0
0 3890.367 2614.089 125.33299999999963 90.0
0 3327.533 2452.42 128.3340000000003 91.33399999999983
0 3435.533 2453.087 128.3340000000003 91.33399999999983
0 3216.866 2451.754 128.33399999999983 91.33400000000029
0 3541.533 2451.087 128.3340000000003 91.33399999999983
0 3748.033 2448.42 128.0 90.00099999999975
0 3647.533 2449.42 128.0 90.00099999999975
0 3850.033 2446.92 128.0 90.00099999999975
0 2887.2 2447.42 125.0 92.50099999999975
0 2998.7 2450.92 125.0 92.50099999999975
0 3111.2 2448.42 125.0 92.50099999999975
0 2774.7 2446.92 125.0 92.50099999999975
0 2762.7 2537.421 121.5 92.0010000000002
0 2753.2 2623.422 121.5 92.00099999999975
0 2953.2 2715.423 122.0 86.0010000000002
0 2848.2 2714.423 122.0 86.0010000000002
0 2739.2 2714.923 122.0 86.0010000000002
0 3059.7 2714.923 122.0 86.0010000000002
0 3166.2 2715.423 122.0 86.0010000000002
0 3473.2 2712.423 122.0 82.0010000000002
0 3371.7 2714.923 122.0 82.0010000000002
0 3269.7 2717.423 122.0 82.0010000000002
0 3572.7 2710.923 122.0 82.0010000000002
0 3670.7 2707.423 122.0 82.0010000000002
0 3863.7 2700.423 123.5 83.0
0 3768.7 2703.923 123.5 83.0
0 3986.113 1092.007 69.88700000000017 107.33299999999986
0 3962.78 1195.34 93.2199999999998 106.66700000000014
0 4035.446 1312.674 20.554000000000087 91.0
0 4011.446 1404.007 44.55400000000009 98.33299999999986
0 3984.613 1754.674 71.38700000000017 98.5
0 3956.613 1853.674 99.38700000000017 95.0
0 4024.113 1951.174 31.88700000000017 93.0
0 3996.613 2043.174 59.38700000000017 89.0
0 3957.84 2697.704 98.15999999999985 80.66699999999992
0 3987.173 2615.704 68.82700000000023 82.0
0 4013.84 2529.037 42.159999999999854 88.0
0 3946.34 2444.204 109.65999999999985 90.5
0 0 827.303 86.763 107.0
0 0 719.803 72.263 107.5
0 0 606.803 59.263 110.0
0 0 495.803 43.263 113.0
0 0 183.803 18.763 110.0
0 0 72.303 103.263 113.0
0 0 0 90.763 71.303
0 84.263 0 108.0 69.803
0 187.263 0 107.99999999999997 69.803
0 393.263 0 107.5 63.303
0 289.263 0 107.5 63.303
0 499.763 0 107.50000000000006 63.303
0 604.263 0 110.5 59.803
0 711.263 0 113.0 60.803
0 821.263 0 111.5 61.303
0 1038.763 0 114.0 64.803
0 929.263 0 112.49999999999989 60.803
0 1260.263 0 114.0 69.303
0 1150.763 0 113.0 67.303
0 1484.763 0 114.0 78.803
0 1373.763 0 111.0 74.803
0 1595.763 0 112.5 82.803
0 1708.263 0 111.5 85.803
0 1820.263 0 112.0 89.803
0 1930.763 0 114.0 95.303
0 2041.263 0 114.5 98.803
0 2150.763 0 115.5 103.303
0 2262.263 0 116.0 108.303
