0 8.985 2006.21 111.0 134.0
0 97.318 2009.543 111.00000000000001 134.00000000000023
0 189.318 2011.543 109.667 135.00000000000023
0 280.985 2014.543 108.66699999999997 134.66700000000014
0 373.318 2017.21 108.66700000000003 134.66699999999992
0 466.985 2019.543 107.66700000000003 134.66700000000014
0 562.985 2021.543 106.33399999999995 134.66700000000014
0 657.652 2023.543 105.66699999999992 134.33400000000006
0 753.652 2025.21 102.66699999999992 134.33399999999983
0 847.985 2026.877 101.66700000000003 134.33399999999983
0 943.318 2028.544 99.0 133.00099999999998
0 1135.651 2029.21 95.33299999999986 133.33500000000004
0 1038.984 2029.21 95.33300000000008 133.33500000000004
0 1229.984 2030.877 94.0 132.33500000000004
0 1324.651 2030.544 92.0 132.3349999999998
0 1419.317 2030.211 89.66699999999992 132.6679999999999
0 1511.649 2030.878 89.0 131.6679999999999
0 1603.316 2030.211 89.0 131.6679999999999
0 1695.316 2030.211 91.0 131.6679999999999
0 1785.316 2033.211 92.33299999999986 130.6679999999999
0 1873.983 2034.878 92.33300000000008 130.6679999999999
0 1963.316 2037.211 92.33299999999986 130.6679999999999
0 0.129 2395.592 104.667 120.66699999999992
0 86.129 2399.592 104.66699999999999 120.66699999999992
0 170.129 2403.259 105.33400000000003 122.0
0 255.796 2406.592 105.334 122.0
0 343.129 2409.925 104.00099999999998 122.0
0 431.796 2413.258 102.00100000000003 122.0
0 519.463 2414.925 101.33400000000006 122.66699999999992
0 609.463 2417.258 101.33400000000006 122.33400000000029
0 699.463 2419.591 100.33400000000006 120.66699999999992
0 789.796 2421.591 98.33399999999995 120.33400000000029
0 879.796 2423.258 96.33399999999995 120.33400000000029
0 968.796 2423.591 96.33400000000006 120.33400000000029
0 1059.796 2425.591 93.33400000000006 119.66699999999992
0 1152.129 2425.591 91.33400000000006 119.66699999999992
0 1241.796 2425.258 89.33400000000006 119.66700000000037
0 1330.796 2425.258 88.00099999999998 120.0
0 1420.796 2424.925 86.33500000000004 121.0
0 1509.796 2425.258 85.00199999999995 121.0
0 1597.461 2425.591 86.00299999999993 119.66699999999992
0 1685.794 2425.591 87.00299999999993 120.33400000000029
0 1772.461 2425.924 88.33600000000001 120.33399999999983
0 1858.794 2426.924 88.33600000000001 120.33399999999983
0 1944.794 2427.257 87.33600000000001 119.66699999999992
0 34.985 2142.21 109.00000000000001 129.66699999999992
0 60.652 2272.21 107.66699999999999 126.33399999999983
0 145.985 2276.877 107.33399999999997 125.0010000000002
0 123.318 2144.877 108.00000000000001 131.0
0 211.318 2148.544 107.99999999999997 131.0
0 233.318 2280.211 105.99999999999997 126.0
0 321.985 2281.878 106.66699999999997 127.0
0 300.985 2151.211 107.66699999999997 129.0
0 392.318 2154.544 106.334 128.66699999999992
0 411.318 2285.544 104.66700000000003 125.66699999999992
0 501.985 2287.211 103.33399999999995 126.66700000000037
0 484.318 2156.544 104.66700000000003 129.0
0 578.651 2158.544 104.66700000000003 129.0
0 593.984 2289.877 103.33399999999995 125.33300000000008
0 686.318 2292.21 101.66700000000003 125.0
0 671.651 2160.211 103.33400000000006 129.0
0 765.651 2161.211 100.33400000000006 129.0
0 776.984 2293.878 99.66699999999992 125.66699999999992
0 869.651 2294.878 97.33400000000006 124.33399999999983
0 858.318 2163.211 100.33400000000006 129.0
0 951.651 2164.211 97.66700000000003 128.33300000000008
0 961.318 2295.545 95.00099999999998 125.00099999999975
0 1052.318 2296.878 95.00099999999998 125.00099999999975
0 1044.651 2165.878 96.33399999999983 129.0
0 1139.651 2165.878 94.66699999999992 128.66699999999992
0 1146.318 2298.544 92.33400000000006 124.0010000000002
0 1236.985 2298.211 92.33400000000006 124.0010000000002
0 1233.651 2166.211 94.66699999999992 128.66700000000037
0 1325.651 2165.544 91.33399999999983 129.00199999999995
0 1327.652 2298.211 90.66699999999992 123.66900000000032
0 1417.985 2297.211 89.66700000000014 123.66900000000032
0 1418.984 2165.544 89.66600000000017 129.00199999999995
0 1509.651 2165.544 89.66599999999994 129.00199999999995
0 1508.651 2297.211 89.66599999999994 124.66700000000037
0 1599.317 2296.211 85.66699999999992 125.0
0 1600.983 2164.877 88.66700000000014 128.66699999999992
0 1691.316 2164.877 90.33400000000006 128.66699999999992
0 1689.317 2296.544 85.66699999999992 125.0
0 1776.65 2298.211 88.66699999999992 125.0
0 1780.983 2166.544 90.33400000000006 128.66699999999992
0 1868.65 2168.211 91.66699999999992 128.0
0 1956.65 2169.544 90.33299999999986 128.0
0 1863.65 2298.544 90.0 125.0
0 1951.317 2299.544 90.0 124.66699999999992
0 3521.719 2935.677 104.0 104.32299999999987
0 3597.969 2930.427 104.5 106.5
0 3671.719 2924.927 104.75 106.0
0 3744.219 2920.177 104.75 106.0
0 3816.469 2915.427 105.5 104.75
0 3887.719 2909.177 106.75 105.75
0 49.386 2828.76 112.5 115.75
0 136.886 2833.76 110.0 116.25
0 222.886 2838.51 110.00000000000003 116.25
0 310.386 2842.51 110.0 116.25
0 398.886 2847.51 110.0 116.25
0 490.136 2850.76 109.99999999999994 116.25
0 581.136 2853.76 106.0 115.25
0 672.386 2856.51 103.5 114.75
0 763.136 2859.26 102.25 115.25
0 853.636 2860.26 102.25 115.25
0 945.886 2862.26 99.75 114.75
0 1040.386 2862.76 98.25 115.5
0 1132.636 2863.26 96.75 114.5
0 1225.136 2863.26 94.75 116.25
0 1318.136 2862.76 92.0 115.75
0 1409.386 2862.26 91.25 116.5
0 1502.136 2861.26 88.5 116.75
0 1594.136 2861.01 88.5 115.5
0 1687.386 2861.76 87.0 115.0
0 1775.386 2860.76 89.5 115.25
0 1865.886 2860.01 89.5 114.75
0 1954.136 2859.26 92.0 115.0
0 2042.886 2858.76 93.25 114.25
0 2131.636 2858.51 94.5 114.25
0 2220.136 2857.01 93.5 114.25
0 2308.136 2856.51 93.5 114.25
0 2394.636 2855.26 95.25 114.0
0 2480.636 2855.51 98.75 113.5
0 2567.636 2855.26 98.25 112.25
0 2655.386 2854.01 100.0 112.5
0 2740.636 2853.01 100.75 112.5
0 2825.636 2851.51 100.75 112.5
0 2908.886 2850.01 103.0 112.0
0 2992.886 2848.51 103.0 110.25
0 3075.136 2846.26 103.25 110.75
0 3158.636 2844.26 105.5 109.5
0 3240.636 2841.01 105.5 110.0
0 3320.386 2837.76 105.5 109.0
0 3399.136 2834.76 107.75 109.25
0 3476.136 2830.76 107.5 109.5
0 3553.636 2827.26 108.5 108.5
0 3632.636 2822.51 106.25 108.5
0 3707.386 2817.76 106.25 108.5
0 3780.636 2812.76 106.25 108.25
0 3854.386 2807.26 106.25 108.25
0 3925.636 2802.51 108.25 107.75
0 0 2004.544 29.985 131.66599999999994
0 0 2139.259 55.462 128.66600000000017
0 0 2268.925 79.796 125.33399999999983
0 0 2399.592 22.462 112.66699999999992
0 0 2982.711 18.295 57.289000000000215
0 0 2941.711 102.045 98.28900000000021
0 79.795 2943.711 107.49999999999999 96.28900000000021
0 164.795 2949.461 104.25000000000003 90.53900000000021
0 251.545 2953.461 102.25000000000003 86.53900000000021
0 337.295 2957.211 101.25 82.78900000000021
0 422.295 2962.211 100.24999999999994 77.78900000000021
0 514.045 2967.461 97.0 72.53900000000021
0 601.795 2970.461 96.25 69.53900000000021
0 689.795 2972.461 96.5 67.53900000000021
0 778.295 2974.211 95.5 65.78900000000021
0 869.045 2976.961 93.25 63.039000000000215
0 959.295 2978.211 92.50000000000011 61.789000000000215
0 1052.295 2980.211 91.0 59.789000000000215
0 1143.045 2980.461 89.25 59.539000000000215
0 1232.795 2980.711 90.0 59.289000000000215
0 1322.545 2979.461 89.75 60.539000000000215
0 1413.795 2979.711 88.0 60.289000000000215
0 1503.045 2978.961 87.5 61.039000000000215
0 1594.545 2977.961 87.0 62.039000000000215
0 1684.295 2978.961 86.0 61.039000000000215
0 1773.295 2977.711 86.25 62.289000000000215
0 1861.545 2976.711 87.25 63.289000000000215
0 1948.545 2976.711 90.25 63.289000000000215
0 2037.795 2976.211 88.5 63.789000000000215
0 2126.545 2975.211 87.75 64.78900000000021
0 2213.295 2974.461 89.25 65.53900000000021
0 2299.295 2972.961 91.0 67.03900000000021
0 2384.295 2971.711 91.75 68.28900000000021
0 2470.795 2971.961 92.75 68.03900000000021
0 2557.045 2970.461 91.0 69.53900000000021
0 2642.795 2967.711 91.5 72.28900000000021
0 2726.045 2966.461 93.0 73.53900000000021
0 2810.045 2965.961 93.0 74.03900000000021
0 2893.045 2963.211 94.0 76.78900000000021
0 2974.045 2961.461 95.0 78.53900000000021
0 3055.295 2957.961 96.0 82.03900000000021
0 3136.295 2956.211 98.0 83.78900000000021
0 3216.469 2952.427 98.0 87.57299999999987
0 3295.219 2948.177 98.5 91.82299999999987
0 3370.719 2943.927 102.25 96.07299999999987
0 3447.969 2940.177 102.25 99.82299999999987
0 3957.969 2903.677 98.03099999999995 105.75
0 4030.719 2931.427 25.28099999999995 73.75
0 4014.719 3003.927 41.28099999999995 36.072999999999865
0 3946.969 3007.427 79.5 32.572999999999865
0 3876.219 3013.177 79.5 26.822999999999865
0 3806.719 3017.927 76.5 22.072999999999865
0 3737.719 3022.677 75.5 17.322999999999865
0 3668.719 3027.927 72.25 12.072999999999865
0 3599.469 3033.427 68.0 6.572999999999865
0 0 2825.51 76.136 114.25
0 3995.886 2800.26 60.11400000000003 106.5
