0 2135.464 1101.033 164.0 92.0
0 2297.964 1091.033 164.0 92.0
0 2459.964 1080.033 161.5 92.0
0 2303.464 1175.533 162.0 92.0
0 2463.464 1166.033 162.0 92.0
0 2140.464 1186.533 164.0 94.0
0 2145.964 1269.533 164.0 94.0
0 2307.464 1259.533 162.0 92.0
0 2467.964 1250.533 162.0 92.0
0 2151.964 1355.033 164.0 94.0
0 2312.464 1344.533 162.0 92.0
0 2472.464 1333.033 162.0 92.0
0 2156.964 1439.033 164.0 94.0
0 2317.464 1429.533 162.0 92.0
0 2484.964 1500.533 160.0 92.0
0 2161.964 1524.033 163.0 94.0
0 2321.964 1511.533 163.0 94.0
0 2167.464 1607.033 163.0 94.0
0 2327.964 1594.533 163.0 94.0
0 2490.464 1582.533 160.0 94.0
0 2174.464 1690.533 163.0 94.0
0 2333.964 1680.033 162.5 94.0
0 2496.464 1665.533 160.0 94.0
0 2180.464 1775.033 160.5 94.0
0 2339.464 1762.033 162.5 94.0
0 2500.464 1749.033 162.0 93.5
0 3019.05 80.457 161.0 89.0
0 3172.55 76.957 161.0 87.5
0 3326.05 73.957 152.5 84.5
0 3030.05 166.457 161.0 90.5
0 3184.55 160.957 158.5 87.5
0 3336.55 158.457 152.5 84.5
0 3040.05 252.457 163.0 92.5
0 3197.05 245.957 156.5 88.5
0 3051.05 339.457 162.5 92.5
0 3206.55 331.957 156.5 88.5
0 3357.55 324.957 152.5 87.5
0 3062.55 424.957 160.0 94.5
0 3216.05 416.457 158.0 93.5
0 3367.55 408.957 152.0 91.5
0 3073.05 511.457 160.0 94.5
0 3225.55 502.457 158.0 93.5
0 3377.05 494.957 151.5 91.5
0 3082.05 599.957 160.5 94.5
0 3235.55 589.957 157.5 92.0
0 3387.8 579.457 149.75 91.75
0 3574.626 1262.588 145.66699999999992 83.33300000000008
0 3721.293 1264.255 141.0 83.33299999999986
0 3862.46 1264.922 133.33300000000008 80.16699999999992
0 3572.626 1348.588 146.91699999999992 83.33300000000008
0 3719.793 1347.755 141.0 83.33299999999986
0 3860.21 1346.922 132.83300000000008 81.5
0 3571.876 1433.838 145.91699999999992 83.33300000000008
0 3718.543 1433.255 140.75 80.58299999999986
0 3857.96 1430.672 132.83300000000008 81.5
0 3571.626 1517.588 142.91699999999992 82.83300000000008
0 3716.293 1515.005 140.75 82.33299999999986
0 3855.21 1513.005 134.58300000000008 80.66699999999992
0 3569.126 1599.755 144.58399999999983 84.83299999999986
0 3713.626 1597.005 139.41699999999992 83.66599999999994
0 3567.793 1682.755 142.58399999999983 85.5
0 3711.292 1680.005 139.7510000000002 83.0
0 3849.958 1675.005 133.41800000000012 82.66699999999992
0 3565.127 1765.755 143.91699999999992 86.16699999999992
0 3708.625 1761.338 140.08500000000004 85.0
0 3846.625 1755.338 133.7510000000002 84.33400000000006
0 3562.794 1848.089 144.25 87.5
0 3706.292 1842.005 138.41800000000012 87.33299999999986
0 3843.625 1838.338 133.08399999999983 81.66700000000014
0 3839.958 1918.005 133.08399999999983 81.66699999999992
0 3561.127 1931.756 141.91699999999992 86.5
0 3702.959 1922.338 138.41800000000012 87.33300000000008
0 1980.59 2348.858 165.00000000000023 105.66699999999992
0 2140.59 2323.858 164.33299999999963 104.33399999999983
0 2299.257 2300.525 161.6659999999997 103.33399999999983
0 1989.257 2431.858 167.33300000000008 107.66699999999992
0 2148.923 2406.191 164.33300000000008 105.66700000000037
0 2306.924 2381.525 161.66600000000017 104.00099999999975
0 1999.59 2514.191 166.00000000000023 107.66700000000037
0 2158.923 2488.858 164.33300000000008 105.66699999999992
0 2317.591 2462.525 160.66600000000017 105.00099999999975
0 2008.923 2596.525 166.66700000000014 107.0
0 2168.256 2570.192 164.66600000000017 107.0
0 2326.258 2544.525 160.99900000000025 103.00099999999975
0 2018.923 2679.192 165.99999999999977 107.0
0 2177.589 2651.525 164.66600000000017 107.0
0 2028.923 2758.525 165.99999999999977 107.66699999999992
0 2186.922 2731.525 164.66600000000017 107.0
0 2344.922 2704.192 159.9989999999998 103.66600000000017
0 2037.423 2840.525 164.49999999999977 105.16699999999992
0 2194.922 2811.525 163.16600000000017 105.0
0 2352.922 2783.192 159.9989999999998 103.66600000000017
0 2046.423 2920.025 164.49999999999977 105.16699999999992
0 2203.922 2890.025 163.16600000000017 106.5
0 2360.922 2861.692 159.9989999999998 103.66600000000017
0 3355.686 2480.387 145.33299999999963 103.0
0 3498.019 2451.387 143.0 103.66699999999992
0 3639.352 2423.054 135.66699999999992 103.0
0 3361.686 2558.387 145.33299999999963 103.0
0 3504.353 2528.054 141.33300000000008 103.66699999999992
0 3643.352 2498.721 135.66699999999992 104.33300000000008
0 3366.686 2634.72 143.33299999999963 104.33300000000008
0 3507.02 2605.054 141.33300000000008 103.66699999999992
0 3646.685 2573.721 135.33399999999983 104.33300000000008
0 3373.019 2711.387 141.33300000000008 103.66599999999971
0 3513.02 2680.387 136.33300000000008 104.33399999999983
0 3649.685 2648.388 133.33399999999983 103.33300000000008
0 3376.352 2788.054 140.0 103.66599999999971
0 3517.687 2754.387 134.99900000000025 104.33399999999983
0 3381.019 2861.72 139.33300000000008 106.33300000000008
0 3520.687 2828.054 134.99900000000025 104.33399999999983
0 3655.354 2795.721 130.33200000000033 103.0010000000002
0 3386.352 2935 136.0 105
0 3522.685 2900 136.0 105
0 3657.018 2866.667 130.33399999999983 104.33300000000008
0 3659.685 2937.334 127.33399999999983 102.66600000000017
0 3007.217 0 162.5 81.29
0 3162.217 0 159.5 77.29
0 3313.717 0 153.0 73.79
0 2370.757 2939.191 156.0 100.8090000000002
0 2213.59 2968.025 159.33299999999963 71.97499999999991
0 2054.923 2999.025 159.3340000000003 40.97499999999991
0 3401.852 3009.388 121.33400000000029 30.61200000000008
0 3526.519 2973.054 132.0 66.94599999999991
0 3668.519 3007.721 119.66700000000037 32.278999999999996
