0 1314.737 0 89.5 162.907
0 1405.237 7.5 89.5 162.907
0 1497.737 13.5 89.5 163.907
0 1590.237 18.5 89.5 163.907
0 1681.737 24.5 91.0 165.407
0 1772.237 29.5 92.0 165.907
0 1865.237 35.5 92.0 165.907
0 1958.237 41.5 92.0 165.907
0 2045.237 48.5 96.5 165.907
0 2137.737 54.5 96.5 165.907
0 2225.737 60.5 99.0 165.407
0 2316.737 65.5 99.0 165.407
0 2405.737 73.5 104.5 163.407
0 2495.737 80.5 104.5 163.407
0 2585.237 88 107.0 163.407
0 2673.237 96.5 108.0 161.40699999999998
0 2763.237 103 108.0 161.40699999999998
0 2851.237 110.5 108.0 161.40699999999998
0 2940.237 118.5 110.5 159.90699999999998
0 3028.237 127 109.5 158.90699999999998
0 3115.737 134.5 109.5 158.90699999999998
0 3203.237 143.5 109.5 156.90699999999998
0 3288.737 151 109.5 156.90699999999998
0 3375.237 159.5 107.5 156.90699999999998
0 3462.237 170 107.5 155.40699999999998
0 3543.737 180.5 106.5 154.90699999999998
0 3624.737 191.5 106.16699999999992 153.574
0 3706.737 201.833 106.16699999999992 153.57399999999998
0 3786.737 212.5 106.16699999999992 152.24099999999999
0 3864.737 222.5 105.5 151.574
0 3943.404 233.5 106.83300000000008 152.90699999999998
0 3894.57 70.907 104.33399999999983 157.334
0 3816.57 60.24 104.33399999999983 157.334
0 3735.57 48.24 104.00099999999975 156.667
0 3654.237 37.24 103.66800000000012 157.667
0 3572.57 26.573 103.66799999999967 157.667
0 3488.237 14.24 106.00099999999975 159.334
0 3400.904 2.24 107.33399999999983 159.667
0 1264.937 384.351 95.33300000000008 167.0
0 1360.604 392.351 95.33299999999986 167.0
0 1457.937 399.018 93.33300000000008 166.66699999999997
0 1552.603 405.018 95.33399999999983 166.66699999999997
0 1648.27 411.685 95.66699999999992 166.66699999999997
0 1742.27 417.685 97.33400000000006 167.334
0 1837.271 423.685 100.0 168.66699999999997
0 1933.271 430.685 100.0 167.66699999999997
0 2025.938 437.018 101.33300000000008 168.00100000000003
0 2118.938 444.685 103.33300000000008 166.334
0 2211.272 451.352 106.66600000000017 166.33400000000006
0 2304.605 458.019 107.66600000000017 166.00099999999998
0 2401.272 465.019 107.33199999999988 163.668
0 2494.605 470.686 108.33199999999988 163.66800000000006
0 2586.938 475.686 109.33199999999988 163.66800000000006
0 2680.272 482.353 110.66499999999996 163.33499999999998
0 2772.272 489.353 112.66499999999996 161.33499999999998
0 2864.939 494.686 113.99800000000005 162.002
0 1269.27 550.684 95.0 163.0
0 1363.603 556.684 95.0 163.0
0 1458.27 564.017 95.0 163.0
0 1553.937 571.017 93.0 162.66699999999992
0 1648.27 577.35 93.0 164.66700000000003
0 1740.27 584.017 95.66699999999992 164.33399999999995
0 1834.27 591.684 95.0 162.33400000000006
0 1926.27 598.017 95.0 162.00099999999998
0 2016.603 604.017 98.66699999999992 162.00099999999998
0 2108.936 611.017 98.33399999999983 160.33399999999995
0 2199.269 616.684 101.33400000000029 161.00099999999998
0 2291.269 623.351 103.66700000000037 160.33399999999995
0 2385.936 628.351 103.66699999999992 160.33399999999995
0 2476.269 633.684 106.33400000000029 160.33400000000006
0 2567.936 638.017 107.33399999999983 160.33399999999995
0 2659.936 644.017 109.00099999999975 158.00099999999998
0 2751.603 648.684 109.00099999999975 158.00099999999998
0 2842.603 656.35 109.00099999999975 156.00099999999998
0 2935.603 661.35 111.66800000000012 155.668
0 3025.937 667.35 112.0010000000002 155.668
0 2960.939 501.353 113.99800000000005 162.002
0 3050.939 507.853 113.99800000000005 162.002
0 3141.939 515.853 115.49800000000005 159.00200000000007
0 3114.94 671.52 115.83100000000013 157.33500000000004
0 3205.607 681.854 112.83100000000013 154.33499999999992
0 3230.939 521.186 118.49800000000005 160.66899999999998
0 3321.606 528.853 118.49799999999959 160.6690000000001
0 3411.606 536.52 118.49799999999959 158.336
0 3293.94 685.186 116.83100000000013 156.336
0 3383.273 693.853 114.49800000000005 153.6690000000001
0 3502.272 544.853 117.16499999999996 158.00300000000004
0 3472.605 700.52 115.16499999999996 154.00300000000004
0 3558.605 708.187 115.16499999999996 154.00300000000004
0 3442.272 852.853 114.49800000000005 151.00300000000004
0 3412.272 1002.52 115.16499999999996 146.00299999999993
0 3497.272 1010.853 114.83100000000013 142.33600000000013
0 3580.605 1016.187 114.83100000000013 143.66899999999998
0 3662.938 1021.52 114.83099999999968 143.6690000000001
0 3744.605 1029.52 114.49800000000005 141.6690000000001
0 3826.605 1035.853 112.49800000000005 142.00199999999995
0 3905.938 1042.52 112.49800000000005 142.00199999999995
0 3529.938 860.854 113.83199999999988 149.336
0 3612.938 867.854 113.83199999999988 149.336
0 3643.938 714.854 115.16499999999996 154.00299999999993
0 3588.605 554.186 117.16499999999996 157.00299999999993
0 3674.605 560.853 117.16499999999996 157.00300000000004
0 3760.272 570.853 114.49800000000005 157.00300000000004
0 3843.939 581.853 113.49800000000005 155.00300000000004
0 3927.939 591.186 112.49800000000005 152.66999999999996
0 3728.938 724.854 113.16499999999996 151.66999999999996
0 3812.938 732.854 113.16499999999996 151.66999999999996
0 3895.271 740.854 110.16499999999996 151.00299999999993
0 3943.835 899.187 108.16499999999996 144.3359999999999
0 3862.502 891.187 110.16499999999996 145.00300000000004
0 3780.938 881.854 113.83199999999988 148.00299999999993
0 3698.271 875.854 111.83199999999988 147.336
0 1275.77 712.184 94.75 157.0
0 1369.27 718.684 92.5 158.5
0 1461.27 726.017 92.5 158.5
0 1464.937 884.684 90.16700000000014 151.5
0 1373.271 875.684 89.5 153.16700000000014
0 1280.937 869.351 90.16700000000014 151.5
0 1553.937 732.017 92.5 158.5
0 1557.27 891.35 89.0 152.16700000000003
0 1648.603 898.683 89.0 150.83400000000006
0 1648.02 739.684 89.91699999999992 159.16700000000003
0 1739.02 746.017 91.58400000000006 159.16699999999992
0 1736.687 904.017 91.91700000000014 151.5
0 1830.687 752.684 93.91700000000014 159.83400000000006
0 1921.687 760.017 93.91700000000014 156.83399999999995
0 2010.687 765.683 96.25 156.50099999999998
0 2099.687 773.016 99.25 154.83500000000004
0 2190.354 779.016 99.25 154.83500000000004
0 2278.354 783.683 101.91700000000037 154.83500000000004
0 2369.354 787.683 105.25 154.168
0 2459.02 791.35 106.91699999999992 155.83499999999992
0 2549.687 797.35 107.91699999999992 152.50199999999995
0 2639.02 801.683 109.91699999999992 152.50199999999995
0 1827.687 909.684 91.91700000000014 151.5
0 1916.354 916.351 91.91699999999992 150.16700000000003
0 2001.687 922.351 97.91699999999992 149.16700000000003
0 2089.02 929.684 97.25 147.16700000000014
0 2176.687 933.351 98.25 148.16700000000003
0 2266.02 939.018 98.25 148.16699999999992
0 2354.02 943.351 101.25 147.16700000000003
0 2441.354 948.018 103.91600000000017 147.16699999999992
0 2530.021 952.351 105.2489999999998 148.5000000000001
0 2618.688 956.351 105.2489999999998 148.16700000000003
0 2707.021 960.684 108.2489999999998 148.16700000000014
0 2730.353 807.016 109.91699999999992 152.50200000000007
0 2818.019 813.016 113.58400000000029 152.50200000000007
0 2797.021 966.184 108.2489999999998 146.16700000000014
0 2889.354 969.184 108.24900000000025 147.5
0 2909.686 819.349 113.58399999999983 150.83499999999992
0 3000.353 824.349 113.58399999999983 150.83499999999992
0 3090.02 830.016 113.58399999999983 150.83500000000004
0 3178.353 836.682 113.25099999999975 149.83500000000004
0 3267.353 842.349 113.25099999999975 149.83499999999992
0 3355.02 848.349 114.58399999999983 148.50199999999995
0 3323.272 997.187 113.16499999999996 145.00300000000004
0 2977.854 975.184 108.24900000000025 147.5
0 3063.187 980.851 112.24900000000025 145.5000000000001
0 3151.52 986.184 112.2489999999998 145.5
0 3238.853 991.851 112.2489999999998 145.5000000000001
0 4019.737 244.907 36.26299999999992 146.99999999999997
0 3974.57 83.241 81.42999999999984 157.33300000000003
0 3315.904 0 105.33300000000008 153.574
0 3229.904 0 106.33300000000008 144.574
0 3141.904 0 106.33300000000008 135.907
0 3054.904 0 102.33300000000008 127.907
0 2965.237 0 102.33300000000008 119.241
0 2874.57 0 102.0 111.907
0 2784.237 0 100.0 104.574
0 2692.904 0 101.0 96.574
0 2604.237 0 98.33300000000008 89.574
0 1405.904 0 89.0 5.241
0 1498.237 0 90.33299999999986 11.907
0 1591.237 0 90.33299999999986 19.574
0 1682.57 0 91.0 24.574
0 1776.237 0 90.66699999999992 31.241
0 1869.237 0 91.33299999999986 36.241
0 1961.904 0 92.0 43.241
0 2054.904 0 90.33300000000008 49.574
0 2146.904 0 91.33300000000008 54.907
0 2237.57 0 92.33399999999983 62.574
0 2329.57 0 94.66699999999992 66.907
0 2423.237 0 95.0 72.574
0 2513.904 0 96.33300000000008 81.241
0 4010.63 600.852 45.36999999999989 150.33400000000006
0 3976.297 750.186 79.70299999999997 148.33299999999997
0 4021.963 905.519 34.03699999999981 142.33300000000008
0 3985.63 1049.852 70.36999999999989 140.66699999999992
0 3425.771 0 85.75 8.203
0 3513.771 0 84.0 18.203
0 3597.771 0 85.25 28.953
0 3679.521 0 88.75 42.453
0 3762.271 0 89.0 54.203
0 3843.271 0 90.5 66.203
0 3924.271 0 92.25 77.453
0 4006.021 0 49.978999999999814 85.953
