0 2425.776 727.673 92.0 187.0
0 2333.776 735.673 92.0 187.0
0 2241.776 744.673 92.0 187.0
0 2522.776 721.673 92.0 187.0
0 2611.776 714.673 92.0 187.0
0 2706.776 704.673 92.0 187.0
0 2802.776 698.673 92.0 187.0
0 2423.776 908.673 90.0 174.0
0 2515.776 900.673 90.0 174.0
0 2605.776 894.673 90.0 174.0
0 2332.776 915.673 90.0 174.0
0 2696.776 885.673 90.0 174.0
0 2789.776 877.673 90.0 174.0
0 2881.776 872.673 90.0 174.0
0 2889.776 691.673 103.0 185.0
0 2981.776 686.673 103.0 185.0
0 3076.776 681.673 103.0 185.0
0 3168.776 676.673 103.0 185.0
0 3147.776 858.673 109.0 172.0
0 3054.776 860.673 109.0 172.0
0 2964.776 868.673 109.0 172.0
0 3236.776 853.673 109.0 172.0
0 3326.776 845.673 109.0 172.0
0 3413.776 839.673 109.0 172.0
0 3503.776 835.673 109.0 172.0
0 3588.776 829.673 109.0 172.0
0 3673.776 823.673 109.0 172.0
0 3434.776 663.673 113.0 181.0
0 3345.776 668.673 113.0 181.0
0 3252.776 673.673 113.0 181.0
0 3524.776 660.673 113.0 181.0
0 3611.776 654.673 113.0 181.0
0 3698.776 650.673 113.0 181.0
0 3784.776 646.673 113.0 181.0
0 3867.776 644.673 113.0 181.0
0 3760.776 824.673 110.0 167.0
0 3843.776 817.673 110.0 167.0
0 3927.776 815.673 110.0 167.0
0 2243.442 925.007 89.0 174.0000000000001
0 2552.109 1313.673 98.0 165.0
0 2458.109 1320.673 98.0 165.0
0 2366.109 1326.673 98.0 165.0
0 2645.109 1308.673 98.0 165.0
0 2738.109 1300.673 102.0 168.0
0 2833.109 1294.673 98.0 165.0
0 2550.109 1473.673 92.0 158.0
0 2458.109 1479.673 92.0 158.0
0 2374.109 1484.673 92.0 158.0
0 2643.109 1464.673 92.0 158.0
0 2735.109 1461.673 92.0 158.0
0 2828.109 1454.673 92.0 158.0
0 3202.109 1269.673 110.0 167.0
0 3109.109 1276.673 110.0 167.0
0 3295.109 1260.673 110.0 167.0
0 3018.109 1281.673 110.0 167.0
0 2923.109 1287.673 110.0 167.0
0 3387.109 1254.673 110.0 167.0
0 3479.109 1245.673 110.0 167.0
0 3568.109 1243.673 110.0 167.0
0 3657.109 1235.673 110.0 167.0
0 3183.109 1430.673 108.0 158.0
0 3094.109 1436.673 108.0 158.0
0 2999.109 1443.673 108.0 158.0
0 2908.109 1451.673 108.0 158.0
0 3272.109 1422.673 108.0 158.0
0 3362.109 1417.673 108.0 158.0
0 3452.109 1410.673 108.0 158.0
0 3714.109 1390.673 110.0 166.0
0 3538.109 1400.673 110.0 166.0
0 3625.109 1399.673 112.0 160.0
0 3798.109 1381.673 110.0 166.0
0 3883.109 1376.673 110.0 166.0
0 3744.109 1231.673 110.0 166.0
0 3830.109 1221.673 110.0 166.0
0 3914.109 1220.673 110.0 166.0
0 2277.535 1334.8 89.5 163.0
0 2280.535 1493.8 87.0 154.5
0 2586.035 1895.8 93.5 153.00000000000023
0 2492.535 1901.3 93.5 153.00000000000023
0 2400.035 1905.3 93.5 153.00000000000023
0 2678.035 1890.3 93.5 153.0
0 2773.535 1883.3 93.5 153.0
0 2585.035 2043.8 88.0 144.50000000000023
0 2494.535 2049.8 88.0 144.5
0 2403.035 2053.3 88.0 144.5
0 2676.535 2038.8 88.0 144.50000000000023
0 2767.035 2031.8 88.0 144.50000000000023
0 3048.035 1867.3 103.0 150.5
0 2953.535 1874.3 103.0 150.5
0 2860.035 1878.8 103.0 150.5
0 3141.535 1861.3 103.0 150.5
0 3233.035 1855.8 103.0 150.5
0 3325.035 1848.8 103.0 150.5
0 3590.035 1827.8 113.5 152.5
0 3498.535 1835.8 113.5 152.5
0 3408.535 1841.3 113.5 152.5
0 3678.035 1819.3 113.5 152.5
0 3764.035 1814.8 113.5 152.5
0 3211.035 2001.3 105.5 147.50000000000023
0 3121.535 2007.8 105.5 147.50000000000023
0 3030.035 2013.8 105.5 147.50000000000023
0 3299.535 1995.3 105.5 147.50000000000023
0 3388.535 1987.8 105.5 147.50000000000023
0 3478.535 1981.3 105.5 147.50000000000023
0 3732.035 1962.3 112.0 145.00000000000023
0 3561.535 1976.3 112.0 145.00000000000023
0 3648.535 1968.8 112.0 145.00000000000023
0 3816.035 1951.8 112.0 145.00000000000023
0 3898.535 1945.8 112.0 145.00000000000023
0 3851.535 1809.3 112.0 145.0
0 3935.035 1801.8 112.0 145.0
0 2854.535 2026.8 95.5 143.00000000000023
0 2943.535 2022.3 95.5 143.00000000000023
0 2312.952 2058.717 87.75 145.0
0 2309.119 1911.675 90.66599999999971 151.66700000000014
0 2474.141 2489.447 89.66599999999971 139.33300000000008
0 2381.141 2496.114 89.66599999999971 139.33300000000008
0 2566.474 2482.78 89.66599999999971 139.33299999999963
0 2658.141 2476.447 89.66599999999971 139.33300000000008
0 2472.141 2622.78 89.0 130.33399999999983
0 2383.474 2628.113 89.0 130.3340000000003
0 2563.474 2616.78 89.0 130.33399999999983
0 2651.474 2611.113 89.0 130.3340000000003
0 2928.807 2459.114 100.33400000000029 135.33300000000008
0 2837.14 2466.114 100.33400000000029 135.33300000000008
0 2746.14 2470.781 100.33400000000029 135.33300000000008
0 3020.807 2452.114 100.33400000000029 135.33300000000008
0 2915.807 2591.114 98.33400000000029 127.33300000000008
0 2827.14 2600.447 98.33400000000029 127.33300000000008
0 2739.141 2604.447 95.66699999999992 130.33300000000008
0 3178.141 2570.447 104.33300000000008 128.0
0 3090.808 2576.78 104.33300000000008 128.0
0 3003.474 2583.78 101.66699999999992 128.66699999999992
0 3287.474 2429.78 111.66699999999992 140.33399999999983
0 3196.807 2436.113 111.66700000000037 140.3340000000003
0 3108.807 2444.447 105.33400000000029 136.0
0 3377.141 2423.447 111.66599999999971 137.66699999999992
0 3436.474 2545.447 109.66699999999992 130.33300000000008
0 3350.807 2554.78 109.66700000000037 130.33299999999963
0 3522.807 2537.447 109.66700000000037 130.33300000000008
0 3265.807 2564.114 106.66700000000037 126.33300000000008
0 3637.141 2395.78 115.33300000000008 137.33399999999983
0 3549.808 2405.447 115.33300000000008 137.33399999999983
0 3722.475 2385.78 115.33300000000008 137.33399999999983
0 3688.474 2515.78 112.33299999999963 131.33399999999983
0 3604.807 2526.447 112.33300000000008 131.33399999999983
0 3770.141 2507.113 112.33300000000008 131.3340000000003
0 3463.807 2414.78 114.0 136.66699999999992
0 3887.141 2365.78 118.66599999999971 140.0
0 3804.808 2374.447 118.66600000000017 140.0
0 3849.807 2498.114 113.66700000000037 129.66600000000017
0 3929.141 2486.114 113.66599999999971 130.66600000000017
0 3953.376 644.222 102.6239999999998 172.0
0 4037.376 693.222 18.623999999999796 120.5
0 4007.876 813.222 48.123999999999796 167.0
0 3995.376 1215.222 60.623999999999796 163.5
0 3963.876 1376.222 92.1239999999998 157.0
0 4043.376 1459.722 12.623999999999796 67.0
0 4015.209 1797.389 40.79100000000017 145.33300000000008
0 3978.543 1938.389 77.45699999999988 145.3330000000003
0 3966.876 2359.056 89.1239999999998 135.0
0 4047.543 2445.722 8.45699999999988 38.0
0 4006.209 2484.056 49.79100000000017 123.0
