0 13.1 1705.303 144.666 168.0
0 109.767 1705.97 144.666 165.33300000000008
0 205.1 1707.303 144.66600000000003 165.33299999999986
0 307.767 1706.636 140.666 167.33400000000006
0 407.767 1704.636 140.666 168.66700000000014
0 507.767 1703.969 140.666 166.66699999999992
0 611.767 1703.969 140.66599999999994 166.0
0 714.434 1701.303 136.66600000000005 168.0
0 819.101 1700.636 134.66600000000005 168.66700000000014
0 923.768 1699.969 134.66599999999994 168.0
0 1029.768 1698.636 129.99900000000002 168.0
0 1137.768 1697.969 127.33199999999988 168.0
0 1244.435 1695.303 121.33200000000011 170.0
0 1349.102 1693.97 119.99900000000002 169.33300000000008
0 1454.435 1691.97 114.66600000000017 169.33300000000008
0 1436.435 1519.97 114.66600000000017 169.33300000000008
0 1330.435 1518.97 120.66600000000017 174.33300000000008
0 1221.435 1519.47 120.66600000000017 174.33300000000008
0 1112.435 1521.47 126.66600000000017 173.83300000000008
0 1001.935 1521.47 130.16600000000017 176.33300000000008
0 893.935 1522.97 130.16600000000017 176.33300000000008
0 785.435 1522.97 133.16600000000005 176.33300000000008
0 674.435 1523.47 141.16600000000005 177.83300000000008
0 568.435 1524.47 141.16600000000005 177.83300000000008
0 464.935 1525.47 141.166 176.83300000000008
0 357.935 1527.97 147.666 175.83300000000008
0 254.435 1528.97 147.666 175.83300000000008
0 151.435 1528.47 147.666 177.83300000000008
0 52.435 1529.803 152.166 177.0
0 1457.572 2341.718 110.5 152.0
0 1353.572 2342.218 112.5 152.0
0 1247.572 2343.218 118.5 151.5
0 1142.572 2345.718 122.0 149.5
0 1040.572 2348.218 124.0 149.5
0 936.072 2349.218 127.99999999999989 149.0
0 832.572 2349.718 131.0 149.0
0 729.072 2349.218 134.5 149.0
0 627.572 2350.218 134.5 149.0
0 524.072 2348.718 141.0 149.5
0 425.072 2348.218 141.0 149.5
0 326.572 2346.218 141.0 148.5
0 228.572 2344.718 146.0 148.5
0 134.572 2342.218 146.0 148.5
0 39.572 2339.718 148.0 147.0
0 78.072 2188.218 148.0 152.5
0 174.572 2189.218 149.0 155.0
0 275.572 2190.718 147.0 156.0
0 376.072 2193.218 145.0 154.0
0 480.072 2194.218 145.0 154.0
0 584.572 2193.218 139.5 155.5
0 688.572 2193.218 139.5 155.5
0 796.572 2192.718 134.5 157.5
0 903.072 2191.718 131.9999999999999 157.0
0 1009.572 2190.718 131.9999999999999 157.0
0 1116.572 2188.718 125.5 158.0
0 1224.572 2184.718 125.5 158.0
0 1333.572 2182.718 118.0 159.5
0 1440.572 2180.718 115.5 159.5
0 15.85 2814.78 149.0 135.0
0 110.85 2820.28 149.00000000000003 135.0
0 206.85 2826.28 147.50000000000003 133.5
0 304.85 2829.28 143.5 135.0
0 403.35 2835.28 140.5 132.5
0 499.85 2837.28 144.0 132.5
0 598.35 2842.28 144.0 132.5
0 700.35 2844.28 139.5 133.5
0 804.35 2847.28 136.0 132.5
0 907.85 2847.28 133.4999999999999 134.0
0 1013.85 2846.28 128.9999999999999 136.0
0 1119.35 2846.78 124.5 136.0
0 1224.85 2847.78 124.5 137.0
0 1329.85 2845.78 120.0 137.5
0 1435.35 2845.78 117.0 138.0
0 1454.85 2981.78 102.5 58.2199999999998
0 1353.35 2983.78 104.5 56.2199999999998
0 1250.35 2983.78 107.0 56.2199999999998
0 1148.35 2983.78 107.0 56.2199999999998
0 1046.85 2983.78 107.0 56.2199999999998
0 944.85 2982.28 110.49999999999989 57.7199999999998
0 845.35 2978.78 113.0 61.2199999999998
0 747.85 2978.78 113.0 61.2199999999998
0 647.85 2974.28 117.0 65.7199999999998
0 548.35 2969.78 122.5 70.2199999999998
0 451.35 2964.78 124.0 75.2199999999998
0 355.85 2961.78 127.5 78.2199999999998
0 262.35 2955.78 126.5 84.2199999999998
0 167.85 2951.78 129.50000000000003 88.2199999999998
0 77.35 2947.78 131.0 92.2199999999998
0 0 2942.78 120.85 97.2199999999998
0 0 2813.28 73.35 131.0
0 0 2974.28 33.35 65.7199999999998
0 0 2338.78 95.35 145.0
0 0 2186.78 131.35 153.0
0 0 2241.28 37.85 97.5
0 0 1707.28 64.35 166.66599999999994
0 0 1529.946 106.35 177.33400000000006
0 0 1669.28 10.35 36.66599999999994
