0 3776.635 0 148.0 258.14
0 3888.635 10.14 149.0 258.0
0 2205.607 314.873 142.66600000000017 272.666
0 2336.274 319.54 142.66600000000017 272.666
0 2469.607 321.54 142.66600000000017 271.333
0 2593.607 326.207 149.33300000000008 269.33299999999997
0 2744.274 328.874 155.33300000000008 268.66599999999994
0 2871.608 334.207 153.33299999999963 265.33299999999997
0 3022.941 338.874 158.0 265.33299999999997
0 3147.608 344.207 158.0 264.0
0 3271.608 350.874 158.66699999999992 260.66700000000003
0 3393.608 356.207 158.66699999999992 260.0
0 3512.942 365.54 157.33300000000008 256.667
0 3632.275 372.207 154.0 256.66700000000003
0 3747.608 380.874 152.0 254.0
0 3883.608 393.541 148.0 250.66699999999997
0 3429.607 760.206 157.33300000000008 244.0
0 3549.607 764.206 157.33300000000008 244.0
0 3670.274 767.539 155.33300000000008 242.66600000000005
0 3783.607 771.539 154.0 241.33299999999997
0 3897.607 778.206 151.33399999999983 240.0
0 3389.607 1144.206 154.66600000000017 229.33300000000008
0 3510.274 1143.539 154.66600000000017 229.33300000000008
0 3626.274 1146.872 159.99900000000025 227.33299999999986
0 3741.608 1146.205 159.33199999999988 228.0
0 3856.941 1148.205 157.33200000000033 227.33300000000008
0 3723.607 1523.539 162.0 212.66699999999992
0 3836.94 1524.206 162.0 212.66700000000014
0 3367.622 1896.251 159.0 200.50000000000023
0 3484.622 1894.751 161.5 200.50000000000023
0 3599.622 1894.751 163.5 199.50000000000023
0 3712.622 1893.751 162.5 199.50000000000023
0 3823.622 1893.751 163.0 197.50000000000023
0 3325.622 2242.751 147.0 190.0
0 3443.122 2245.251 147.0 189.5
0 3557.122 2243.751 153.5 188.5
0 3669.622 2242.251 155.5 189.5
0 3781.122 2242.251 158.0 187.5
0 3892.622 2239.251 158.0 187.5
0 3645.622 2584.751 159.5 175.0
0 3752.122 2580.251 159.5 175.0
0 3856.122 2575.251 161.5 173.5
0 1392.635 0 132.5 179.64
0 1524.135 0 131.5 181.14
0 1657.135 0 130.0 182.14
0 1789.635 0 128.5 183.14
0 1922.135 0 130.00000000000023 186.64
0 2053.135 0 134.5 190.64
0 2184.635 0 136.5 192.64
0 2351.635 0 131.0 191.64
0 2478.135 0 137.0 191.64
0 2627.135 0 143.0 195.14
0 2757.635 0 143.5 199.64
0 2884.635 0 146.0 204.64
0 3011.135 0 146.0 209.64
0 3138.635 0 145.5 214.64
0 3261.635 0 146.5 222.14
0 3384.635 0 146.0 228.64
0 3524.635 0 146.5 238.14
0 3641.635 0 147.0 246.64
0 3998.635 21.14 57.36499999999978 253.0
0 3991.607 401.539 64.39300000000003 244.66700000000003
0 4005.607 780.872 50.39300000000003 238.0
0 3966.94 1151.539 89.05999999999995 225.33300000000008
0 3944.94 1524.206 111.05999999999995 210.0
0 3931.622 1891.251 124.37800000000016 199.00000000000023
0 4037.622 2022.751 18.378000000000156 63.50000000000023
0 3997.622 2238.251 58.378000000000156 186.5
0 3958.622 2571.751 97.37800000000016 171.5
