0 591.887 1173.688 121.33400000000006 183.33399999999983
0 797.507 1186.105 118.0 185.0
0 901.007 1195.105 118.0 185.0
0 697.007 1179.105 118.0 185.0
0 1007.007 1201.105 118.00000000000011 185.0
0 1109.007 1207.105 118.0 185.0
0 493.007 1167.105 117.99999999999994 185.0
0 191.007 1147.105 121.0 182.0
0 289.007 1154.105 121.0 182.0
0 389.007 1161.105 121.0 182.0
0 95.007 1143.105 121.0 182.0
0 322.674 1336.772 120.0 173.33300000000008
0 227.341 1330.772 120.0 173.33300000000008
0 132.674 1323.439 120.0 173.33299999999986
0 419.341 1343.439 120.0 173.33299999999986
0 520.007 1352.105 120.0 173.33300000000008
0 40.674 1318.772 120.0 173.33300000000008
0 922.34 1377.772 107.99999999999989 171.0
0 822.34 1371.772 108.0 171.0
0 722.34 1363.772 108.0 171.0
0 616.34 1358.772 117.0 172.0
0 1231.34 1394.772 101.0 171.0
0 1130.34 1389.772 101.0 171.0
0 1334.34 1400.772 101.0 171.0
0 1433.34 1406.772 101.0 171.0
0 1024.34 1383.439 109.33400000000006 171.66599999999994
0 1534.34 1413.772 96.33400000000006 169.66700000000014
0 1323.674 1222.939 104.66599999999994 180.66599999999994
0 1219.674 1215.606 104.66599999999994 180.66599999999994
0 1426.341 1229.606 104.66600000000017 180.66599999999994
0 1531.541 1234.82 98.0 181.0
0 669.61 727.571 113.5 190.5
0 767.61 733.571 113.5 190.5
0 568.943 721.571 113.5 190.5
0 472.943 716.238 113.5 190.5
0 867.61 741.571 113.5 190.5
0 376.277 710.238 113.5 190.5
0 185.277 704.071 117.0 186.5
0 279.277 709.071 117.0 186.5
0 91.777 701.571 116.99999999999999 186.5
0 446.11 518.738 117.33399999999995 198.0
0 347.443 514.071 117.334 198.0
0 544.777 523.405 117.33399999999995 198.0
0 646.777 530.738 117.33399999999995 198.0
0 954.777 548.738 108.0 198.0
0 750.777 535.405 108.0 198.0
0 853.443 542.072 108.0 198.0
0 1057.444 554.738 108.0 198.0
0 1160.11 562.738 108.0 198.0
0 1369.444 577.405 102.0 200.66600000000005
0 1265.444 570.072 102.0 200.66600000000005
0 1472.111 585.405 102.0 200.66600000000005
0 1574.111 591.405 102.0 200.66600000000005
0 1173.444 761.738 102.5 190.5
0 1072.444 754.738 102.5 190.5
0 973.444 746.738 102.5 190.5
0 1273.444 768.738 102.5 190.5
0 1372.444 777.738 102.5 190.5
0 1474.444 783.738 102.5 190.5
0 1579.444 792.238 93.5 190.0
0 155.944 509.571 117.333 194.0
0 249.944 512.904 117.333 194.0
0 61.277 506.238 117.33300000000001 194.00000000000006
0 338.55 98.738 105.33299999999997 192.66699999999997
0 431.883 102.071 105.33300000000003 192.667
0 525.216 103.404 105.33299999999997 192.66700000000003
0 245.883 98.738 105.333 192.66699999999997
0 155.216 96.738 106.0 189.334
0 64.55 95.072 110.00000000000001 191.0
0 816.383 113.572 103.33299999999997 198.666
0 719.05 108.905 103.33300000000008 198.66600000000003
0 622.383 104.239 103.33299999999997 198.66599999999997
0 913.716 119.572 103.33299999999997 198.666
0 1014.383 121.572 103.33299999999986 198.666
0 1312.716 138.905 98.0 203.667
0 1212.716 133.572 98.0 203.66699999999997
0 1114.716 127.572 98.0 203.66699999999997
0 1412.716 145.572 98.0 203.66699999999997
0 1512.049 152.238 98.0 203.66699999999997
0 1613.383 159.238 96.0 201.334
0 1.918 695.149 114.66699999999999 187.33299999999997
0 0 1138.195 124.706 182.0
0 0 697.149 29.251 180.66600000000005
0 0 503.815 88.585 194.66699999999997
0 0 94.482 85.918 191.333
0 0 0 59.918 93.815
0 49.918 0 101.333 94.482
0 140.585 0 101.333 95.149
0 233.918 0 101.33299999999997 95.149
0 326.585 0 100.0 96.482
0 419.918 0 100.0 98.482
0 516.585 0 98.66699999999992 102.482
0 611.918 0 98.66700000000003 102.482
0 709.251 0 100.66700000000003 107.815
0 805.918 0 101.33399999999995 113.148
0 905.918 0 101.33399999999995 119.148
0 1003.251 0 103.33400000000006 122.481
0 1104.584 0 103.33399999999983 129.148
0 1205.251 0 102.00099999999998 133.815
0 1308.584 0 99.33399999999983 141.815
0 1411.251 0 98.00099999999998 146.482
0 1511.251 0 98.66800000000012 153.815
0 1612.584 0 97.33399999999983 162.482
0 0 1316.861 70.039 169.33399999999983
0 0 1154.195 35.372 159.33300000000008
