0 421.658 1364.397 132.66700000000003 170.0
0 515.658 1362.397 132.66700000000003 168.66700000000014
0 611.658 1359.73 131.33399999999995 169.33400000000006
0 707.658 1356.397 131.33399999999995 169.33400000000006
0 806.991 1352.397 126.66700000000003 170.00099999999998
0 903.658 1349.064 126.66700000000003 170.00099999999998
0 1001.658 1345.731 124.66700000000003 168.6679999999999
0 1101.658 1343.064 124.66700000000014 168.6679999999999
0 1201.658 1341.064 118.66700000000014 168.6679999999999
0 1299.658 1337.064 118.66700000000014 167.3349999999998
0 1397.658 1335.064 114.66700000000014 167.3349999999998
0 1497.658 1332.397 108.0 167.33500000000004
0 1592.991 1330.397 108.0 167.33500000000004
0 1687.658 1325.73 108.0 167.33500000000004
0 1783.658 1323.73 104.0 166.6679999999999
0 1878.991 1321.063 104.0 166.6679999999999
0 1975.658 1316.396 96.0 166.66800000000012
0 2069.658 1313.063 96.0 166.6679999999999
0 2166.325 1309.73 93.33300000000008 168.00099999999998
0 2260.325 1306.397 93.33300000000008 168.00099999999998
0 2354.992 1303.064 95.9989999999998 168.6679999999999
0 2450.992 1298.397 95.9989999999998 168.66800000000012
0 2541.659 1295.73 103.33199999999988 168.6679999999999
0 2639.659 1293.063 103.33199999999988 168.6679999999999
0 2736.992 1291.73 103.33199999999988 168.6679999999999
0 2832.992 1286.397 107.33199999999988 168.00099999999998
0 2930.992 1283.73 109.33199999999988 168.00099999999998
0 3027.659 1281.063 109.33199999999988 168.00099999999998
0 3121.659 1277.73 113.9989999999998 168.6679999999999
0 3218.326 1275.73 113.9989999999998 168.6679999999999
0 3313.659 1270.397 113.9989999999998 168.66800000000012
0 3407.659 1267.064 119.33199999999988 168.6679999999999
0 3502.992 1263.064 119.33199999999988 168.6679999999999
0 3594.326 1259.064 122.66499999999996 168.6679999999999
0 3684.993 1255.064 124.66499999999996 170.00099999999998
0 3776.326 1252.397 124.66499999999996 170.00099999999998
0 3866.326 1249.73 124.66499999999996 170.00099999999998
0 3904.993 1079.73 124.66499999999996 170.00099999999998
0 3812.993 1079.73 125.33199999999988 172.6679999999999
0 3721.66 1082.397 125.33200000000033 172.66800000000012
0 3626.993 1085.064 125.33199999999988 172.6679999999999
0 3532.327 1087.064 120.66499999999996 174.00099999999998
0 3436.327 1088.397 121.99799999999959 176.66800000000012
0 3337.66 1092.397 121.99800000000005 176.66800000000012
0 3241.66 1095.064 121.99800000000005 176.6679999999999
0 3144.993 1099.064 116.66499999999996 178.6679999999999
0 3044.993 1102.397 116.66499999999996 178.66800000000012
0 2947.66 1103.73 112.66499999999996 180.00099999999998
0 2846.993 1108.397 112.66499999999996 180.00099999999998
0 2747.66 1112.397 110.66499999999996 178.66800000000012
0 2650.993 1116.397 105.33199999999988 177.33500000000004
0 2550.326 1119.064 105.33199999999988 177.3349999999998
0 2454.326 1123.731 100.66499999999996 176.00199999999995
0 2355.659 1127.731 100.66499999999996 176.00199999999995
0 2262.993 1131.731 93.99800000000005 174.6690000000001
0 2166.993 1135.731 93.99800000000005 174.6690000000001
0 2068.324 1137.731 93.33300000000008 176.00199999999995
0 1970.324 1142.398 97.33300000000008 175.33500000000004
0 1872.991 1146.398 97.33300000000008 175.33500000000004
0 1771.658 1149.065 105.33300000000008 175.33500000000004
0 1676.325 1149.732 105.33299999999986 175.33500000000004
0 1576.992 1155.065 108.66599999999994 176.6679999999999
0 1476.325 1157.065 113.33299999999986 176.6679999999999
0 1375.658 1159.065 113.33300000000008 176.6679999999999
0 1274.325 1161.065 119.33299999999986 177.33500000000004
0 1174.992 1165.065 119.33300000000008 177.33500000000004
0 1072.325 1167.732 121.33299999999986 177.33500000000004
0 970.992 1170.399 124.0 177.33500000000004
0 870.325 1173.066 124.0 177.33500000000004
0 768.992 1177.066 128.0 174.6679999999999
0 671.659 1180.399 128.0 174.66800000000012
0 570.326 1183.066 132.66700000000003 176.00099999999998
0 472.993 1187.066 132.66699999999997 176.00099999999998
0 375.66 1189.733 132.66699999999997 175.33400000000006
0 278.993 1193.733 136.66700000000003 175.33400000000006
0 181.66 1198.4 140.00000000000003 176.66699999999992
0 90.993 1201.733 140.0 176.66700000000014
0 0 1205.733 140 176.66700000000014
0 52 1377.066 137.333 168.66699999999992
0 142.667 1372.399 137.333 168.66700000000014
0 234.667 1369.066 137.333 168.66699999999992
0 326.667 1367.066 137.33300000000003 168.66699999999992
0 1052.325 540.399 121.33299999999986 192.668
0 953.658 545.066 121.33299999999997 192.668
0 1151.658 536.399 121.33300000000008 192.668
0 1254.325 531.732 115.33299999999986 192.668
0 1353.658 531.065 115.33300000000008 192.6679999999999
0 1452.325 526.398 115.33299999999986 192.668
0 1554.992 525.065 109.33300000000008 193.33499999999992
0 1652.992 522.398 109.33300000000008 193.33499999999992
0 1754.325 519.065 106.66599999999994 195.33499999999992
0 1853.658 515.065 103.33300000000008 198.00199999999995
0 1954.991 513.065 98.66600000000017 198.00199999999995
0 2052.324 508.398 98.66599999999971 198.00199999999995
0 2151.657 505.065 98.66599999999971 198.002
0 2249.658 501.732 95.99900000000025 198.002
0 2350.325 497.732 95.99900000000025 198.002
0 2448.992 495.065 95.9989999999998 198.002
0 2544.992 489.065 101.33199999999988 197.33499999999998
0 2642.992 487.065 103.33199999999988 194.66799999999995
0 2740.992 483.065 103.33199999999988 194.66799999999995
0 2837.659 479.732 108.66499999999996 193.33499999999998
0 2936.992 476.399 108.66499999999996 193.33500000000004
0 3035.658 473.732 113.33199999999988 193.33499999999998
0 3131.658 471.732 113.33199999999988 193.33499999999998
0 3228.991 470.399 113.33199999999988 193.33500000000004
0 3325.658 466.399 113.33199999999988 193.33500000000004
0 3420.324 467.066 117.9989999999998 191.33499999999998
0 3514.991 463.066 117.9989999999998 191.33499999999998
0 3607.658 467.733 119.99900000000025 188.66799999999995
0 3700.991 465.733 119.9989999999998 188.66799999999995
0 3790.324 465.733 119.9989999999998 188.66799999999995
0 3877.657 469.733 121.9989999999998 186.66799999999995
0 3846.99 654.399 117.33300000000008 180.668
0 3932.99 655.066 116.0 180.00099999999998
0 3758.323 654.399 117.33300000000008 180.668
0 3668.99 653.732 117.33300000000008 180.668
0 3579.657 655.732 117.33299999999963 180.668
0 3488.324 657.732 117.33300000000008 180.668
0 3392.991 659.732 117.33300000000008 180.668
0 3298.991 662.399 114.0 181.33500000000004
0 3203.658 663.732 114.0 181.33500000000004
0 3107.658 667.065 114.0 181.33499999999992
0 3014.991 669.732 108.0 182.00200000000007
0 2919.658 672.399 106.0 182.00199999999995
0 2822.325 677.066 106.0 182.00199999999995
0 2727.659 680.399 101.33300000000008 183.33500000000004
0 2631.659 683.066 101.33300000000008 183.33499999999992
0 2537.659 686.399 96.0 185.33500000000004
0 2440.326 689.066 96.0 185.33499999999992
0 2345.659 694.399 96.0 185.33500000000004
0 2251.659 699.732 91.33300000000008 186.00200000000007
0 2155.659 705.065 91.33300000000008 186.00199999999995
0 2060.992 707.732 89.99699999999984 187.33500000000004
0 1964.992 709.732 89.99700000000007 187.33500000000004
0 1866.325 713.732 95.99699999999984 186.00200000000007
0 1770.325 715.732 95.99699999999984 186.00200000000007
0 1672.992 717.732 101.32999999999993 186.66899999999998
0 1576.992 719.065 101.32999999999993 186.66899999999998
0 1475.659 726.399 109.32999999999993 181.99699999999996
0 1377.659 727.066 113.32999999999993 182.668
0 1280.992 729.733 113.32999999999993 182.668
0 1182.325 731.066 113.32999999999993 184.00099999999998
0 1082.325 737.066 118.66300000000001 181.33499999999992
0 986.325 738.399 118.66300000000001 181.33500000000004
0 890.325 742.399 118.66300000000001 181.33500000000004
0 792.325 745.066 122.66300000000001 182.00199999999995
0 698.325 749.733 122.66300000000001 182.00200000000007
0 600.992 752.4 125.9960000000001 182.00200000000007
0 506.325 757.067 125.99600000000004 182.00199999999995
0 410.325 761.067 128.66300000000007 180.66899999999998
0 318.325 764.4 128.663 180.66899999999998
0 224.992 767.733 131.996 183.336
0 134.992 775.066 131.996 183.336
0 46.992 779.733 131.996 183.336
0 0 599.066 131.996 183.336
0 90 590.399 131.996 186.00300000000004
0 181.333 581.732 131.996 186.00300000000004
0 276 575.732 129.329 187.336
0 368.667 571.065 129.329 187.3359999999999
0 464.667 564.398 127.32900000000001 190.66899999999998
0 558.667 561.731 129.32899999999995 190.66899999999998
0 656 557.731 129.32899999999995 190.66899999999998
0 756.667 552.398 123.99599999999998 192.00199999999995
0 853.334 548.398 123.9960000000001 192.00199999999995
0 63.567 198.748 122.666 191.33300000000003
0 148.234 190.748 122.66599999999997 191.33300000000003
0 235.567 182.748 122.666 191.33300000000003
0 326.233 177.414 119.33299999999997 190.0
0 415.566 170.747 119.33300000000003 190.0
0 506.899 161.414 121.33299999999997 193.33300000000003
0 597.566 154.747 121.33299999999997 193.33299999999997
0 690.899 150.08 121.33299999999997 193.333
0 789.566 144.747 116.66599999999994 191.33299999999997
0 882.899 140.08 116.66600000000005 191.333
0 975.565 135.413 120.66599999999994 194.66699999999997
0 1070.898 131.413 120.66600000000017 194.66699999999997
0 1166.231 124.747 118.66599999999994 198.0
0 1261.564 120.08 115.99900000000002 199.33300000000003
0 1359.564 115.413 115.99900000000002 199.33299999999997
0 1459.564 112.08 108.66599999999994 200.666
0 1554.897 110.08 108.66600000000017 200.666
0 1651.564 104.747 108.66599999999994 200.666
0 1747.564 102.747 108.66599999999994 200.666
0 1846.231 98.747 103.99900000000002 200.666
0 1944.231 94.08 101.33200000000011 202.666
0 2040.231 92.08 101.33200000000011 200.666
0 2137.564 88.08 101.33200000000033 200.666
0 2232.897 85.413 101.33199999999988 200.666
0 2331.564 82.747 96.66600000000017 201.99899999999997
0 2429.564 80.747 98.0 199.99899999999997
0 2524.231 76.747 98.0 199.99899999999997
0 2621.564 74.08 98.0 199.99900000000002
0 2713.564 73.413 102.0 197.99899999999997
0 2806.897 70.08 104.0 199.99900000000002
0 2900.23 70.746 108.0 196.666
0 2996.23 69.413 108.0 196.666
0 3090.897 68.08 108.0 196.666
0 3181.564 68.747 108.66700000000037 194.666
0 3276.231 68.08 108.66699999999992 194.666
0 3365.564 70.08 111.33400000000029 191.99900000000002
0 3456.231 69.413 111.33399999999983 191.99899999999997
0 3546.898 72.746 108.66699999999992 188.666
0 3633.565 74.079 108.66699999999992 188.666
0 3721.565 76.746 108.66699999999992 189.33300000000003
0 3806.232 79.412 110.0 187.99999999999997
0 3891.565 81.412 110.0 188.667
0 21.567 14.081 125.333 191.333
0 109.567 3.415 125.33300000000001 194.666
0 0 18.418 58.273 194.667
0 0 208.418 99.607 188.66699999999997
0 0 319.752 14.273 77.33299999999997
0 197.94 0 125.5 190.752
0 291.44 0 120.5 181.252
0 383.44 0 120.0 175.752
0 475.44 0 119.50000000000006 168.752
0 570.44 0 117.5 161.752
0 665.94 0 116.5 154.252
0 761.94 0 114.0 148.252
0 858.44 0 114.0 142.252
0 956.44 0 111.5 135.752
0 1054.94 0 109.5 130.752
0 1153.44 0 108.5 128.752
0 1251.44 0 106.0 123.752
0 1349.44 0 106.0 118.252
0 1448.44 0 104.0 116.752
0 1545.44 0 104.0 112.752
0 1641.94 0 104.0 109.252
0 1743.44 0 102.0 107.252
0 1840.94 0 101.5 102.252
0 1940.94 0 99.0 99.252
0 2038.44 0 98.5 95.252
0 2137.44 0 97.0 90.752
0 2234.44 0 97.0 86.752
0 2331.94 0 97.0 86.752
0 2429.94 0 97.0 81.752
0 2527.44 0 97.0 79.752
0 2626.44 0 97.0 75.752
0 2723.94 0 97.0 74.252
0 2819.44 0 97.0 71.252
0 2914.94 0 100.0 70.252
0 3011.94 0 100.0 70.252
0 3106.44 0 100.0 70.252
0 3199.94 0 100.0 70.252
0 3294.44 0 100.0 70.252
0 3386.94 0 100.0 70.252
0 3477.44 0 100.0 70.252
0 3566.94 0 100.0 74.252
0 3657.94 0 100.0 77.252
0 3745.94 0 100.0 77.252
0 3832.94 0 102.5 81.252
0 3920.44 0 101.5 86.252
0 4006.44 0 49.559999999999945 87.752
0 3977.94 87.252 78.05999999999995 184.5
0 0 1378.181 98.996 170.0
0 0 1501.181 13.996 48.0
0 0 1207.181 48.996 174.0
0 0 785.348 89.996 184.0
0 0 606.848 42.996 180.5
0 3952.054 1249.248 103.94599999999991 168.0
0 4038.054 1335.248 17.945999999999913 79.5
0 3990.554 1074.748 65.44599999999991 174.0
0 4018.054 656.748 37.94599999999991 177.0
0 3965.554 471.748 90.44599999999991 185.00000000000006
