0 1324.202 691.933 91.33300000000008 147.33299999999997
0 1413.535 692.6 91.33299999999986 147.33299999999997
0 1499.535 693.267 91.33299999999986 147.33299999999997
0 1588.868 693.934 91.33300000000008 147.33300000000008
0 1676.201 695.267 91.33300000000008 147.33299999999997
0 1761.534 694.6 91.33299999999986 147.33299999999997
0 1854.201 696.6 91.33300000000008 147.33299999999997
0 1674.201 543.933 91.33300000000008 147.33299999999997
0 1584.201 540.6 91.33300000000008 147.33299999999997
0 1498.868 541.933 91.33300000000008 147.33299999999997
0 1408.201 542.6 91.33300000000008 147.33299999999997
0 1318.868 539.933 91.33300000000008 147.33299999999997
0 1230.868 541.933 91.33300000000008 147.33299999999997
0 1235.535 687.933 91.33299999999986 147.33299999999997
0 1145.535 690.6 91.33299999999986 147.33299999999997
0 1060.868 692.6 91.33300000000008 147.33299999999997
0 1140.202 540.6 91.33300000000008 147.33299999999997
0 1049.535 541.267 91.33299999999986 147.33299999999997
0 964.868 541.934 91.33299999999997 147.33300000000008
0 874.868 542.601 91.33299999999997 147.33299999999997
0 788.868 543.268 91.33299999999997 147.33299999999997
0 704.868 544.601 91.33299999999997 147.33299999999997
0 615.535 545.934 91.33300000000008 147.33300000000008
0 446.202 545.934 91.33299999999997 147.33300000000008
0 529.535 547.934 91.33300000000008 147.33300000000008
0 361.535 550.601 91.33299999999997 147.33299999999997
0 280.868 551.268 91.33300000000003 147.33299999999997
0 372.868 694.601 91.33300000000003 147.33299999999997
0 455.535 692.601 91.33300000000003 147.33299999999997
0 538.202 693.268 91.33299999999997 147.33299999999997
0 626.869 690.601 91.33299999999997 147.33299999999997
0 710.202 691.268 91.33299999999997 147.33299999999997
0 882.869 690.601 91.33299999999997 147.33299999999997
0 797.536 688.601 91.33300000000008 147.33299999999997
0 972.202 691.268 91.33300000000008 147.33299999999997
0 1762.869 544.601 91.33300000000008 147.33299999999997
0 1852.202 542.601 91.33300000000008 147.33299999999997
0 1941.535 543.934 91.33299999999986 147.33300000000008
0 1941.535 695.934 91.33299999999986 147.33300000000008
0 2030.535 542.933 88.66700000000014 150.0
0 2026.535 694.266 88.66700000000014 150.0
0 200.176 556.74 84.0 142.0
0 210.676 702.24 84.0 142.0
0 292.676 700.74 84.0 142.0
0 73.176 560.24 85.49999999999999 145.0
0 82.676 704.24 85.49999999999999 145.0
0 6.176 708.24 85.5 145.0
0 0 565.24 80.676 142.5
0 357.676 1025.24 94.5 143.0
0 273.676 1027.24 94.5 143.0
0 189.676 1029.24 94.5 143.0
0 107.676 1030.74 94.49999999999999 143.0
0 121.676 1170.74 94.49999999999999 143.0
0 203.176 1169.24 94.5 143.0
0 286.676 1170.24 94.5 143.0
0 370.676 1167.74 94.5 143.0
0 453.176 1168.74 94.50000000000006 143.0
0 440.676 1025.74 94.50000000000006 143.0
0 527.676 1025.24 94.5 143.0
0 539.676 1169.74 94.5 143.0
0 624.676 1168.24 94.5 143.0
0 612.176 1025.74 94.5 143.0
0 700.676 1024.24 94.5 143.0
0 711.676 1168.24 94.5 143.0
0 799.176 1169.24 94.5 143.0
0 788.176 1022.74 94.5 143.0
0 875.676 1024.24 94.5 143.0
0 887.176 1168.74 94.5 143.0
0 974.176 1168.24 94.49999999999989 143.0
0 966.176 1023.24 94.49999999999989 143.0
0 1055.676 1024.74 94.5 143.0
0 1062.176 1167.74 94.5 143.0
0 1323.509 1024.074 95.0 142.0
0 1234.509 1025.074 95.0 142.0
0 1142.009 1023.074 95.0 142.0000000000001
0 1151.509 1169.574 95.0 142.0
0 1242.509 1170.074 95.0 142.0
0 1331.009 1170.574 95.0 142.0
0 1420.009 1172.074 90.5 142.0
0 1507.009 1172.074 90.5 142.0
0 1502.509 1027.074 90.5 142.0
0 1413.009 1025.074 92.5 143.0
0 41.676 1174.574 91.49999999999999 140.5
0 28.676 1031.574 91.5 140.5
0 435.009 1501.074 97.0 137.5
0 520.342 1502.407 97.0 137.5
0 604.342 1503.074 97.0 137.5
0 691.675 1502.407 97.0 137.5
0 779.675 1504.407 97.0 137.5
0 866.342 1504.407 97.0 137.5
0 703.675 1643.74 97.0 137.5
0 618.342 1641.073 97.0 137.5
0 532.342 1640.406 97.0 137.5
0 447.675 1641.739 96.99999999999994 137.5
0 363.675 1641.072 97.0 137.5
0 281.675 1639.072 97.0 137.5
0 267.008 1502.405 97.0 137.5
0 351.675 1501.738 97.0 137.5
0 183.008 1501.738 96.99999999999997 137.5
0 198.341 1639.071 97.0 137.5
0 792.341 1642.404 97.0 137.5
0 877.674 1643.737 97.0 137.5
0 967.007 1645.737 97.00000000000011 137.5
0 957.674 1504.404 97.0 137.5
0 1045.674 1505.071 97.0 137.5
0 1053.674 1643.071 97.0 137.5
0 1135.676 1504.074 94.66600000000017 138.0
0 1141.676 1643.407 94.66600000000017 138.0
0 24.509 1499.907 93.5 137.0
0 104.509 1501.407 93.49999999999999 137.0
0 120.009 1638.907 93.49999999999999 137.0
0 41.509 1637.407 93.49999999999999 137.0
0 197.176 1972.574 96.666 135.33300000000008
0 279.176 1975.241 96.666 135.33300000000008
0 363.176 1976.574 96.666 135.33300000000008
0 444.509 1976.574 96.66599999999994 135.33300000000008
0 529.176 1977.907 96.66599999999994 135.33299999999986
0 613.843 1979.907 96.66600000000005 135.33299999999986
0 627.843 2115.24 96.66600000000005 135.33300000000008
0 545.176 2111.907 96.66599999999994 135.33299999999963
0 459.843 2109.24 96.666 135.33300000000008
0 375.843 2109.24 96.666 135.33300000000008
0 295.843 2107.24 96.666 135.33300000000008
0 215.176 2105.24 96.666 135.33300000000008
0 116.51 1971.24 96.66599999999998 135.33299999999986
0 37.843 1970.573 96.66599999999998 135.33299999999986
0 55.843 2101.24 96.66599999999998 135.33300000000008
0 135.176 2101.907 96.66600000000003 135.33299999999963
0 52.842 2427.24 94.50000000000001 128.0
0 132.342 2432.74 94.5 128.0
0 208.842 2436.74 94.49999999999997 128.0
0 228.342 2562.24 94.49999999999997 128.0
0 151.842 2555.74 94.5 128.0
0 74.842 2552.74 94.50000000000001 128.0
0 0.259 2552.24 93.5 123.0
0 1680.444 207.289 88.0 151.5
0 1767.944 205.789 88.0 151.5
0 1856.444 206.289 88.0 151.5
0 2035.444 204.289 88.0 151.5
0 1946.944 204.289 88.0 151.5
0 1856.944 50.789 88.0 151.5
0 1768.944 50.289 88.0 151.5
0 1679.444 53.289 88.0 151.5
0 1590.944 54.289 88.0 151.5
0 1501.444 53.289 88.0 151.5
0 1503.944 207.289 88.0 151.5
0 1592.944 206.289 88.0 151.5
0 1416.944 207.789 88.0 151.5
0 1413.944 54.789 88.0 151.5
0 1324.944 57.789 88.0 151.5
0 1326.944 206.789 88.0 151.5
0 1242.944 209.789 88.0 151.5
0 1237.944 59.789 88.0 151.5
0 1147.944 60.789 88.0 151.5
0 1152.944 209.789 88.0 151.5
0 1062.944 61.789 88.0 151.5
0 1065.944 210.789 88.0 151.5
0 978.944 212.789 88.0 151.5
0 973.944 63.789 88.0 151.5
0 895.944 213.789 88.0 151.5
0 886.944 63.789 88.0 151.5
0 809.944 213.789 88.0 151.5
0 1946.944 49.789 88.0 151.5
0 2036.444 48.289 88.0 151.5
0 2125.944 47.289 88.0 151.5
0 2122.444 204.289 88.0 151.5
0 2301.795 205.331 88.0 149.00000000000003
0 2212.795 206.831 88.0 149.00000000000003
0 2215.795 50.331 88.0 149.0
0 2305.295 49.331 88.0 149.0
0 2395.295 48.331 88.0 149.0
0 2485.295 48.331 88.0 149.0
0 2479.795 203.831 88.0 149.00000000000003
0 2391.795 205.831 88.0 149.00000000000003
0 718.199 73.096 88.0 145.334
0 634.199 78.763 88.0 145.334
0 802.199 70.763 88.0 145.334
0 640.866 224.763 88.0 145.33399999999997
0 722.866 220.763 88.0 145.33399999999997
0 265.199 242.93 83.33299999999997 140.666
0 347.199 238.263 83.33299999999997 140.66599999999997
0 429.199 235.596 83.33300000000003 140.666
0 508.532 231.596 83.33300000000003 140.666
0 502.532 85.596 83.33300000000003 140.666
0 419.865 89.596 83.33299999999997 140.666
0 341.865 94.263 83.33299999999997 140.666
0 260.532 98.93 83.33300000000003 140.666
0 181.199 103.597 83.33299999999997 140.666
0 101.199 108.93 83.33300000000001 140.666
0 25.199 116.93 83.333 140.666
0 32.532 255.597 83.333 140.66599999999997
0 108.532 251.597 83.33300000000001 140.66599999999997
0 185.199 248.264 83.33299999999997 140.666
0 0 117.918 30.221 141.33299999999997
0 0 259.251 36.221 142.66700000000003
0 0 710.584 13.555 143.33400000000006
0 0 1032.584 40.888 140.0
0 0 1174.584 53.555 139.33399999999983
0 0 1500.584 38.888 135.33399999999983
0 0 1639.251 56.888 132.66699999999992
0 0 1966.751 55.055 133.50000000000023
0 0 2100.251 77.055 131.5
0 0 2425.751 70.555 125.0
0 0 2562.751 18.555 106.5
