0 1046.567 2280.712 140.0 72.66699999999992
0 1176.567 2275.379 140.0 72.66699999999992
0 1309.9 2270.045 137.33399999999983 69.33399999999983
0 1439.233 2262.712 137.33400000000006 69.33399999999983
0 1315.9 2332.712 137.33399999999983 69.33399999999983
0 1185.233 2339.378 137.33400000000006 69.33399999999983
0 1055.9 2344.045 137.33399999999983 69.33399999999983
0 1063.9 2409.378 137.33399999999983 69.33399999999983
0 1193.9 2402.045 137.33399999999983 69.33399999999983
0 1322.567 2396.045 137.33400000000006 69.33399999999983
0 1445.9 2326.045 137.33399999999983 69.33399999999983
0 1451.233 2387.378 137.33400000000006 69.33399999999983
0 1169.234 2211.379 137.33400000000006 69.33400000000029
0 1300.567 2204.045 137.33400000000006 69.33399999999983
0 1431.233 2198.045 137.33400000000006 69.33399999999983
0 1293.233 2140.712 137.33400000000006 69.33399999999983
0 1425.9 2135.378 137.33399999999983 69.33399999999983
0 1159.233 2148.045 137.33400000000006 69.33399999999983
0 1028.567 2156.045 137.33400000000006 69.33399999999983
0 1037.9 2217.378 137.33399999999983 69.33399999999983
0 1201.901 2465.379 138.0 66.0
0 1073.234 2472.046 138.0 66.0
0 1081.901 2531.379 138.0 66.0
0 1089.234 2590.712 138.0 66.0
0 1208.568 2524.712 138.0 66.0
0 1215.901 2582.712 138.0 66.0
0 1333.234 2458.712 138.0 66.0
0 1337.234 2519.379 138.0 66.0
0 1343.901 2578.046 138.0 66.0
0 1459.234 2452.046 138.0 66.0
0 1464.568 2512.712 138.0 66.0
0 1469.234 2568.712 138.0 66.0
0 939.901 2540.046 138.0000000000001 66.0
0 931.234 2480.046 137.9999999999999 66.0
0 921.901 2416.713 138.0000000000001 66.0
0 909.901 2355.379 138.0000000000001 66.0
0 900.567 2292.713 138.0 66.0
0 949.901 2598.713 138.0000000000001 66.0
0 802.567 2487.379 138.0 66.0
0 791.234 2424.712 138.0 66.0
0 780.567 2362.712 138.0 66.0
0 812.567 2548.712 138.0 66.0
0 823.234 2606.046 138.0 66.0
0 771.234 2301.379 138.0 66.0
0 663.9 2434.712 138.0 66.0
0 671.9 2496.046 138.0 66.0
0 761.234 2236.046 138.0 66.0
0 749.9 2172.712 138.0 66.0
0 893.234 2228.712 137.9999999999999 66.0
0 880.567 2164.046 138.0 66.0
0 637.234 2304.046 140.66699999999992 73.33300000000008
0 647.901 2367.379 140.66700000000003 73.33300000000008
0 624.567 2240.046 140.66700000000003 73.33300000000008
0 613.234 2179.379 140.66699999999992 73.33300000000008
0 482.567 2184.712 140.66700000000003 73.33300000000008
0 496.567 2248.046 140.66700000000003 73.33300000000008
0 509.234 2312.713 140.66699999999997 73.33299999999963
0 519.9 2375.379 140.66700000000003 73.33300000000008
0 532.567 2437.379 140.66700000000003 73.33300000000008
0 544.567 2496.713 140.66700000000003 73.33299999999963
0 556.567 2558.713 140.66700000000003 73.33299999999963
0 681.234 2553.38 140.66699999999992 73.33300000000008
0 568.567 2624.046 136.0 63.333000000000084
0 694.567 2618.046 136.0 63.333000000000084
0 255.234 2390.712 137.333 67.33399999999983
0 383.901 2387.379 137.33300000000003 67.33400000000029
0 132.567 2395.379 137.33299999999997 67.33400000000029
0 245.234 2328.045 137.333 67.33399999999983
0 228.567 2265.378 137.33299999999997 67.33399999999983
0 369.901 2323.378 137.33299999999997 67.33399999999983
0 355.901 2261.378 137.33299999999997 67.33399999999983
0 345.901 2196.711 137.33299999999997 67.33400000000029
0 216.568 2200.045 137.333 67.33399999999983
0 117.901 2331.378 137.33300000000003 67.33399999999983
0 102.568 2270.711 137.33300000000003 67.33400000000029
0 88.568 2204.044 137.33300000000003 67.33400000000029
0 146.568 2457.378 137.333 67.33399999999983
0 159.235 2516.711 137.33299999999997 67.33400000000029
0 172.568 2575.378 137.333 67.33399999999983
0 268.568 2451.378 137.33300000000003 67.33399999999983
0 283.901 2514.712 135.33299999999997 63.33399999999983
0 296.568 2576.045 135.33300000000003 63.33399999999983
0 395.901 2448.712 135.33300000000003 63.33399999999983
0 407.234 2513.379 135.33300000000003 63.33400000000029
0 421.901 2570.712 135.33300000000003 63.33399999999983
0 431.901 2628.712 135.33300000000003 63.33399999999983
0 309.901 2634.712 135.33299999999997 63.33399999999983
0 188.567 2634.712 135.33299999999997 63.33399999999983
0 45.901 2520.712 126.0 60.666999999999916
0 31.901 2461.379 126.00000000000001 60.666999999999916
0 18.568 2400.046 126.00000000000001 60.66700000000037
0 0.568 2338.712 126.0 60.666999999999916
0 61.234 2579.379 126.0 60.666999999999916
0 76.568 2638.046 126.00000000000001 60.66700000000037
0 3196.049 1871.803 121.0 66.5
0 3314.549 1863.303 121.0 66.5
0 3194.049 1931.303 121.0 66.5
0 3191.549 1989.803 121.0 66.49999999999977
0 3187.049 2049.803 121.0 66.5
0 3184.549 2105.803 121.0 66.5
0 3310.549 1924.803 121.0 66.5
0 3308.049 1982.303 121.0 66.49999999999977
0 3304.049 2039.803 121.0 66.49999999999977
0 3302.549 2098.303 121.0 66.5
0 3200.549 1814.303 121.0 66.5
0 3320.049 1803.803 121.0 66.5
0 3434.549 1797.303 121.0 66.5
0 3430.549 1856.803 121.0 66.5
0 3427.049 1915.803 121.0 66.5
0 3423.049 1972.803 121.0 66.5
0 3419.049 2031.303 121.0 66.49999999999977
0 3077.549 1881.303 121.0 66.5
0 3077.049 1940.303 121.0 66.5
0 3075.549 2001.303 121.0 66.49999999999977
0 3073.549 2058.303 121.0 66.5
0 3070.049 2118.303 121.0 66.5
0 3082.049 1821.303 121.0 66.5
0 3084.549 1761.803 121.0 66.5
0 3201.549 1753.803 121.0 66.5
0 3321.549 1743.803 121.0 66.5
0 3438.882 1735.136 121.0 66.5
0 3087.549 1699.803 121.0 66.5
0 3204.882 1688.469 121.0 66.5
0 3324.882 1681.802 121.0 66.5
0 3443.549 1674.469 121.0 66.5
0 3569.549 1659.802 121.0 66.5
0 3687.549 1652.469 121.0 66.5
0 3804.882 1643.135 121.0 66.5
0 3677.883 1772.97 119.33300000000008 68.0
0 3566.55 1721.637 119.33299999999963 68.0
0 3681.883 1712.304 119.33300000000008 68.0
0 3797.216 1704.304 119.33300000000008 68.0
0 3793.216 1764.304 119.33300000000008 68.0
0 3560.549 1784.971 119.33300000000008 68.0
0 3556.549 1843.637 119.33300000000008 68.0
0 3673.216 1834.971 119.33300000000008 68.0
0 3788.549 1821.637 119.33300000000008 68.0
0 3667.216 1892.971 119.33300000000008 68.0
0 3552.549 1901.637 119.33300000000008 68.0
0 3783.883 1884.304 119.33300000000008 68.0
0 3663.216 1952.304 119.33300000000008 68.0
0 3778.549 1940.971 119.33300000000008 68.0
0 3549.883 1962.304 119.33300000000008 68.0
0 3544.55 2018.971 119.33299999999963 68.0
0 3658.55 2013.637 119.33299999999963 68.00000000000023
0 3773.216 2001.637 119.33300000000008 68.00000000000023
0 3538.55 2074.971 119.33299999999963 68.0
0 3655.216 2067.637 119.33300000000008 68.0
0 3767.883 2057.637 119.33300000000008 68.0
0 3416.55 2086.971 119.33299999999963 68.0
0 3877.216 2045.637 119.33300000000008 68.00000000000023
0 3354.716 2536.637 119.5 65.0
0 3472.216 2525.137 119.5 65.0
0 3236.716 2549.637 119.5 65.0
0 3350.216 2592.137 119.5 65.0
0 3233.216 2604.637 119.5 65.0
0 3466.716 2582.637 119.5 65.0
0 3347.716 2647.637 119.5 65.0
0 3463.716 2637.637 119.5 65.0
0 3357.216 2481.137 119.5 65.0
0 3474.216 2469.137 119.5 65.0
0 3240.216 2489.637 119.5 65.0
0 3230.216 2660.637 119.5 65.0
0 3228.216 2714.137 119.5 65.0
0 3345.216 2704.637 119.5 65.0
0 3458.716 2693.137 119.5 65.0
0 3339.216 2757.137 119.5 65.0
0 3227.216 2769.137 119.5 65.0
0 3456.216 2748.137 119.5 65.0
0 3584.716 2567.637 116.0 67.0
0 3579.216 2624.637 116.0 67.0
0 3574.716 2678.137 116.0 67.0
0 3568.216 2732.137 116.0 67.0
0 3564.216 2785.137 116.0 67.0
0 3588.716 2510.637 116.0 67.0
0 3477.716 2408.137 123.0 70.0
0 3358.216 2421.137 123.0 70.0
0 3241.716 2430.137 123.0 70.0
0 3592.716 2398.637 123.0 70.0
0 3589.216 2453.637 123.0 70.0
0 3827.216 2487.137 116.5 70.0
0 3712.716 2500.637 116.5 70.0
0 3831.216 2430.137 116.5 70.0
0 3717.716 2445.637 116.5 70.0
0 3723.716 2386.137 116.5 70.0
0 3837.716 2373.637 116.5 70.0
0 3818.716 2542.137 116.5 70.0
0 3707.716 2556.137 116.5 70.0
0 3812.216 2596.637 116.5 70.0
0 3702.216 2610.137 116.5 70.0
0 3806.216 2651.637 116.5 70.0
0 3695.216 2666.637 116.5 70.0
0 3690.216 2717.137 116.5 70.0
0 3799.216 2705.637 116.5 70.0
0 3685.216 2776.137 116.0 61.0
0 3793.216 2761.637 116.0 61.0
0 3337.716 2812.637 116.0 61.0
0 3223.216 2825.137 116.0 61.0
0 3451.716 2800.637 116.0 61.0
0 0 2207.728 117.329 130.6659999999997
0 0 2401.061 18.662 62.666999999999916
0 0 2462.394 37.329 62.66700000000037
0 0 2519.728 50.662 61.333000000000084
0 0 2581.061 63.996 60.0
0 0 2639.728 82.662 58.66599999999971
0 3918.159 1634.356 80.8409999999999 69.0
0 3914.159 1696.356 84.8409999999999 67.0
0 3907.159 1757.356 91.8409999999999 67.0
0 3903.159 1816.356 95.8409999999999 68.0
0 3897.159 1873.356 101.8409999999999 67.0
0 3892.159 1931.356 106.8409999999999 68.0
0 3887.159 1990.356 111.8409999999999 68.00000000000023
0 3948.705 2366.416 50.29500000000007 63.0
0 3941.705 2426.416 57.29500000000007 63.0
0 3935.705 2481.416 63.29500000000007 62.0
0 3930.705 2531.416 68.29500000000007 67.0
0 3922.705 2586.416 76.29500000000007 68.0
0 3916.705 2640.416 82.29500000000007 64.0
0 3908.705 2691.416 90.29500000000007 69.0
0 3902.705 2742.416 96.29500000000007 66.0
0 966.774 2984.532 165.0010000000001 14.467999999999847
0 1130.775 2981.532 134.00099999999998 17.467999999999847
0 1272.776 2971.532 133.00099999999998 27.467999999999847
0 1401.777 2965.532 137.0 33.46799999999985
