0 538.59 2414.783 125.33399999999995 68.0
0 424.59 2427.45 125.334 68.0
0 409.923 2372.117 125.33399999999995 68.0
0 525.923 2358.784 125.33399999999995 68.0
0 642.59 2344.117 125.33399999999995 68.0
0 653.923 2401.45 125.33399999999995 68.0
0 769.923 2386.117 125.33399999999995 68.0
0 758.59 2328.784 125.33399999999995 68.0
0 747.257 2271.451 125.33400000000006 68.0
0 629.257 2287.451 125.33400000000006 68.0
0 513.257 2302.118 125.33400000000006 68.0
0 396.59 2316.785 125.334 68.0
0 381.257 2259.452 125.334 68.0
0 365.924 2201.452 125.334 68.0
0 496.591 2243.452 125.33399999999995 68.0
0 487.258 2187.452 125.334 68.0
0 617.258 2228.785 125.33399999999995 68.0
0 603.925 2173.452 125.33400000000006 68.0
0 722.592 2158.785 125.33400000000006 68.0
0 734.592 2214.118 125.33400000000006 68.0
0 783.925 2441.451 125.33400000000006 68.0
0 553.258 2470.117 125.33399999999995 68.0
0 667.258 2455.45 125.33399999999995 68.0
0 437.258 2482.117 125.334 68.0
0 451.925 2540.117 125.334 68.0
0 565.258 2526.117 125.33399999999995 68.0
0 795.925 2498.117 125.33400000000006 68.0
0 681.924 2510.117 125.33400000000006 68.0
0 807.258 2548.784 125.33399999999995 68.0
0 692.591 2566.117 125.33399999999995 68.0
0 576.591 2578.117 125.33399999999995 68.0
0 466.591 2593.45 125.33399999999995 68.0
0 1003.257 2298.116 123.33299999999997 68.0
0 886.59 2313.449 123.33299999999997 68.0
0 874.59 2256.782 123.33299999999997 68.0
0 991.257 2241.449 123.33299999999997 68.0
0 1109.257 2227.449 123.33299999999986 68.0
0 1120.59 2284.116 123.33300000000008 68.0
0 897.923 2368.783 123.33299999999997 68.0
0 1014.59 2356.116 123.33299999999997 68.0
0 1131.256 2339.45 123.33299999999986 68.0
0 979.923 2185.449 123.33300000000008 68.0
0 861.256 2200.116 123.33300000000008 68.0
0 849.256 2140.783 123.33300000000008 68.0
0 968.589 2126.783 123.33299999999997 68.0
0 1087.922 2111.45 123.33300000000008 68.0
0 1099.922 2169.45 123.33300000000008 68.0
0 1204.589 2094.783 123.33300000000008 68.0
0 1217.256 2153.45 123.33299999999986 68.0
0 1226.589 2211.45 123.33300000000008 68.0
0 1237.256 2266.117 123.33299999999986 68.0
0 1248.589 2324.117 123.33300000000008 68.0
0 1258.589 2380.783 123.33300000000008 68.0
0 1143.922 2396.784 123.33300000000008 68.0
0 1027.922 2410.117 123.33300000000008 68.0
0 909.922 2426.784 123.33300000000008 68.0
0 920.589 2480.784 123.33299999999997 68.0
0 1037.922 2466.117 123.33300000000008 68.0
0 1154.589 2452.118 123.33300000000008 68.0
0 1268.589 2436.117 123.33300000000008 68.0
0 1278.589 2490.117 123.33300000000008 68.0
0 1163.922 2505.45 123.33300000000008 68.0
0 1049.256 2520.117 123.33299999999986 68.0
0 933.255 2534.783 123.33299999999997 68.0
0 1483.257 2236.783 123.33299999999986 69.33300000000008
0 1363.924 2252.116 123.33300000000008 69.33300000000008
0 1355.924 2194.783 123.33300000000008 69.33300000000008
0 1473.924 2178.783 123.33300000000008 69.33300000000008
0 1463.924 2122.783 123.33300000000008 69.33300000000008
0 1344.591 2134.116 123.33300000000008 69.33300000000008
0 1583.257 2108.783 123.33299999999986 69.33300000000008
0 1591.924 2162.783 123.33300000000008 69.33300000000008
0 1600.591 2219.45 123.33300000000008 69.33300000000008
0 1609.258 2279.45 123.33299999999986 69.33300000000008
0 1493.258 2294.783 123.33299999999986 69.33300000000008
0 1375.924 2308.116 123.33300000000008 69.33300000000008
0 1502.591 2348.116 123.33300000000008 69.33300000000008
0 1385.924 2363.45 123.33300000000008 69.33300000000008
0 1618.591 2334.116 123.33300000000008 69.33300000000008
0 1627.258 2392.116 123.33299999999986 69.33300000000008
0 1511.258 2406.116 123.33299999999986 69.33300000000008
0 1394.591 2417.449 123.33300000000008 69.33300000000008
0 1521.258 2458.783 123.33299999999986 69.33300000000008
0 1405.258 2472.783 123.33299999999986 69.33300000000008
0 1751.925 2428.783 123.33300000000008 69.33300000000008
0 1634.591 2441.45 123.33300000000008 69.33300000000008
0 1741.925 2374.116 123.33300000000008 69.33300000000008
0 1735.925 2317.449 123.33300000000008 69.33300000000008
0 1727.258 2265.449 123.33299999999986 69.33300000000008
0 1718.591 2206.116 123.33300000000008 69.33300000000008
0 1701.924 2091.283 124.0 69.66699999999992
0 1710.257 2148.95 124.0 69.66700000000037
0 1692.59 2031.617 124.0 69.66700000000014
0 1572.923 2049.284 124.0 69.66699999999992
0 1332.924 2079.283 126.0 69.5
0 1451.924 2063.783 126.0 69.5
0 83.137 2466.44 117.333 63.333000000000084
0 67.137 2410.44 117.333 63.333000000000084
0 51.804 2355.773 117.333 63.333000000000084
0 37.137 2299.106 117.333 63.33299999999963
0 21.137 2243.106 117.333 63.33299999999963
0 129.804 2230.439 117.333 63.333000000000084
0 146.471 2288.439 117.33299999999997 63.333000000000084
0 161.138 2346.439 117.333 63.333000000000084
0 177.138 2400.439 117.333 63.333000000000084
0 99.138 2522.439 117.333 63.333000000000084
0 192.471 2456.439 117.33299999999997 63.333000000000084
0 207.138 2511.106 117.333 63.33299999999963
0 115.138 2577.773 117.333 63.333000000000084
0 13.138 2583.773 117.333 63.333000000000084
0 221.805 2565.773 117.33299999999997 63.333000000000084
0 303.138 2442.44 117.33300000000003 63.333000000000084
0 288.471 2388.44 117.33299999999997 63.333000000000084
0 275.804 2332.44 117.33300000000003 63.333000000000084
0 260.471 2275.773 117.33299999999997 63.333000000000084
0 243.137 2215.106 123.33300000000003 69.33399999999983
0 315.804 2497.106 123.33300000000003 69.33399999999983
0 327.804 2551.106 123.33300000000003 69.33399999999983
0 128.47 2632.44 121.333 59.333000000000084
0 26.47 2639.773 121.333 59.333000000000084
0 237.137 2621.773 121.33300000000003 59.333000000000084
0 344.47 2611.773 121.33299999999997 59.333000000000084
0 2171.97 2761.106 120.5 67.0
0 2053.97 2777.106 120.5 67.0
0 2060.47 2831.106 120.5 67.0
0 2178.47 2814.606 120.5 67.0
0 2295.97 2798.606 120.5 67.0
0 2289.47 2744.606 120.5 67.0
0 2284.47 2689.106 120.5 67.0
0 2300.47 2853.106 120.5 67.0
0 2166.47 2705.606 120.5 67.0
0 2046.47 2723.106 120.49999999999977 67.0
0 2402.97 2674.106 120.5 67.0
0 2409.47 2729.106 120.5 67.0
0 2413.47 2783.106 120.5 67.0
0 2417.97 2837.106 120.5 67.0
0 2184.97 2870.106 120.5 67.0
0 2065.97 2885.606 120.5 67.0
0 2189.47 2923.606 120.5 67.0
0 2306.47 2906.606 120.5 67.0
0 2421.97 2889.106 120.5 67.0
0 1683.303 2826.106 125.5 70.5
0 1800.803 2809.606 125.5 70.5
0 1562.803 2841.106 125.5 70.5
0 1555.303 2787.106 125.5 70.5
0 1673.303 2769.106 125.5 70.5
0 1793.803 2753.606 125.5 70.5
0 1909.803 2738.606 125.5 70.5
0 1919.303 2794.106 125.5 70.5
0 1926.803 2846.606 125.49999999999977 70.5
0 1809.303 2864.106 125.5 70.5
0 1691.303 2879.606 125.5 70.5
0 1572.803 2894.606 125.5 70.5
0 1818.303 2917.606 125.5 70.5
0 1933.303 2902.106 125.49999999999977 70.5
0 1315.803 2876.106 123.0 68.0
0 1305.303 2821.606 123.0 68.0
0 1423.303 2803.606 123.0 68.0
0 1433.803 2858.606 123.0 68.0
0 1444.303 2913.606 123.0 68.0
0 1326.803 2931 123.0 68
0 1196.303 2892 123.0 68
0 1185.803 2838 123.0 68
0 1067.303 2854 123.0 68
0 1078.303 2907.5 123.0 68.0
0 704.803 2899.773 125.5 62.5
0 586.803 2911.273 125.5 62.5
0 820.303 2886.773 125.5 62.5
0 941.803 2872.273 125.50000000000011 62.5
0 952.803 2925.773 125.50000000000011 62.5
0 348.637 2937.106 123.0 59.666999999999916
0 460.637 2927.773 122.99999999999994 59.666999999999916
0 242.303 2946.773 118.0 52.22699999999986
0 1702.471 2932.44 120.5 66.55999999999995
0 0 2532.356 109.971 61.33399999999983
0 0 2254.723 32.287 56.0
0 0 2310.723 48.953 58.66600000000017
0 0 2366.723 62.287 60.0
0 0 2422.389 79.953 59.666999999999916
0 0 2477.056 95.287 62.0
0 0 2594.598 19.703 52.333000000000084
0 0 2646.431 36.537 53.5
0 0 2955.264 51.537 43.735999999999876
0 34.537 2954.514 112.5 44.485999999999876
0 139.287 2950.514 116.25 48.485999999999876
0 363.62 2989.264 112.33299999999997 9.735999999999876
0 473.953 2978.931 117.33400000000006 20.06899999999996
0 600.953 2963.264 123.0 35.735999999999876
0 715.953 2951.598 127.5 47.402000000000044
0 832.953 2938.264 128.0 60.735999999999876
0 892.287 2990.931 70.83299999999997 8.06899999999996
0 964.12 2977.764 119.33299999999997 21.235999999999876
0 1088.953 2961.764 123.16699999999992 37.235999999999876
0 1206.453 2944.764 127.66699999999992 54.235999999999876
0 1336.787 2982.764 117.75 16.235999999999876
0 1453.787 2967.014 120.75 31.985999999999876
0 1582.287 2950.514 124.0 48.485999999999876
0 1715.537 2987.264 110.75 11.735999999999876
0 1826.037 2971.514 119.25 27.485999999999876
0 1943.787 2956.264 120.99999999999977 42.735999999999876
0 2072.287 2938.264 121.0 60.735999999999876
0 2140.787 2993.014 52.0 5.985999999999876
0 2196.787 2976.014 115.75 22.985999999999876
0 2312.787 2958.764 118.0 40.235999999999876
0 2429.287 2942.764 117.5 56.235999999999876
0 2518.037 2994.764 31.75 4.235999999999876
