0 3578.949 2797.213 99.66699999999992 127.0
0 3644.616 2691.546 99.66699999999992 127.0
0 3684.949 2716.213 99.66699999999992 127.0
0 3620.616 2822.546 99.66699999999992 127.0
0 3660.616 2847.879 99.66699999999992 127.0
0 3723.949 2742.879 99.66699999999992 127.0
0 3762.616 2767.212 99.66699999999992 127.0
0 3698.616 2872 99.66699999999992 127
0 3799.283 2791 99.66699999999992 127
0 3834.95 2813.333 99.66700000000037 127.0
0 3871.949 2838.879 96.0 119.0
0 3907.949 2860.546 91.05099999999993 117.33300000000008
0 2696.116 2844.213 110.66600000000017 130.0
0 2744.116 2871.213 108.66600000000017 127.66599999999971
0 2662.888 2950.807 77.33300000000008 48.19300000000021
0 2728.888 2977.807 53.0 21.19300000000021
0 2790.221 2896.807 109.66699999999992 102.19300000000021
0 2851.554 2924.14 93.0 74.86000000000013
0 2914.221 2949.473 75.66699999999992 49.527000000000044
0 2975.888 2974.807 55.333000000000084 24.19300000000021
0 3516.221 2904.14 101.5 94.86000000000013
0 3572.221 2927.14 85.0 71.86000000000013
0 3627.221 2952.14 70.0 46.86000000000013
0 3680.721 2975.14 55.5 23.860000000000127
0 3735.221 2896.14 99.5 102.86000000000013
0 3783.388 2916.473 88.66600000000017 82.52700000000004
0 3833.388 2941.14 72.66600000000017 57.86000000000013
0 3882.388 2962.473 56.66600000000017 36.527000000000044
