0 0.009544956140350877 0.022846765350877193 0.014574195906432748 0.021313048245614034
0 0.022862755847953217 0.020859375 0.014802631578947364 0.02090186403508772
0 0.03666027046783625 0.018734923245614037 0.014985380116959065 0.020627741228070175
0 0.0502750365497076 0.017090186403508772 0.014802631578947375 0.020764802631578948
0 0.04904148391812865 0.0360046600877193 0.014802631578947375 0.021450109649122806
0 0.0353125 0.0379577850877193 0.015122441520467838 0.02124451754385965
0 0.02140076754385965 0.04032209429824561 0.01461988304093567 0.021450109649122806
0 0.007923062865497077 0.042069627192982455 0.014528508771929825 0.021655701754385966
0 0.01984740497076023 0.05995614035087719 0.014894005847953213 0.021518640350877197
0 0.034124634502923974 0.05783168859649123 0.01493969298245614 0.02179276315789474
0 0.047807931286549706 0.055912828947368425 0.014619883040935679 0.021655701754385966
0 0.046802814327485384 0.0760265899122807 0.014711257309941526 0.021450109649122813
0 0.032891081871345026 0.07787691885964912 0.015031067251461989 0.022135416666666678
0 0.018819444444444444 0.08017269736842106 0.01493969298245614 0.02206688596491229
0 0.017563048245614034 0.10056058114035091 0.01471125730994152 0.02227247807017544
0 0.03165752923976608 0.09833333333333336 0.014756944444444446 0.021929824561403508
0 0.045546418128654974 0.09644873903508774 0.014756944444444451 0.02186129385964912
0 0.04472404970760235 0.11717927631578949 0.014939692982456147 0.022478070175438594
0 0.03062956871345029 0.11899533991228071 0.014802631578947364 0.023094846491228067
0 0.016466557017543862 0.12125685307017545 0.01471125730994152 0.022820723684210526
0 0.005012335526315789 0.12310718201754386 0.010024671052631579 0.022135416666666668
0 0.015370065789473685 0.14222724780701756 0.014894005847953216 0.02323190789473684
0 0.0296016081871345 0.1401370614035088 0.01484831871345029 0.022615131578947366
0 0.04376461988304093 0.13835526315789476 0.014665570175438604 0.022889254385964914
0 0.042965095029239765 0.15949698464912282 0.014802631578947375 0.022820723684210526
0 0.028710709064327485 0.16175849780701754 0.01461988304093567 0.023368969298245612
0 0.014410635964912278 0.16381441885964912 0.01471125730994152 0.022820723684210526
0 0.013496893274853799 0.1854701206140351 0.014619883040935672 0.0239172149122807
0 0.02807108918128655 0.18300301535087724 0.014985380116959062 0.02364309210526316
0 0.0422797880116959 0.1811184210526316 0.014802631578947375 0.0234375
0 0.04159448099415205 0.20328810307017545 0.014711257309941526 0.023368969298245612
0 0.02745431286549708 0.20513843201754384 0.01475694444444444 0.0239172149122807
0 0.01281158625730994 0.20733141447368422 0.014619883040935672 0.024191337719298246
0 0.012240497076023392 0.2299465460526316 0.014756944444444446 0.024191337719298246
0 0.0268375365497076 0.2273766447368421 0.01461988304093567 0.024396929824561406
0 0.041160453216374265 0.2255948464912281 0.014665570175438604 0.02412280701754386
0 0.04088633040935673 0.2480043859649123 0.014391447368421057 0.024396929824561406
0 0.026494883040935672 0.25009457236842103 0.014665570175438594 0.024739583333333332
0 0.011669407894736843 0.25215049342105267 0.014437134502923978 0.02515076754385965
0 0.011418128654970761 0.27514254385964915 0.014574195906432748 0.024671052631578948
0 0.026060855263157892 0.27270970394736843 0.014802631578947364 0.025561951754385966
0 0.04056652046783626 0.27109923245614037 0.014756944444444451 0.024671052631578948
0 0.04052083333333333 0.2939199561403509 0.014574195906432755 0.024945175438596492
0 0.025969480994152045 0.2958730811403509 0.01461988304093567 0.02501370614035088
0 0.01116684941520468 0.2981688596491228 0.014619883040935672 0.02508223684210526
0 0.010984100877192982 0.32188048245614037 0.014345760233918129 0.02549342105263158
0 0.025741045321637426 0.31920778508771935 0.014711257309941519 0.025219298245614034
0 0.04038377192982456 0.3173574561403508 0.014665570175438604 0.024671052631578948
0 0.04045230263157895 0.34089775219298246 0.014894005847953223 0.02528782894736842
0 0.025763888888888885 0.34319353070175446 0.01475694444444444 0.02563048245614035
0 0.01107547514619883 0.34497532894736843 0.014437134502923978 0.02549342105263158
0 0.011281067251461989 0.3688240131578947 0.014665570175438597 0.02576754385964912
0 0.026060855263157896 0.3665625 0.014985380116959062 0.02563048245614035
0 0.04065789473684211 0.3644380482456141 0.014939692982456147 0.025219298245614034
0 0.0410233918128655 0.38842379385964915 0.015122441520467843 0.02549342105263158
0 0.026334978070175437 0.39027412280701756 0.015168128654970758 0.02617872807017544
0 0.011578033625730993 0.3926384320175439 0.014619883040935672 0.025424890350877194
0 0.07760471491228071 0.02829920504385965 0.015899122807017545 0.022021107456140346
0 0.09237691885964912 0.02656304824561403 0.015959978070175445 0.02220394736842105
0 0.10757556652046785 0.02482702850877193 0.015777229532163758 0.022021381578947365
0 0.12234767909356727 0.023730537280701756 0.015838267543859655 0.02110745614035088
0 0.12173839546783626 0.04456387061403508 0.015838267543859655 0.02110745614035087
0 0.07638651315789474 0.0491781798245614 0.015533625730994151 0.021929824561403508
0 0.0913718932748538 0.04762472587719299 0.015533625730994143 0.021929824561403508
0 0.10654002192982455 0.04588870614035087 0.015533625730994151 0.021929824561403504
0 0.07556396198830409 0.07042269736842105 0.015716374269005847 0.02275219298245614
0 0.09048839546783624 0.06873231907894736 0.015838267543859644 0.022112664473684214
0 0.10571737938596491 0.06690474232456141 0.015838267543859634 0.022112664473684204
0 0.12100740131578948 0.06553412828947369 0.015838267543859655 0.022112664473684204
0 0.07446747076023393 0.09171299342105263 0.015716374269005847 0.02275219298245614
0 0.08939199561403509 0.08997697368421051 0.015716374269005847 0.02275219298245614
0 0.10480372807017545 0.08814939692982458 0.015716374269005847 0.02275219298245614
0 0.11997185672514621 0.0865046600877193 0.015716374269005847 0.02275219298245614
0 0.07353846856725146 0.11379139254385964 0.015868603801169598 0.02323190789473684
0 0.0885847039473684 0.11178125000000001 0.015868603801169598 0.02323190789473684
0 0.10399643640350878 0.1098623903508772 0.015868603801169587 0.02323190789473684
0 0.11937783260233917 0.10840035635964912 0.01568585526315791 0.023049067982456133
0 0.07271619152046783 0.13594956140350875 0.015563961988304092 0.02405427631578946
0 0.08782346491228071 0.1341219846491228 0.015563961988304092 0.024054276315789488
0 0.10350941154970762 0.13174629934210527 0.015990314327485385 0.023688870614035077
0 0.11886028874269007 0.13019284539473686 0.015990314327485385 0.023688870614035094
0 0.07198519736842104 0.15861047149122806 0.015563961988304092 0.024054276315789474
0 0.0873360745614035 0.15650877192982454 0.015563961988304092 0.024054276315789474
0 0.10296116593567252 0.15440707236842105 0.015868603801169605 0.024054276315789474
0 0.11837298976608189 0.1527623355263158 0.0157467105263158 0.024054276315789474
0 0.07143695175438596 0.1813626644736842 0.015563961988304092 0.024054276315789474
0 0.08672697368421053 0.17953522478070177 0.015563961988304092 0.024419682017543853
0 0.10250420321637427 0.17734224232456144 0.015563961988304082 0.024419682017543853
0 0.11797697368421052 0.17560622258771932 0.015563961988304105 0.024419682017543853
0 0.11773336988304095 0.1987238212719298 0.015563961988304105 0.024419682017543853
0 0.10213888888888888 0.2003685581140351 0.015563961988304082 0.024419682017543853
0 0.08642242324561403 0.2026986019736842 0.0156858552631579 0.024693804824561398
0 0.07091931652046785 0.20466310307017543 0.015137609649122814 0.02515076754385965
0 0.07061467470760234 0.22782648026315785 0.015503106725146194 0.025424890350877194
0 0.0859654605263158 0.22618160635964912 0.015990497076023392 0.025607730263157873
0 0.10168183479532165 0.22380578399122808 0.015990497076023392 0.0256077302631579
0 0.1175201023391813 0.22197834429824562 0.015625 0.025242324561403493
0 0.0704623538011696 0.2518580043859649 0.015320175438596487 0.02597313596491228
0 0.08585882675438597 0.24989336622807018 0.01571619152046783 0.02569901315789474
0 0.1018188048245614 0.24770038377192982 0.01571619152046784 0.02569901315789474
0 0.11777878289473684 0.24559868421052633 0.01571619152046784 0.02569901315789474
0 0.07034046052631579 0.27616365131578946 0.015320175438596487 0.02597313596491225
0 0.08575219298245614 0.27424479166666665 0.015320175438596487 0.02597313596491225
0 0.10189501096491228 0.2718691063596491 0.016173062865497058 0.025790296052631573
0 0.11776370614035087 0.2699046052631579 0.015868421052631577 0.025699013157894766
0 0.11796171418128655 0.29439295504385965 0.01608168859649123 0.026064418859649146
0 0.10200173611111112 0.29594640899122804 0.01608168859649123 0.026064418859649146
0 0.08605692616959065 0.29836787280701754 0.016173062865497082 0.02615570175438595
0 0.07023400950292398 0.30065213815789477 0.015655519005847947 0.026155701754386012
0 0.07044709429824561 0.3253231907894737 0.015959978070175445 0.026155701754386012
0 0.08622432383040937 0.3232214912280702 0.015959978070175435 0.02615570175438595
0 0.10233662280701755 0.32084566885964916 0.016386330409356713 0.02615570175438595
0 0.118296600877193 0.31888116776315795 0.016020833333333345 0.026612664473684173
0 0.11884484649122808 0.3436435032894737 0.016386330409356737 0.026612664473684232
0 0.10288486842105263 0.3460193256578948 0.016386330409356713 0.026612664473684173
0 0.070812591374269 0.3504968475877193 0.015959978070175445 0.026612664473684232
0 0.08658982090643276 0.3482125822368421 0.015959978070175435 0.026612664473684173
0 0.0712389437134503 0.3752591831140351 0.015959978070175435 0.026612664473684232
0 0.08719892178362575 0.37297478070175444 0.016325475146198826 0.026795504385964914
0 0.10340268640350878 0.3705989583333334 0.016325475146198826 0.026795504385964914
0 0.11942370248538013 0.36849725877192985 0.016325475146198826 0.026795504385964914
0 0.17235544590643276 0.1020827850877193 0.01653874269005848 0.023711622807017545
0 0.1889247076023392 0.10062088815789474 0.01653874269005848 0.023711622807017545
0 0.18916831140350876 0.07850822368421052 0.01653874269005846 0.02371162280701755
0 0.17259904970760237 0.0792393092105263 0.01653874269005848 0.023711622807017545
0 0.17284265350877195 0.05639583333333334 0.01653874269005848 0.023711622807017545
0 0.18929002192982455 0.055664747807017544 0.0165387426900585 0.023711622807017545
0 0.17223355263157897 0.1254747807017544 0.01653874269005848 0.023711622807017545
0 0.18868092105263157 0.12346463815789474 0.01653874269005848 0.023711622807017545
0 0.17211165935672515 0.14868393640350877 0.01653874269005848 0.023711622807017545
0 0.18916812865497074 0.14740460526315788 0.01653874269005846 0.02371162280701753
0 0.17230190058479533 0.17289816337719296 0.016432017543859638 0.024990953947368427
0 0.18899287280701754 0.1714362664473684 0.016432017543859638 0.024990953947368395
0 0.18960197368421053 0.19519366776315786 0.01643201754385966 0.024990953947368427
0 0.1723017178362573 0.19702124451754383 0.01643201754385966 0.024990953947368427
0 0.17243868786549707 0.22141817434210523 0.016645285087719293 0.025539199561403512
0 0.18998254751461985 0.22013884320175434 0.016645285087719293 0.025539199561403512
0 0.19034804459064325 0.24480989583333332 0.016645285087719293 0.025539199561403512
0 0.17304778874269006 0.2462717927631579 0.016645285087719293 0.025539199561403488
0 0.17353517909356725 0.2714910910087719 0.016645285087719293 0.025539199561403488
0 0.19107903874269005 0.2700291940789474 0.016645285087719293 0.025539199561403547
0 0.17486823830409357 0.3232313596491228 0.017543859649122806 0.027777960526315808
0 0.17413724415204682 0.297280975877193 0.017543859649122806 0.027777960526315742
0 0.1914375 0.2956362390350877 0.017543859649122806 0.027777960526315742
0 0.1925339912280702 0.32103837719298245 0.017543859649122806 0.027777960526315808
0 0.1935085891812865 0.34717132675438594 0.017543859649122785 0.027777960526315742
0 0.17596472953216374 0.3493643092105263 0.017543859649122806 0.027777960526315742
0 0.20946856725146198 0.3187539747807018 0.017543859649122806 0.027595120614035067
0 0.21068695175438595 0.34470435855263154 0.017543859649122806 0.02759512061403513
0 0.20849396929824562 0.29335211074561407 0.017543859649122806 0.027595120614035067
0 0.20764108187134503 0.2679501096491228 0.017543859649122806 0.0268640350877193
0 0.20715369152046786 0.24273081140350877 0.017543859649122806 0.0268640350877193
0 0.20666630116959064 0.21805975877192982 0.017543859649122806 0.0268640350877193
0 0.20642260599415205 0.19393681469298246 0.017056469298245627 0.02540213815789474
0 0.2059048793859649 0.16944860197368425 0.0165082236842105 0.025402138157894716
0 0.20567644371345029 0.14594257127192983 0.016599597953216347 0.024990953947368413
0 0.20549369517543858 0.12227672697368422 0.016599597953216347 0.024990953947368413
0 0.20540232090643273 0.09979851973684212 0.016416849415204653 0.024077302631578947
0 0.2054176717836257 0.07686376096491229 0.016203764619883026 0.023529057017543854
0 0.20566127558479533 0.05475109649122807 0.016203764619883026 0.02352905701754386
0 0.20588952850877196 0.03300397478070176 0.016051352339181302 0.02316365131578948
0 0.18992955043859647 0.03373506030701755 0.01605135233918128 0.02316365131578948
0 0.18997532894736843 0.01281030701754386 0.016142909356725136 0.022250000000000006
0 0.20581359649122805 0.011530975877192984 0.016142909356725115 0.022250000000000006
0 0.1738934576023392 0.013906798245614038 0.016142909356725136 0.022250000000000006
0 0.15793347953216375 0.015003289473684213 0.016142909356725157 0.022250000000000006
0 0.15732437865497076 0.03620202850877193 0.016142909356725157 0.022250000000000006
0 0.17316264619883043 0.03565378289473685 0.016142909356725136 0.022250000000000006
0 0.1563497807017544 0.0806783168859649 0.01644736842105263 0.024853892543859654
0 0.15689793494152046 0.058383086622807015 0.016325475146198826 0.023757401315789475
0 0.155984283625731 0.10315638706140352 0.01644736842105263 0.024853892543859654
0 0.1558623903508772 0.1265481085526316 0.01644736842105263 0.024853892543859644
0 0.1554968932748538 0.15030550986842103 0.01644736842105263 0.024853892543859654
0 0.15561878654970762 0.17388007127192984 0.01644736842105263 0.024853892543859654
0 0.1558015350877193 0.19882510964912278 0.01632565789473683 0.025036732456140333
0 0.1559234283625731 0.22313075657894738 0.01632565789473683 0.025036732456140368
0 0.1562279788011696 0.24816735197368425 0.016447551169590638 0.025767817982456167
0 0.156593475877193 0.2737520559210526 0.016447551169590638 0.0257678179824561
0 0.15732437865497076 0.29933689692982457 0.016934941520467837 0.027229714912280656
0 0.15793347953216375 0.324921600877193 0.016934941520467837 0.02722971491228072
0 0.158969115497076 0.35160293311403507 0.017300438596491233 0.027595120614035067
0 0.01084703947368421 0.007225877192982456 0.013706140350877194 0.014451754385964912
0 0.02386787280701754 0.0061293859649122805 0.014254385964912278 0.012258771929824561
0 0.03761970029239766 0.004964364035087719 0.01425438596491228 0.009928728070175438
0 0.05118877923976607 0.0039021381578947367 0.013706140350877197 0.007804276315789473
0 0.006908351608187134 0.06208059210526317 0.013816703216374269 0.021381578947368425
0 0.006268731725146199 0.08205729166666667 0.012537463450292398 0.02172423245614035
0 0.005514894005847953 0.1024451754385965 0.011029788011695907 0.021518640350877194
0 0.00444124634502924 0.1440433114035088 0.00888249269005848 0.021655701754385966
0 0.0039386878654970765 0.1654591557017544 0.007877375730994153 0.022135416666666668
0 0.003436129385964912 0.18704632675438598 0.006872258771929824 0.022409539473684213
0 0.003024945175438596 0.20887335526315792 0.006049890350877192 0.022478070175438594
0 0.0027051352339181284 0.23124862938596497 0.005410270467836257 0.022820723684210526
0 0.002316794590643275 0.25389802631578945 0.00463358918128655 0.023026315789473686
0 0.002111202485380117 0.27651315789473685 0.004222404970760234 0.022889254385964914
0 0.001951297514619883 0.2997108004385965 0.003902595029239766 0.023368969298245612
0 0.001951297514619883 0.32294270833333333 0.003902595029239766 0.02323190789473684
0 0.001882766812865497 0.3464830043859649 0.003765533625730994 0.023985745614035086
0 0.001974141081871345 0.3701260964912281 0.00394828216374269 0.023574561403508772
0 0.002202576754385965 0.3940090460526316 0.00440515350877193 0.02432839912280702
0 0.07888404605263158 0.009283991228070176 0.015777229532163737 0.01856798245614035
0 0.09350392909356725 0.008507264254385966 0.015411732456140357 0.017014528508771932
0 0.10842836257309942 0.007547834429824562 0.015777412280701744 0.015095668859649124
0 0.12326151315789474 0.006999588815789474 0.015350877192982457 0.013999177631578949
0 0.15829906798245613 0.002236156798245614 0.015959978070175435 0.004472313596491228
0 0.17410690789473682 0.0016421326754385963 0.015899122807017545 0.0032842653508771925
0 0.19043238304093568 0.0010938870614035088 0.01565533625730993 0.0021877741228070176
0 0.20620970394736843 0.0009568256578947369 0.015777229532163758 0.0019136513157894737
