0 0.3105141630116959 0.6128878837719298 0.019356176900584825 0.02967379385964912
0 0.32709859283625736 0.6085019188596491 0.019356176900584825 0.02967379385964912
0 0.307453125 0.5871203399122807 0.019356176900584825 0.02967379385964912
0 0.3241746162280702 0.582734375 0.019356176900584825 0.02967379385964912
0 0.3409874817251462 0.5780742872807018 0.019356176900584825 0.02967379385964912
0 0.35752622441520465 0.573688322368421 0.019356176900584825 0.02967379385964912
0 0.3602674524853801 0.5990446820175439 0.019356176900584825 0.02967379385964912
0 0.34400283260233916 0.6037047697368421 0.019356176900584825 0.02967379385964912
0 0.304437774122807 0.5614898574561404 0.019356176900584825 0.02967379385964912
0 0.32134201388888883 0.5568297697368421 0.019356176900584825 0.02967379385964912
0 0.35460224780701755 0.5483319627192983 0.019356176900584825 0.02967379385964912
0 0.33797213084795324 0.5524438048245615 0.019356176900584825 0.02967379385964912
0 0.3015137975146198 0.5355852521929825 0.019356176900584825 0.02967379385964912
0 0.3182352887426901 0.5311992872807018 0.019356176900584825 0.02967379385964912
0 0.33513952850877193 0.5265391995614035 0.019356176900584825 0.02967379385964912
0 0.35176964546783623 0.5222902960526316 0.019356176900584825 0.02967379385964912
0 0.2987725694444444 0.5096806469298246 0.019356176900584825 0.02967379385964912
0 0.31540268640350877 0.5052946820175439 0.019356176900584825 0.02967379385964912
0 0.332124177631579 0.501045778508772 0.019356176900584825 0.02939967105263158
0 0.348937043128655 0.496796875 0.019356176900584825 0.02939967105263158
0 0.3461044407894737 0.47130345394736844 0.019356176900584825 0.02939967105263158
0 0.3295656980994152 0.4754152960526316 0.019356176900584825 0.02939967105263158
0 0.31275283260233916 0.47966419956140355 0.019356176900584825 0.02939967105263158
0 0.2958485928362573 0.4833648574561404 0.01899067982456143 0.02939967105263158
0 0.29329011330409355 0.4580084978070176 0.019356176900584825 0.02939967105263158
0 0.31001160453216375 0.4539651864035088 0.01899067982456143 0.029262609649122806
0 0.32682447002923976 0.4499904057017544 0.01899067982456143 0.029262609649122806
0 0.34345458698830406 0.44601562499999997 0.01899067982456143 0.029262609649122806
0 0.29082300804093564 0.43217242324561406 0.01899067982456143 0.029262609649122806
0 0.30754449926900584 0.4280605811403509 0.01899067982456143 0.029262609649122806
0 0.3243573647660819 0.42435992324561406 0.01899067982456143 0.029262609649122806
0 0.3408047331871345 0.4208648574561404 0.01899067982456143 0.028851425438596492
0 0.33824625365497074 0.39550849780701763 0.01899067982456143 0.028851425438596492
0 0.32152476242690053 0.3990720942982457 0.01899067982456143 0.028851425438596492
0 0.30489464546783623 0.40277275219298253 0.01899067982456143 0.028851425438596492
0 0.28826452850877193 0.40647341008771937 0.01899067982456143 0.028851425438596492
0 0.285797423245614 0.3812541118421053 0.01899067982456143 0.028851425438596492
0 0.3025189144736842 0.37755345394736844 0.01899067982456143 0.028851425438596492
0 0.3192404057017544 0.3737157346491229 0.01899067982456143 0.028851425438596492
0 0.33582483552631576 0.3705633223684211 0.018716557017543885 0.028577302631578948
0 0.33326635599415205 0.3454810855263158 0.018716557017543885 0.028577302631578948
0 0.31691036184210525 0.3487705592105263 0.018716557017543885 0.028577302631578948
0 0.30018887061403504 0.35219709429824564 0.018716557017543885 0.028577302631578948
0 0.28355875365497074 0.3556236293859649 0.018716557017543885 0.028577302631578948
0 0.2813657711988304 0.33040433114035095 0.018716557017543885 0.027754934210526314
0 0.297813139619883 0.32725191885964916 0.018716557017543885 0.027754934210526314
0 0.31462600511695904 0.3236883223684211 0.018716557017543885 0.027754934210526314
0 0.33098199926900584 0.32081003289473686 0.018716557017543885 0.027754934210526314
0 0.32869764254385964 0.29613898026315794 0.018716557017543885 0.027754934210526314
0 0.31243302266081874 0.2995655153508772 0.018716557017543885 0.027754934210526314
0 0.29571153143274853 0.3023067434210527 0.018716557017543885 0.027754934210526314
0 0.2789900402046783 0.30573327850877197 0.018716557017543885 0.027754934210526314
0 0.2771625548245614 0.2811992872807018 0.017802814327485407 0.027754934210526314
0 0.293609923245614 0.278046875 0.017802814327485407 0.027754934210526314
0 0.3101486659356725 0.27516858552631585 0.017802814327485407 0.027754934210526314
0 0.3263219115497076 0.27215323464912283 0.017802814327485407 0.027754934210526314
0 0.3241289290935673 0.24803042763157898 0.01762006578947371 0.02665844298245614
0 0.3082754934210526 0.2507716557017544 0.017711440058479556 0.02665844298245614
0 0.29137125365497074 0.2540611293859649 0.017711440058479556 0.02665844298245614
0 0.2751066337719298 0.2568023574561404 0.017711440058479556 0.02665844298245614
0 0.273187774122807 0.23295367324561406 0.017711440058479556 0.02665844298245614
0 0.28945239400584793 0.2303495065789474 0.017711440058479556 0.02665844298245614
0 0.3061281980994152 0.22719709429824564 0.017802814327485407 0.02665844298245614
0 0.3222100694444444 0.22486705043859653 0.017802814327485407 0.02665844298245614
0 0.32029120979532166 0.20122395833333334 0.017985562865497105 0.02597313596491228
0 0.30430071271929826 0.203828125 0.017985562865497105 0.02597313596491228
0 0.28767059576023385 0.20656935307017546 0.017985562865497105 0.02597313596491228
0 0.27140597587719295 0.20917351973684212 0.017985562865497105 0.02597313596491228
0 0.26966986476608185 0.18594161184210528 0.01762006578947371 0.026110197368421052
0 0.2857517361111111 0.1834745065789474 0.01762006578947371 0.026110197368421052
0 0.30219910453216375 0.1805962171052632 0.01762006578947371 0.026110197368421052
0 0.31818960160818716 0.17785498903508773 0.01762006578947371 0.026110197368421052
0 0.316453490497076 0.15517132675438597 0.01762006578947371 0.02515076754385965
0 0.3003716191520468 0.15722724780701755 0.01762006578947371 0.02515076754385965
0 0.28410699926900584 0.159968475877193 0.01762006578947371 0.02515076754385965
0 0.26793375365497074 0.16270970394736842 0.01762006578947371 0.02515076754385965
0 0.2664717653508772 0.13982044956140352 0.01762006578947371 0.025150767543859663
0 0.28246226242690053 0.13735334429824564 0.017437317251462015 0.025150767543859663
0 0.29863550804093564 0.13488623903508773 0.017437317251462015 0.025150767543859663
0 0.3145346308479532 0.13269325657894737 0.017437317251462015 0.025150767543859663
0 0.31279851973684203 0.11042077850877194 0.017437317251462015 0.024465460526315787
0 0.29699077119883044 0.11275082236842106 0.017802814327485407 0.024465460526315787
0 0.2810916483918129 0.11508086622807018 0.017802814327485407 0.024465460526315787
0 0.26496408991228065 0.11727384868421052 0.01716319444444447 0.024465460526315787
0 0.2635021016081871 0.09534402412280701 0.01716319444444447 0.024465460526315787
0 0.2794925986842105 0.09287691885964912 0.01716319444444447 0.024465460526315787
0 0.29539172149122805 0.09109512061403507 0.01716319444444447 0.0239172149122807
0 0.31110809576023396 0.08917626096491227 0.01716319444444447 0.0239172149122807
0 0.30946335891812865 0.06752055921052631 0.01716319444444447 0.0239172149122807
0 0.29402110745614035 0.0695764802631579 0.01716319444444447 0.0239172149122807
0 0.2779392361111111 0.07176946271929824 0.01716319444444447 0.0239172149122807
0 0.26185736476608185 0.07368832236842106 0.01716319444444447 0.0239172149122807
0 0.2608522478070175 0.052580866228070185 0.01716319444444447 0.0239172149122807
0 0.2766599963450292 0.05038788377192982 0.01679769736842108 0.023368969298245612
0 0.29255911915204674 0.04833196271929825 0.01679769736842108 0.023368969298245612
0 0.3080927448830409 0.046550164473684215 0.01679769736842108 0.023094846491228067
0 0.30649369517543856 0.025922423245614036 0.016523574561403534 0.022135416666666668
0 0.2909600694444444 0.027293037280701756 0.016523574561403534 0.022135416666666668
0 0.2751523209064327 0.029211896929824562 0.016523574561403534 0.022135416666666668
0 0.25961869517543856 0.030993695175438596 0.016523574561403534 0.022135416666666668
0 0.25861357821637426 0.01093064692982456 0.01634082602339184 0.02186129385964912
0 0.35559228801169596 0.018886787280701752 0.01743749999999998 0.021952850877192984
0 0.37130866228070175 0.018338541666666666 0.017437500000000022 0.021952850877192984
0 0.38702503654970766 0.01779029605263158 0.017437500000000022 0.021952850877192984
0 0.40237591374269005 0.017379111842105263 0.017254751461988325 0.02167872807017544
0 0.3891266447368421 0.03889775219298246 0.017437500000000022 0.021952850877192984
0 0.37304477339181286 0.03985718201754386 0.017620248538011717 0.021952850877192984
0 0.37496363304093566 0.060964638157894734 0.017620248538011717 0.021952850877192974
0 0.39086275584795316 0.06041639254385965 0.017620248538011717 0.021952850877192974
0 0.3932384868421052 0.08220915570175438 0.017620248538011717 0.021952850877192967
0 0.37706524122807017 0.08289446271929825 0.017620248538011717 0.021952850877192967
0 0.3792582236842105 0.10537253289473683 0.017620248538011717 0.021952850877192967
0 0.39543146929824563 0.10441310307017544 0.017620248538011717 0.021952850877192967
0 0.3978072002923977 0.1270282346491228 0.017620248538011717 0.021952850877192967
0 0.38158826754385966 0.12839884868421053 0.01789437134502926 0.022775219298245594
0 0.38378124999999996 0.1510139802631579 0.01789437134502926 0.022775219298245615
0 0.40013724415204677 0.14991748903508773 0.01789437134502926 0.022775219298245615
0 0.4025129751461988 0.17321792763157895 0.01789437134502926 0.02277521929824563
0 0.386156980994152 0.17479413377192984 0.01789437134502926 0.024008771929824577
0 0.38825858918128653 0.19864281798245614 0.01789437134502926 0.024008771929824577
0 0.4048887061403509 0.19672395833333337 0.01789437134502926 0.024008771929824577
0 0.40735581140350874 0.2208467653508772 0.01789437134502926 0.024008771929824577
0 0.39072569444444444 0.22262856359649122 0.01789437134502926 0.024008771929824577
0 0.393375548245614 0.24729961622807015 0.01789437134502926 0.025105263157894755
0 0.41000566520467835 0.2452436951754386 0.01789437134502926 0.025105263157894755
0 0.41274689327485375 0.26977768640350874 0.01789437134502926 0.025105263157894755
0 0.3958426535087719 0.2721077302631579 0.018259868421052653 0.02565350877192984
0 0.39840113304093566 0.2970529057017544 0.018259868421052653 0.02565350877192984
0 0.41521399853801166 0.2945858004385965 0.018259868421052653 0.02565350877192984
0 0.4178638523391812 0.3198050986842106 0.018259868421052653 0.02565350877192984
0 0.4011423611111111 0.32227220394736844 0.018077119883040955 0.026475877192982476
0 0.4037465277777778 0.34749150219298247 0.018351242690058504 0.02702412280701756
0 0.4207421418128655 0.34475027412280707 0.018351242690058504 0.02702412280701756
0 0.42348336988304097 0.37051781798245614 0.018351242690058504 0.02702412280701756
0 0.40667050438596497 0.37353316885964916 0.018716739766081895 0.02702412280701756
0 0.409594480994152 0.3993007127192983 0.018716739766081895 0.02702412280701756
0 0.42649872076023393 0.3961483004385965 0.018716739766081895 0.02702412280701756
0 0.4292399488304094 0.4221899671052632 0.018716739766081895 0.027572368421052647
0 0.41242708333333333 0.42547944078947364 0.018716739766081895 0.027572368421052647
0 0.41535105994152044 0.4517952302631579 0.018716739766081895 0.028120614035087737
0 0.43216392543859655 0.4482316337719298 0.018716739766081895 0.028120614035087737
0 0.4351792763157895 0.4739991776315789 0.018716739766081895 0.028120614035087737
0 0.41818366228070175 0.47769983552631573 0.018716739766081895 0.028120614035087737
0 0.4214274488304094 0.5044268092105263 0.018808114035087743 0.02921710526315791
0 0.4381489400584796 0.5000408442982456 0.018808114035087743 0.02921710526315791
0 0.44125566520467835 0.5263566337719298 0.018808114035087743 0.02921710526315791
0 0.42453417397660825 0.5306055372807017 0.018808114035087743 0.02921710526315791
0 0.427640899122807 0.5567842653508772 0.018808114035087743 0.02921710526315785
0 0.44445376461988306 0.5523983004385965 0.018808114035087743 0.02921710526315785
0 0.44756048976608187 0.5783029057017544 0.018808114035087743 0.02921710526315785
0 0.43074762426900587 0.5831000548245614 0.018808114035087743 0.02921710526315785
0 0.4140944809941521 0.5877486293859648 0.019462719298245612 0.030427631578947366
0 0.41089638157894737 0.5615699013157894 0.019462719298245612 0.030427631578947366
0 0.4076982821637427 0.5344317434210526 0.019462719298245612 0.030427631578947366
0 0.4045915570175439 0.5088697916666667 0.019462719298245612 0.029742324561403508
0 0.4016675804093568 0.48186869517543857 0.019462719298245612 0.029742324561403508
0 0.39856085526315793 0.45541584429824555 0.019462719298245612 0.029742324561403508
0 0.39563687865497077 0.42916858552631576 0.019462719298245612 0.02905701754385965
0 0.3928042763157895 0.402578673245614 0.019097222222222224 0.02850877192982456
0 0.3900630482456141 0.37653700657894734 0.019097222222222224 0.02850877192982456
0 0.3872304459064328 0.3507694627192982 0.019097222222222224 0.02850877192982456
0 0.3845805921052632 0.3252760416666666 0.018731725146198832 0.027960526315789474
0 0.38183936403508767 0.2996455592105263 0.01873172514619887 0.027960526315789474
0 0.3792808845029239 0.2744262609649123 0.01873172514619887 0.027960526315789474
0 0.3768594663742689 0.24934402412280698 0.018640350877193023 0.02713815789473684
0 0.3743009868421053 0.22481003289473683 0.018640350877193023 0.02713815789473684
0 0.372016630116959 0.20068722587719295 0.018640350877193023 0.02713815789473684
0 0.3697322733918128 0.17635882675438597 0.018640350877193023 0.02617872807017544
0 0.36744791666666665 0.15257867324561405 0.018640350877193023 0.02467105263157893
0 0.3653463084795321 0.12955235745614035 0.018640350877193023 0.02467105263157893
0 0.36315332602339184 0.10659457236842106 0.018092105263157895 0.023985745614035086
0 0.36132584064327483 0.08411650219298247 0.018092105263157895 0.023985745614035086
0 0.35908717105263155 0.061432839912280705 0.017635233918128653 0.023026315789473693
0 0.35721399853801167 0.040462445175438594 0.017543859649122806 0.022478070175438594
0 0.40440880847953226 0.03847505482456141 0.01745248538011696 0.020970394736842105
0 0.4067845394736843 0.05971957236842106 0.01745248538011696 0.02097039473684211
0 0.40888614766081877 0.08137527412280703 0.01745248538011696 0.020970394736842105
0 0.41121619152046784 0.10323656798245615 0.017361111111111112 0.021929824561403508
0 0.4135005482456141 0.1259887609649123 0.017361111111111112 0.021929824561403508
0 0.41587627923976606 0.14901507675438597 0.017543859649122806 0.02302631578947367
0 0.4182520102339181 0.1716302083333333 0.017543859649122806 0.023026315789473686
0 0.4208104897660819 0.19568448464912278 0.017543859649122806 0.023711622807017545
0 0.4233689692982456 0.21925904605263155 0.017543859649122806 0.02508223684210526
0 0.42601882309941524 0.24365597587719295 0.017543859649122806 0.02508223684210526
0 0.4285773026315789 0.26777878289473683 0.017543859649122806 0.02508223684210526
0 0.43122715643274856 0.29231277412280704 0.017543859649122806 0.025356359649122806
0 0.4341054459064328 0.3173950109649123 0.01781798245614035 0.025904605263157895
0 0.4367552997076024 0.34247724780701755 0.01781798245614035 0.025904605263157895
0 0.43949652777777776 0.36776507675438597 0.018183479532163743 0.026589912280701754
0 0.4422834429824562 0.3931214364035088 0.01882309941520468 0.027686403508771933
0 0.4452074195906433 0.4188889802631579 0.01882309941520468 0.02823464912280702
0 0.44813139619883047 0.4443824013157895 0.01882309941520468 0.02823464912280702
0 0.4512381213450293 0.47028700657894734 0.01882309941520468 0.02823464912280702
0 0.4542534722222223 0.4961230811403509 0.01882309941520468 0.028645833333333332
0 0.4575429459064328 0.5216850328947368 0.01882309941520468 0.02905701754385965
0 0.4606496710526316 0.5475896381578947 0.01882309941520468 0.02905701754385965
0 0.4636650219298246 0.5734942434210526 0.01882309941520468 0.02905701754385965
0 0.45706341374269 0.013404331140350879 0.01789437134502926 0.0214046052631579
0 0.47250566520467835 0.013404331140350879 0.01789437134502926 0.0214046052631579
0 0.48758241959064336 0.013335800438596493 0.01789437134502926 0.021267543859649126
0 0.4902322733918129 0.03458031798245614 0.01789437134502926 0.021267543859649126
0 0.475155519005848 0.03485444078947369 0.01789437134502926 0.021267543859649126
0 0.47762262426900587 0.05637308114035088 0.01789437134502926 0.021267543859649126
0 0.4931562500000001 0.05609895833333334 0.01789437134502926 0.021267543859649126
0 0.4806379751461988 0.07857702850877192 0.01789437134502926 0.0218157894736842
0 0.49598885233918133 0.07816584429824561 0.01789437134502926 0.0218157894736842
0 0.49891282894736844 0.10036979166666668 0.01789437134502926 0.021815789473684195
0 0.483561951754386 0.10105509868421053 0.01789437134502926 0.02236403508771928
0 0.4862118055555556 0.12428700657894737 0.018077119883040955 0.023049342105263142
0 0.5018368055555557 0.12346463815789474 0.018077119883040955 0.023049342105263142
0 0.48922715643274856 0.1471762609649123 0.018077119883040955 0.02304934210526316
0 0.5048521564327486 0.14676507675438596 0.018077119883040955 0.02304934210526316
0 0.5077761330409357 0.1699284539473684 0.018077119883040955 0.023049342105263174
0 0.4921511330409357 0.17081935307017546 0.018077119883040955 0.024008771929824577
0 0.4952578581871346 0.19528481359649122 0.018077119883040955 0.024419956140350894
0 0.5110656067251462 0.1939141995614035 0.018077119883040955 0.024419956140350894
0 0.5141723318713451 0.21776288377192982 0.018077119883040955 0.024419956140350894
0 0.49809046052631584 0.21899643640350877 0.018077119883040955 0.024419956140350894
0 0.5011971856725147 0.2438045504385965 0.018077119883040955 0.024968201754385983
0 0.5171876827485381 0.24215981359649122 0.018077119883040955 0.024694078947368435
0 0.5044409722222223 0.2686811951754386 0.018168494152046806 0.02565350877192984
0 0.520248720760234 0.2668308662280702 0.018168494152046806 0.026064692982456155
0 0.5236295687134503 0.29177604166666665 0.018168494152046806 0.026064692982456155
0 0.5075476973684212 0.29424314692982456 0.018168494152046806 0.026064692982456155
0 0.5106544225146199 0.31918832236842104 0.018351242690058504 0.026338815789473703
0 0.5266449195906433 0.31685827850877196 0.018351242690058504 0.026338815789473703
0 0.529843019005848 0.34235169956140354 0.018351242690058504 0.026338815789473703
0 0.5138525219298246 0.34481880482456145 0.018351242690058504 0.026338815789473703
0 0.5169592470760235 0.3708604714912281 0.018351242690058504 0.027435307017543875
0 0.5331324926900586 0.3677080592105263 0.018351242690058504 0.027435307017543875
0 0.5362392178362574 0.3929273574561404 0.018351242690058504 0.027435307017543875
0 0.5200659722222223 0.39690213815789477 0.018351242690058504 0.02825767543859651
0 0.5232640716374269 0.42266968201754385 0.018351242690058504 0.02825767543859651
0 0.5393459429824562 0.41938020833333334 0.018351242690058504 0.02825767543859651
0 0.542452668128655 0.4449421600877193 0.018351242690058504 0.02921710526315791
0 0.5264621710526316 0.44864281798245614 0.018351242690058504 0.02921710526315791
0 0.5297059576023393 0.4752327302631579 0.018442616959064347 0.02921710526315791
0 0.5456050804093568 0.47139501096491226 0.018442616959064347 0.02921710526315791
0 0.5487118055555557 0.4971625548245614 0.018442616959064347 0.02921710526315791
0 0.5328126827485381 0.5015485197368421 0.018442616959064347 0.02921710526315791
0 0.5359194078947369 0.5278643092105263 0.018442616959064347 0.02921710526315791
0 0.5518185307017545 0.5233412828947368 0.018442616959064347 0.02921710526315791
0 0.5549252558479533 0.5489032346491227 0.018077119883040955 0.029628289473684163
0 0.5392088815789474 0.5538374451754385 0.018077119883040955 0.029628289473684163
0 0.5232640716374269 0.5586345942982456 0.018351242690058504 0.029628289473684163
0 0.5201573464912281 0.5323188048245614 0.018533991228070198 0.02962828947368423
0 0.5168678728070176 0.5057288925438597 0.018533991228070198 0.02962828947368423
0 0.5137611476608188 0.4792760416666667 0.018533991228070198 0.02962828947368423
0 0.5104716739766083 0.4526861293859649 0.018533991228070198 0.02962828947368423
0 0.5073192616959065 0.4263703399122807 0.018625365497076045 0.02962828947368423
0 0.5041211622807018 0.4000545504385965 0.018625365497076045 0.02962828947368423
0 0.5011058114035088 0.37373876096491226 0.018625365497076045 0.02962828947368423
0 0.49777065058479536 0.34783415570175436 0.018716739766081895 0.028805921052631595
0 0.49466392543859655 0.322203673245614 0.018716739766081895 0.028805921052631595
0 0.49164857456140354 0.2965731907894737 0.018716739766081895 0.02825767543859651
0 0.4884504751461989 0.2712168311403509 0.018716739766081895 0.02825767543859651
0 0.4854046966374269 0.24590625 0.018473135964912287 0.02770942982456139
0 0.48248081140350874 0.220961211622807 0.018960526315789462 0.02643009868421053
0 0.47931313961988303 0.19610731907894735 0.018473135964912287 0.026430098684210503
0 0.47645001827485384 0.17244133771929826 0.01883863304093568 0.025516447368421034
0 0.4736479349415204 0.1481356907894737 0.01883863304093568 0.025516447368421055
0 0.47060206505847957 0.12446970942982458 0.01883863304093568 0.02423711622807017
0 0.4677998903508772 0.10144339364035088 0.018351242690058504 0.02423711622807017
0 0.46499771564327486 0.07878262061403508 0.018107638888888895 0.023506030701754388
0 0.4623173428362573 0.056487253289473675 0.018107638888888895 0.022774945175438596
0 0.459515259502924 0.034557428728070175 0.018107638888888895 0.022774945175438596
0 0.5024610745614034 0.01373560855263158 0.017254751461988325 0.020970120614035085
0 0.5052631578947367 0.034934347587719294 0.017254751461988325 0.020970120614035085
0 0.5083090277777778 0.056498766447368426 0.017254751461988325 0.020970120614035085
0 0.5113548976608187 0.07806318530701753 0.01725475146198824 0.020970120614035085
0 0.5140962171052631 0.09981016995614037 0.017132858187134538 0.02206661184210527
0 0.5168983004385965 0.12283648574561404 0.017132858187134455 0.02206661184210527
0 0.5201876827485381 0.1459427083333333 0.017376461988304063 0.022592105263157893
0 0.523233552631579 0.16915186403508772 0.017376461988304063 0.022592105263157913
0 0.5264011330409357 0.19272642543859647 0.017376461988304063 0.023688596491228085
0 0.5293251096491228 0.21630098684210525 0.017376461988304063 0.024785087719298264
0 0.5324926900584795 0.2404237938596491 0.017376461988304146 0.024785087719298264
0 0.53578216374269 0.26491200657894737 0.017376461988304146 0.02478508771929823
0 0.5389497441520468 0.289765899122807 0.017376461988304146 0.02478508771929823
0 0.5421173245614036 0.3145282346491228 0.017376461988304063 0.02533333333333332
0 0.5452849049707603 0.3396561129385965 0.017376461988304063 0.026612664473684232
0 0.5485743786549707 0.36451000548245616 0.017376461988304063 0.026612664473684173
0 0.5516202485380117 0.3900949835526316 0.017376461988304063 0.026612664473684173
0 0.5547878289473684 0.41595381030701745 0.017376461988304063 0.02716091008771932
0 0.558016355994152 0.44144723135964914 0.01749835526315785 0.02770915570175441
0 0.561062225877193 0.4670319353070175 0.01749835526315785 0.027709155701754345
0 0.5643516995614035 0.49298231907894735 0.01749835526315785 0.02770915570175441
0 0.5671537828947368 0.5185671600877193 0.01749835526315785 0.028440241228070175
0 0.5701995614035088 0.5447002467105263 0.017741959064327455 0.029171326754386002
0 0.5758040935672514 0.011896792763157894 0.017254751461988325 0.02172395833333333
0 0.5901803728070175 0.01299328399122807 0.017254751461988325 0.02172395833333333
0 0.593469846491228 0.034192023026315785 0.017254751461988325 0.02172395833333333
0 0.579093567251462 0.03309553179824561 0.017254751461988325 0.02172395833333333
0 0.5823830409356725 0.05502535635964912 0.017254751461988325 0.02172395833333333
0 0.5966374269005847 0.05557360197368421 0.017254751461988325 0.02172395833333333
0 0.585672514619883 0.07695518092105263 0.017254751461988325 0.02172395833333334
0 0.6001705043859649 0.07732058662280702 0.017254751461988325 0.02172395833333333
0 0.5890838815789473 0.0992504111842105 0.017254751461988325 0.02172395833333334
0 0.6035818713450292 0.09994723135964914 0.017254751461988325 0.021792489035087723
0 0.5921905153508772 0.12236814692982456 0.017376644736842112 0.023003289473684227
0 0.606688505116959 0.12218530701754385 0.017376644736842112 0.023003289473684206
0 0.6100998720760233 0.14572560307017543 0.017376644736842112 0.02307182017543861
0 0.5957235928362573 0.14609100877192985 0.017376644736842112 0.023071820175438594
0 0.5990130665204678 0.1693001644736842 0.017376644736842112 0.02307182017543861
0 0.6136329495614035 0.16893475877192984 0.017376644736842112 0.02307182017543858
0 0.6024244334795322 0.19350315241228067 0.017376644736842112 0.02359731359649125
0 0.6170443165204679 0.19295490679824562 0.017376644736842112 0.02359731359649125
0 0.6202118969298246 0.21689487390350878 0.017376644736842112 0.023597313596491223
0 0.6057139071637427 0.21762582236842104 0.017376644736842112 0.02432839912280702
0 0.6091252741228069 0.2424797149122807 0.017376644736842112 0.02432839912280702
0 0.6238670504385966 0.2410178179824561 0.017376644736842112 0.02432839912280702
0 0.6122928545321638 0.26687664473684214 0.017376644736842112 0.024876644736842105
0 0.6269127375730995 0.26578015350877193 0.017376644736842112 0.024876644736842105
0 0.630202119883041 0.2904512061403509 0.016889254385964933 0.024876644736842105
0 0.6153385416666667 0.2920960800438596 0.017376644736842112 0.025607730263157935
0 0.618749908625731 0.31731537828947365 0.017376644736842112 0.025607730263157935
0 0.6332478983918128 0.3156706414473684 0.017376644736842112 0.025607730263157935
0 0.6367201206140349 0.34070709978070174 0.01701114766081872 0.025607730263157873
0 0.6221002375730994 0.3427173793859649 0.01701114766081872 0.026338815789473703
0 0.625267817982456 0.36848492324561405 0.01701114766081872 0.026338815789473703
0 0.6398877010233917 0.36610910087719295 0.01701114766081872 0.026338815789473703
0 0.6431771747076023 0.39169380482456145 0.01701114766081872 0.026338815789473703
0 0.6284353983918128 0.39434375 0.01701114766081872 0.02688706140350879
0 0.6317248720760233 0.42020271381578944 0.01701114766081872 0.027800712719298223
0 0.6460401133040936 0.4175529057017543 0.016645650584795328 0.027617872807017545
0 0.6492076937134503 0.4429550438596491 0.016645650584795328 0.027617872807017545
0 0.6348314144736842 0.4462443804824562 0.016645650584795328 0.02834895833333331
0 0.6378772843567251 0.47256016995614036 0.016645650584795328 0.02834895833333331
0 0.6522535635964913 0.46890529057017544 0.016645650584795328 0.028348958333333375
0 0.6551775402046783 0.49448999451754383 0.016645650584795328 0.02834895833333331
0 0.6406795504385965 0.49832771381578944 0.016645650584795328 0.02834895833333331
0 0.6438472222222221 0.5240038377192981 0.016889254385964933 0.029262609649122806
0 0.6579797149122808 0.5198007127192982 0.016889254385964933 0.029262609649122806
0 0.6294100877192983 0.5285726425438596 0.017254751461988325 0.029262609649122806
0 0.6263033625730994 0.5028050986842104 0.017254751461988325 0.029262609649122806
0 0.6230138888888889 0.47566694078947364 0.017254751461988325 0.029262609649122806
0 0.6200899122807016 0.4498993969298245 0.017254751461988325 0.029262609649122806
0 0.6169831871345028 0.4233094846491227 0.017254751461988325 0.029262609649122806
0 0.613876461988304 0.39754194078947364 0.017254751461988325 0.029262609649122806
0 0.6105260416666667 0.3709520285087719 0.017742141812865504 0.02871436403508772
0 0.6071147660818712 0.3449102247807017 0.01798574561403511 0.027800712719298286
0 0.6040688961988304 0.3191426809210526 0.01798574561403511 0.027800712719298286
0 0.6007794225146199 0.29383196271929823 0.01798574561403511 0.02688706140350879
0 0.5973680555555555 0.2682472587719298 0.01798574561403511 0.026887061403508754
0 0.5942003837719297 0.24348478618421052 0.017742141812865504 0.025973410087719292
0 0.5909109100877192 0.21826548793859646 0.017742141812865504 0.025973410087719292
0 0.5876214364035087 0.1944168037280702 0.017742141812865504 0.025973410087719292
0 0.5843928179824561 0.16992872807017545 0.017742141812865504 0.025242324561403524
0 0.5809814510233917 0.1462516447368421 0.01774214181286542 0.024350877192982453
0 0.5777376644736841 0.12268845942982455 0.017650767543859573 0.023825383771929814
0 0.5744025036549707 0.09917105263157897 0.017559393274853726 0.02284320175438596
0 0.5711130299707602 0.07641885964912282 0.017559393274853726 0.02284320175438596
0 0.5679454495614036 0.0543061951754386 0.01755939327485381 0.02284320175438596
0 0.5647169225146199 0.032684621710526315 0.017437500000000022 0.02272889254385965
0 0.5615492507309943 0.010907620614035086 0.017193896198830418 0.021815241228070173
0 0.6040077668128654 0.013922971491228068 0.01682839912280694 0.02236348684210526
0 0.6070536366959065 0.0347563048245614 0.016828399122807022 0.02236348684210526
0 0.6106477521929824 0.0566859923245614 0.01646290204678363 0.021998081140350876
0 0.6139372258771929 0.07843297697368422 0.01646290204678363 0.021998081140350876
0 0.6173485928362573 0.10036280153508771 0.01646290204678363 0.02199808114035087
0 0.6207599597953217 0.12284087171052632 0.01646290204678363 0.02199808114035087
0 0.6240494334795321 0.14577576754385965 0.01646290204678363 0.02291173245614035
0 0.6274608004385964 0.16898492324561404 0.01646290204678363 0.02291173245614035
0 0.6308721673976608 0.19261622807017545 0.01646290204678363 0.023529057017543875
0 0.6340397478070176 0.2161907894736842 0.01646290204678363 0.023529057017543875
0 0.6375728252923977 0.2402794682017544 0.01646290204678363 0.024191611842105255
0 0.6407404057017543 0.26458511513157895 0.01646290204678363 0.024191611842105255
0 0.6441517726608187 0.28916474780701756 0.01646290204678363 0.02510526315789472
0 0.6473194444444444 0.3134703947368421 0.016219298245614026 0.025105263157894755
0 0.6507306286549708 0.33868969298245616 0.016219298245614026 0.026201754385964927
0 0.6537764985380117 0.3638175712719299 0.016219298245614026 0.02711540570175436
0 0.6568223684210526 0.3892197094298246 0.016219298245614026 0.027115405701754428
0 0.6599901315789474 0.4138907620614035 0.016219298245614026 0.027115405701754428
0 0.6630358187134503 0.43965830592105265 0.016219298245614026 0.027115405701754428
0 0.6660816885964912 0.4647861842105263 0.01621929824561411 0.02802905701754386
0 0.6693711622807016 0.4903708881578948 0.01621929824561411 0.02802905701754386
0 0.6721733369883041 0.5153162006578949 0.015975694444444504 0.0282118969298246
0 0.6753479532163743 0.01573601973684211 0.01653874269005848 0.02275219298245614
0 0.6883230994152048 0.017517817982456142 0.01653874269005848 0.02275219298245614
0 0.6921608187134503 0.03848821271929825 0.01653874269005848 0.02275219298245614
0 0.679094298245614 0.036912006578947366 0.016355994152046784 0.022341008771929825
0 0.6830233918128654 0.05863623903508772 0.016355994152046784 0.023026315789473686
0 0.6960899122807016 0.0601439144736842 0.016355994152046784 0.023026315789473673
0 0.6999276315789473 0.0820737390350877 0.016355994152046784 0.023026315789473686
0 0.6867697368421053 0.0811143092105263 0.016355994152046784 0.023026315789473673
0 0.6904247076023391 0.10345531798245612 0.016355994152046784 0.022478070175438594
0 0.7033998538011695 0.10427768640350875 0.016355994152046784 0.022478070175438594
0 0.7072375730994153 0.12675575657894736 0.016355994152046784 0.022478070175438594
0 0.6942624269005848 0.12627604166666667 0.016355994152046784 0.022889254385964914
0 0.6979173976608186 0.14916529605263157 0.016355994152046784 0.022889254385964914
0 0.7110752923976608 0.14971354166666667 0.016355994152046784 0.022889254385964914
0 0.7015723684210525 0.17253426535087715 0.016355994152046784 0.023026315789473686
0 0.7147302631578948 0.17267132675438596 0.016355994152046784 0.023026315789473686
0 0.7185679824561403 0.19610882675438596 0.016355994152046784 0.023026315789473686
0 0.7054100877192983 0.1963829495614035 0.016355994152046784 0.023026315789473686
0 0.709065058479532 0.2202316337719298 0.016355994152046784 0.023574561403508772
0 0.7221315789473685 0.2196833881578947 0.015807748538011698 0.023574561403508772
0 0.7255124269005848 0.2436691337719298 0.015807748538011698 0.023574561403508772
0 0.7125372807017544 0.24449150219298244 0.015807748538011698 0.023574561403508772
0 0.7161922514619883 0.26895696271929825 0.015807748538011698 0.023985745614035086
0 0.7293501461988304 0.2680660635964912 0.015807748538011698 0.02412280701754386
0 0.7328223684210525 0.2920518092105263 0.015807748538011698 0.02412280701754386
0 0.7197558479532163 0.29369654605263157 0.015807748538011698 0.024396929824561406
0 0.7230453216374269 0.31850466008771927 0.015807748538011698 0.025219298245614034
0 0.7358377192982457 0.31713404605263157 0.015807748538011698 0.025219298245614034
0 0.7393099415204678 0.34139391447368417 0.015807748538011698 0.026041666666666668
0 0.7265175438596491 0.34365542763157897 0.015807748538011698 0.02617872807017544
0 0.7426907894736842 0.36606496710526315 0.015807748538011698 0.026041666666666668
0 0.7298983918128654 0.3686691337719298 0.015807748538011698 0.026041666666666668
0 0.7330964912280702 0.39368283991228065 0.015807748538011698 0.026726973684210526
0 0.7459802631578947 0.39135279605263157 0.015442251461988302 0.026726973684210526
0 0.7491783625730993 0.41602384868421044 0.015442251461988302 0.026726973684210526
0 0.7362945906432748 0.41931332236842106 0.015442251461988302 0.027275219298245612
0 0.739766812865497 0.4445326206140351 0.015442251461988302 0.027275219298245612
0 0.7520566520467836 0.44110608552631575 0.014985380116959065 0.027275219298245612
0 0.7551176900584794 0.46632538377192984 0.01471125730994152 0.027275219298245612
0 0.7425994152046782 0.47002604166666667 0.01471125730994152 0.027275219298245612
0 0.7455233918128654 0.49545093201754387 0.014894005847953216 0.027686403508771933
0 0.757904605263158 0.4916132127192982 0.014437134502923978 0.027686403508771933
0 0.7330508040935673 0.4992886513157894 0.014985380116959065 0.028782894736842105
0 0.7299440789473685 0.47338404605263157 0.014985380116959065 0.028782894736842105
0 0.7268830409356725 0.4477535635964912 0.015076754385964912 0.027960526315789474
0 0.7236849415204679 0.42212308114035085 0.015259502923976608 0.027960526315789474
0 0.7204868421052631 0.39676672149122805 0.015259502923976608 0.027960526315789474
0 0.716968932748538 0.37099917763157897 0.015899122807017545 0.02713815789473684
0 0.7136794590643275 0.3456428179824561 0.015899122807017545 0.02713815789473684
0 0.710298611111111 0.32028645833333336 0.016264619883040933 0.02713815789473684
0 0.7066436403508771 0.295546875 0.016264619883040933 0.02645285087719298
0 0.7029429824561403 0.2706702302631579 0.01653874269005848 0.02576754385964912
0 0.6993793859649122 0.245656524122807 0.01653874269005848 0.02480811403508772
0 0.6957244152046784 0.22112253289473685 0.01653874269005848 0.02480811403508772
0 0.6921608187134503 0.19699972587719297 0.01653874269005848 0.02480811403508772
0 0.6885058479532163 0.17260279605263157 0.01653874269005848 0.02480811403508772
0 0.6849422514619883 0.14937088815789473 0.01653874269005848 0.02412280701754386
0 0.6812415935672514 0.1260019188596491 0.01663011695906433 0.023163377192982455
0 0.6774038742690058 0.10283854166666664 0.01663011695906433 0.023163377192982455
0 0.673748903508772 0.07994928728070173 0.01663011695906433 0.02316337719298245
0 0.6699568713450291 0.057676809210526314 0.016721491228070175 0.023574561403508772
0 0.6659364035087718 0.03560992324561404 0.016721491228070175 0.023026315789473686
0 0.6622814327485378 0.014091282894736842 0.016721491228070175 0.023026315789473686
0 0.7007956871345029 0.018819901315789474 0.015899122807017545 0.022341008771929825
0 0.7044506578947368 0.03992735745614035 0.015899122807017545 0.022341008771929825
0 0.7704838267543859 0.028002878289473683 0.014924524853801238 0.023254660087719297
0 0.7122174707602339 0.0825534539473684 0.015899122807017545 0.022341008771929825
0 0.7159638157894737 0.10475740131578946 0.015899122807017545 0.022341008771929825
0 0.7198015350877193 0.1270984100877193 0.015899122807017545 0.022341008771929825
0 0.7235935672514621 0.14978207236842106 0.015807748538011698 0.023026315789473686
0 0.7273399122807018 0.17267132675438596 0.015807748538011698 0.023026315789473686
0 0.7309948830409356 0.19556058114035085 0.015807748538011698 0.023026315789473686
0 0.7347412280701755 0.21892955043859647 0.015807748538011698 0.023711622807017545
0 0.7382134502923976 0.24305235745614034 0.015442251461988302 0.023985745614035086
0 0.7417770467836257 0.2667639802631579 0.015442251461988302 0.023985745614035086
0 0.7452492690058479 0.2908867872807017 0.015442251461988302 0.023985745614035086
0 0.7484473684210525 0.3151466557017544 0.015076754385964912 0.02480811403508772
0 0.7517368421052631 0.33954358552631575 0.015076754385964912 0.025356359649122806
0 0.7548435672514621 0.36414610745614034 0.014528508771929825 0.02576754385964912
0 0.7580416666666666 0.3886115679824561 0.014528508771929825 0.02617872807017544
0 0.7610570175438596 0.41321408991228065 0.014528508771929825 0.0268640350877193
0 0.7640723684210525 0.43843338815789473 0.014345760233918129 0.0268640350877193
0 0.7669049707602339 0.46296737938596494 0.014345760233918129 0.027686403508771933
0 0.7696461988304092 0.48777549342105264 0.013980263157894737 0.027686403508771933
0 0.7813269371345029 0.029830317982456143 0.01468092105263155 0.022523574561403508
0 0.7743824926900584 0.048470668859649124 0.01468092105263155 0.022523574561403508
0 0.7852255116959065 0.05048081140350877 0.01468092105263155 0.022523574561403508
0 0.7893678728070175 0.07149698464912281 0.01468092105263155 0.022523574561403508
0 0.7784029605263159 0.07021765350877193 0.01468092105263155 0.02252357456140352
0 0.7824234283625731 0.09159923245614035 0.01468092105263155 0.022523574561403508
0 0.7935102339181288 0.093609375 0.01468092105263155 0.022523574561403508
0 0.7975915570175438 0.11489953399122806 0.014315423976608156 0.022706414473684208
0 0.786626644736842 0.11380304276315788 0.014315423976608156 0.022706414473684208
0 0.7905252192982457 0.13628111293859652 0.014315423976608156 0.022706414473684218
0 0.8014901315789474 0.13737760416666667 0.014315423976608156 0.022706414473684218
0 0.8053887061403509 0.15967283442982458 0.014315423976608156 0.022706414473684208
0 0.7945456871345029 0.1589417489035088 0.014315423976608156 0.022706414473684208
0 0.7984443530701755 0.18196820175438597 0.01382803362573106 0.022341008771929825
0 0.8091656615497076 0.18196820175438597 0.013828033625730894 0.022341008771929825
0 0.8128206323099415 0.2049945175438596 0.013828033625730894 0.022341008771929825
0 0.8022212171052632 0.20520010964912277 0.013828033625730894 0.02275219298245614
0 0.8058761878654971 0.22822642543859648 0.013828033625730894 0.02275219298245614
0 0.8165974963450293 0.22804358552631576 0.01382803362573106 0.02275219298245614
0 0.8202523757309942 0.2512527412280702 0.0133406432748538 0.02275219298245614
0 0.8095310672514618 0.2518009868421053 0.0133406432748538 0.02275219298245614
0 0.8130641447368421 0.27530701754385967 0.0133406432748538 0.0236200657894737
0 0.8237854532163742 0.2745759320175439 0.0133406432748538 0.0236200657894737
0 0.8163536184210527 0.29952097039473685 0.0133406432748538 0.023802905701754345
0 0.8270749269005846 0.2986073190789474 0.0133406432748538 0.02380290570175441
0 0.8304862938596492 0.3221818804824561 0.0133406432748538 0.02380290570175441
0 0.8197649853801169 0.32346093750000005 0.0133406432748538 0.024899396929824586
0 0.8232980628654971 0.34776658442982455 0.0133406432748538 0.02489939692982452
0 0.8340193713450291 0.3459390076754386 0.0133406432748538 0.024899396929824586
0 0.8369433479532162 0.36987897478070175 0.0133406432748538 0.02489939692982452
0 0.8264658260233919 0.37225466008771935 0.0133406432748538 0.02563048245614035
0 0.8296334064327484 0.39656016995614024 0.0133406432748538 0.026361567982456115
0 0.8398673245614034 0.39473259320175436 0.0133406432748538 0.026361567982456115
0 0.8429740497076023 0.41830729166666664 0.012975146198830409 0.026726973684210526
0 0.832435489766082 0.4210485197368421 0.0133406432748538 0.026726973684210526
0 0.8458980263157894 0.4429783442982456 0.012975146198830409 0.026726973684210526
0 0.835420504385965 0.44590241228070177 0.012975146198830409 0.026726973684210526
0 0.8382225877192983 0.47002521929824564 0.012975146198830409 0.026726973684210526
0 0.848578216374269 0.46655290570175434 0.012244152046783625 0.026726973684210526
0 0.7593361659356724 0.025672834429824563 0.014924524853801238 0.023254660087719297
0 0.7635393823099416 0.04705441337719299 0.014924524853801238 0.023254660087719297
0 0.7677425986842105 0.06884717653508773 0.014924524853801238 0.023254660087719307
0 0.771671692251462 0.09050287828947368 0.014924524853801238 0.023254660087719307
0 0.7756007858187134 0.11311800986842105 0.014924524853801238 0.023254660087719307
0 0.779529879385965 0.13573314144736842 0.014924524853801238 0.023254660087719307
0 0.7835503472222223 0.15862239583333335 0.014924524853801238 0.023254660087719294
0 0.7874794407894736 0.18151165021929824 0.014924524853801238 0.023254660087719294
0 0.7910430372807018 0.2047435581140351 0.014559027777777846 0.02311759868421052
0 0.7947893823099416 0.228546600877193 0.01437627923976615 0.02275219298245614
0 0.7986271016081872 0.25246381578947374 0.01437627923976615 0.0234375
0 0.8021906980994152 0.27670079495614036 0.01437627923976615 0.02403152412280702
0 0.8057542945906433 0.30054947916666663 0.01437627923976615 0.024579769736842148
0 0.8092875548245615 0.3248548519736843 0.01437627923976615 0.02457976973684208
0 0.812577028508772 0.3499827302631579 0.01437627923976615 0.02549342105263158
0 0.8159883040935673 0.3741055372807018 0.013888888888888888 0.02549342105263158
0 0.8187904788011695 0.39923341557017544 0.013401498538011628 0.026407072368421013
0 0.82207995248538 0.4239044682017544 0.013401498538011628 0.026407072368421013
0 0.8250039290935672 0.4488495065789474 0.013401498538011628 0.027686403508771933
0 0.8276842105263159 0.4733377192982457 0.013157894736842106 0.027686403508771933
0 0.8584469115497076 0.463195038377193 0.01254879385964919 0.026772752192982432
0 0.85576653874269 0.43980331688596497 0.012548793859649025 0.026772752192982495
0 0.8529644554093567 0.41604591557017545 0.01254879385964919 0.026772752192982432
0 0.8500404788011695 0.392014528508772 0.012305007309941452 0.02549342105263158
0 0.8469946089181287 0.36807456140350886 0.012305007309941619 0.02549342105263158
0 0.843827028508772 0.34422587719298253 0.012305007309941452 0.024945175438596492
0 0.8405375548245614 0.320468475877193 0.012305007309941452 0.024945175438596492
0 0.8373698830409357 0.2974422971491228 0.012792397660818714 0.024214089912280724
0 0.8338976608187134 0.2744159813596491 0.013157894736842106 0.024214089912280724
0 0.8303644919590644 0.25084155701754385 0.0136452850877192 0.023848684210526314
0 0.8267094298245615 0.22799794407894736 0.013401681286549678 0.02311759868421052
0 0.8230544590643276 0.2051544682017544 0.013401681286549678 0.023117598684210552
0 0.8193994883040937 0.18279057017543862 0.013401681286549678 0.022889254385964914
0 0.8156226242690058 0.16042667214912282 0.013401681286549678 0.02238678728070176
0 0.8118457602339182 0.1381314418859649 0.013401681286549842 0.022386787280701745
0 0.8080079495614035 0.1165670230263158 0.014010782163742592 0.022386787280701745
0 0.8039266264619882 0.09500260416666667 0.014010782163742758 0.02238678728070176
0 0.8000280519005847 0.07362102521929824 0.014010782163742758 0.02238678728070176
0 0.7958248355263158 0.05278769188596491 0.014010782163742758 0.022386787280701755
0 0.7917435124269007 0.032319764254385965 0.014010782163742592 0.022386787280701752
0 0.7084406067251462 0.06108059210526316 0.015899122807017545 0.022341008771929825
0 0.7876316703216375 0.011878700657894738 0.014010782163742592 0.022386787280701755
0 0.8395322551169591 0.019280016447368424 0.014010782163742592 0.022386787280701755
0 0.8492787828947368 0.021838404605263154 0.014010782163742758 0.022386787280701755
0 0.8587817068713451 0.02412266995614035 0.013645285087719367 0.022386787280701755
0 0.8534819992690058 0.04203193530701754 0.013645285087719367 0.022386787280701755
0 0.862984923245614 0.04422491776315789 0.013645285087719367 0.022386787280701755
0 0.867248994883041 0.06487541118421053 0.013645285087719367 0.02238678728070176
0 0.8577460709064327 0.06249958881578947 0.013645285087719367 0.022386787280701755
0 0.8618273940058478 0.08351576206140351 0.0136452850877192 0.02238678728070176
0 0.8711476608187134 0.08525191885964913 0.013401681286549842 0.022569627192982458
0 0.8753507858187135 0.10640501644736844 0.012548793859649025 0.021930098684210517
0 0.8658478618421053 0.10457743969298246 0.012548793859649025 0.021930098684210534
0 0.8700511695906432 0.12614172149122807 0.01267068713450306 0.021747258771929828
0 0.879249451754386 0.12742105263157896 0.012670687134502893 0.021747258771929828
0 0.8831480263157895 0.14889391447368422 0.012670687134502893 0.021747258771929828
0 0.8739801717836257 0.1477516447368421 0.01297532894736846 0.02256962719298244
0 0.8780006396198831 0.16968146929824562 0.01297532894736846 0.02256962719298244
0 0.8868334247076023 0.17050370065789475 0.012609831871344901 0.02238678728070176
0 0.8907319992690059 0.19206811951754388 0.012609831871345067 0.02238678728070176
0 0.8814726790935672 0.19170271381578943 0.012609831871345067 0.022386787280701734
0 0.8853103983918129 0.2142720668859649 0.012609831871345067 0.02238678728070176
0 0.8943259320175441 0.21418078399122806 0.012609831871345067 0.022386787280701734
0 0.8980417580409357 0.23675027412280703 0.011878837719298282 0.022203947368421052
0 0.8890262244152047 0.23684155701754386 0.011878837719298282 0.022203947368421052
0 0.8926507675438597 0.2596165021929825 0.01181798245614029 0.02206688596491228
0 0.9016663011695907 0.2596165021929825 0.011817982456140456 0.02206688596491228
0 0.9051385233918128 0.28209457236842106 0.011817982456140456 0.02206688596491225
0 0.8960619517543859 0.28284854714912283 0.01181798245614029 0.022751918859649094
0 0.8994733187134503 0.30560087719298246 0.011817982456140456 0.02238651315789472
0 0.9083671418128655 0.304687225877193 0.01181798245614029 0.022386513157894784
0 0.9115957602339181 0.3275307017543859 0.011817982456140456 0.023483004385964897
0 0.902701937134503 0.32862719298245613 0.01181798245614029 0.023483004385964897
0 0.9060904605263158 0.3521332236842106 0.011680921052631684 0.024579495614035073
0 0.9146339546783626 0.3504199561403509 0.011680921052631684 0.024579495614035073
0 0.9091135782163744 0.37526000548245614 0.011574013157894834 0.024853892543859626
0 0.9177027595029241 0.37324986293859647 0.011574013157894834 0.02485389254385969
0 0.9205049342105263 0.39664185855263157 0.011330409356725146 0.024853892543859626
0 0.9119157529239765 0.3988348410087719 0.011330409356725146 0.024853892543859626
0 0.9148397295321637 0.4221355537280702 0.011330409356725146 0.025402138157894775
0 0.9235812317251462 0.41985128837719304 0.010904057017543926 0.025402138157894716
0 0.9260483369883041 0.44278659539473686 0.010721308479532232 0.025402138157894716
0 0.917641904239766 0.44561910635964913 0.010721308479532232 0.025402138157894716
0 0.9090222953216375 0.4488171600877193 0.011147660818713451 0.02576754385964912
0 0.9060983187134504 0.4251052631578948 0.011147660818713451 0.02576754385964912
0 0.9033342470760234 0.40111924342105265 0.011650219298245614 0.02576754385964912
0 0.900501644736842 0.3774529879385965 0.011650219298245614 0.025128015350877168
0 0.8971513157894737 0.35374122807017544 0.011650219298245614 0.024671052631578948
0 0.8939226973684209 0.32998355263157897 0.011650219298245614 0.024671052631578948
0 0.890450566520468 0.3065001370614035 0.01213760964912271 0.02393996710526318
0 0.8871002375730994 0.28319942434210527 0.012137609649122876 0.023939967105263152
0 0.8835671600877194 0.2602183388157895 0.01213760964912271 0.022935032894736848
0 0.8799121893274854 0.23705468749999997 0.01213760964912271 0.022660910087719307
0 0.8762572185672515 0.21389103618421054 0.0125031067251461 0.022660910087719276
0 0.8725108735380117 0.19113856907894738 0.0125031067251461 0.022660910087719276
0 0.8684904057017544 0.16866022478070175 0.012868603801169491 0.02238678728070176
0 0.864561312134503 0.1463189418859649 0.012868603801169491 0.02238678728070176
0 0.8605408442982457 0.12425178179824561 0.012868603801169491 0.022386787280701745
0 0.8564290021929826 0.10310978618421052 0.012868603801169491 0.022318256578947374
0 0.8521344115497076 0.08145381030701754 0.012868603801169491 0.022318256578947357
0 0.8479768823099416 0.060346080043859655 0.013142726608187038 0.02231825657894737
0 0.8436822916666666 0.03992365679824562 0.013690972222222124 0.022318256578947367
0 0.8680031067251461 0.02646847587719298 0.012929459064327485 0.02208991228070175
0 0.8842447002923977 0.10777604166666667 0.012670687134502893 0.02284375
0 0.8880824195906433 0.12906633771929824 0.012670687134502893 0.02284375
0 0.8917983369883041 0.1500826480263158 0.01242708333333337 0.022112664473684214
0 0.8956360562865496 0.1714647752192982 0.01242708333333337 0.022112664473684214
0 0.8995347222222224 0.19298382675438594 0.01193969298245611 0.022203947368421052
0 0.9033115862573099 0.2152793311403509 0.01193969298245611 0.022203947368421052
0 0.9068448464912281 0.23693530701754387 0.01193969298245611 0.022203947368421052
0 0.9100733735380118 0.2591392543859649 0.011817799707602408 0.021930372807017533
0 0.9134847404970761 0.2815719572368421 0.011817799707602241 0.022569901315789512
0 0.9167437865497077 0.3038675986842105 0.011391447368421022 0.022935307017543892
0 0.9198505116959065 0.32607195723684207 0.011391447368421022 0.023300712719298237
0 0.9229573282163742 0.3491443256578947 0.011147843567251499 0.023574835526315785
0 0.9260335343567252 0.3717597313596491 0.010965095029239803 0.02384895833333333
0 0.9286833881578945 0.3944209155701754 0.010538559941520535 0.02384895833333333
0 0.9316073647660817 0.41749314692982453 0.010538559941520535 0.02485416666666664
0 0.9341962719298246 0.43992571271929826 0.010477704678362544 0.02567653508771927
0 0.8761427266081873 0.06658854166666667 0.012670687134502893 0.02215844298245614
0 0.8720308845029241 0.04657730263157895 0.012670687134502893 0.022158442982456134
0 0.9280897295321637 0.03979769736842105 0.011695906432748537 0.022158442982456138
0 0.9355824195906433 0.04274451754385965 0.011421783625730994 0.022158442982456138
0 0.9396028874269006 0.06207044956140351 0.011421783625730994 0.022158442982456148
0 0.9323843201754385 0.0591921600877193 0.011421783625730994 0.022158442982456148
0 0.9361306652046782 0.0793404605263158 0.011421783625730994 0.02215844298245614
0 0.9435776681286551 0.08201315789473683 0.010964912280701754 0.022295504385964914
0 0.9402425073099414 0.09962582236842105 0.011421783625730994 0.02215844298245614
0 0.9444000365497077 0.12039089912280701 0.011147660818713451 0.022295504385964914
0 0.9481920687134503 0.14095038377192984 0.010873538011695907 0.022569627192982476
0 0.9518470394736842 0.16192105263157894 0.010873538011695907 0.022569627192982476
0 0.9557304459064326 0.18330290570175437 0.010599415204678362 0.02147313596491227
0 0.9590199195906433 0.20468475877192985 0.010233918128654972 0.022295504385964896
0 0.962766264619883 0.22592955043859647 0.010233918128654972 0.022295504385964896
0 0.9660557383040936 0.2474484649122807 0.010233918128654972 0.022295504385964927
0 0.969345211988304 0.2698582785087719 0.00986842105263158 0.02243256578947367
0 0.9725433114035087 0.29151425438596495 0.00986842105263158 0.022432565789473703
0 0.9756500365497076 0.3135930646929825 0.00986842105263158 0.022683388157894745
0 0.9785740131578946 0.33620847039473684 0.00986842105263158 0.02323163377192983
0 0.9813152412280702 0.3580015076754386 0.009502923976608187 0.02323163377192983
0 0.9839650950292398 0.3804798519736842 0.0089546783625731 0.02323163377192983
0 0.9864778874269007 0.4029581962719298 0.009046052631578948 0.02323163377192983
0 0.9889449926900584 0.42516241776315794 0.009046052631578948 0.023779879385964917
0 0.9929654605263158 0.401039336622807 0.009046052631578948 0.023779879385964917
0 0.990498355263158 0.37897217653508775 0.008863304093567252 0.02323163377192983
0 0.9879398757309942 0.35717913925438594 0.008863304093567252 0.02323163377192983
0 0.9940619517543859 0.35580852521929823 0.008863304093567252 0.02323163377192983
0 0.9744619883040938 0.3596462445175438 0.009137426900584795 0.02323163377192983
0 0.9851072733918128 0.33497491776315785 0.008863304093567252 0.02323163377192983
0 0.9823203581871345 0.31352453399122815 0.00932017543859649 0.022272203947368428
0 0.9793050073099414 0.29166296600877195 0.00932017543859649 0.021312774122807025
0 0.976015533625731 0.2700069901315789 0.00932017543859649 0.021312774122807025
0 0.9730001827485381 0.24821395285087722 0.00932017543859649 0.021312774122807025
0 0.9696193347953217 0.2262722039473684 0.00932017543859649 0.021610197368421034
0 0.9661014254385965 0.20557565789473684 0.009959795321637425 0.02215844298245612
0 0.9625378289473683 0.1840567434210526 0.009959795321637425 0.02215844298245612
0 0.9589742324561404 0.16336019736842106 0.010325292397660819 0.022158442982456155
0 0.9551365131578948 0.14293777412280703 0.010325292397660819 0.022158442982456155
0 0.9512531067251462 0.1220356359649123 0.010416666666666666 0.022021381578947372
0 0.9475067616959064 0.10181880482456139 0.010416666666666666 0.022432565789473686
0 0.9545882675438597 0.1042173793859649 0.010508040935672515 0.022021381578947372
0 0.9507505482456141 0.08434320175438598 0.010508040935672515 0.022021381578947372
0 0.946638706140351 0.06488020833333334 0.010508040935672515 0.022021381578947376
0 0.9427096125730995 0.04569133771929824 0.010508040935672515 0.022021381578947365
0 0.9583651315789474 0.12404577850877194 0.010508040935672515 0.022021381578947372
0 0.9620201023391814 0.14451370614035086 0.010508040935672515 0.022021381578947348
0 0.9656142178362573 0.1647075109649123 0.010142543859649123 0.022021381578947348
0 0.9691474780701755 0.18535827850877196 0.010142543859649123 0.022021381578947383
0 0.9727415935672514 0.20674013157894738 0.010142543859649123 0.022021381578947383
0 0.9758483187134502 0.22688829495614035 0.009777046783625731 0.02138185307017543
0 0.9793509685672516 0.2487266995614035 0.009350694444444346 0.020468201754385965
0 0.9826404422514621 0.2698114035087719 0.009350694444444346 0.020605263157894738
0 0.9855035635964912 0.2914561403508772 0.009350694444444512 0.020810307017543904
0 0.98861028874269 0.31274643640350874 0.009350694444444512 0.020810307017543845
0 0.9912906615497076 0.33417379385964907 0.009350694444444512 0.021632675438596476
0 0.9715841557017544 0.3371892817982456 0.009533442982456041 0.022912006578947326
0 0.9685687134502923 0.314391173245614 0.009594298245614035 0.022455043859649106
0 0.9655838815789475 0.29182154605263155 0.009594298245614035 0.022455043859649106
0 0.9622943165204678 0.26954879385964914 0.009837902046783724 0.021952302631578942
0 0.9589438048245615 0.24749273574561403 0.009837902046783559 0.02165597587719301
0 0.955593384502924 0.2257909813596491 0.010325292397660819 0.02193009868421055
0 0.9519992690058479 0.20395216557017545 0.010325292397660819 0.021930098684210517
0 0.9483442982456141 0.1818392269736842 0.010325292397660819 0.021930098684210517
0 0.9447121710526315 0.16042310855263156 0.010736476608187134 0.022683936403508798
0 0.9409352156432749 0.13926987390350878 0.010980080409356656 0.02240981359649124
0 0.9369756030701755 0.11825370065789474 0.010980080409356656 0.02240981359649122
0 0.9329551352339182 0.09742009320175438 0.010980080409356656 0.02240981359649124
0 0.9287519188596491 0.07686060855263158 0.010980080409356656 0.02240981359649122
0 0.9247771381578948 0.056849369517543866 0.011436951754385897 0.022135690789473687
0 0.920391173245614 0.03670106907894737 0.011436951754385897 0.02213569078947368
0 0.9161194261695906 0.017238075657894737 0.011848135964912214 0.021998629385964915
0 0.9237948647660819 0.02025342653508772 0.011848135964912214 0.021998629385964915
0 0.9316302083333334 0.023645696271929823 0.01134557748538005 0.022067160087719303
0 0.9386888706140352 0.026489720394736842 0.010477521929824493 0.021313322368421053
0 0.9858386330409357 0.03659964364035088 0.010508040935672515 0.021381853070175434
0 0.9880316154970761 0.019969435307017544 0.010508040935672515 0.02138185307017544
0 0.9924175804093568 0.03934087171052632 0.010508040935672515 0.021381853070175434
0 0.9815743786549709 0.01750233004385965 0.010508040935672515 0.02138185307017544
0 0.9946105628654972 0.02298478618421053 0.010508040935672515 0.02138185307017544
0 0.9900418494152047 0.05524026864035088 0.010508040935672515 0.02138185307017544
0 0.9941536915204678 0.07470326206140351 0.010508040935672515 0.02138185307017543
0 0.9954769736842106 0.4229694353070175 0.009046052631578948 0.023779879385964917
0 0.9822275219298244 0.4279036458333333 0.009046052631578948 0.023779879385964917
0 0.9796690423976607 0.4051511787280702 0.009046052631578948 0.023779879385964917
0 0.9770191885964912 0.3825357730263158 0.009046052631578948 0.023779879385964917
0 0.8803459429824562 0.08749067982456141 0.012670687134502893 0.02284375
