0 0.765924707602339 0.1487202576754386 0.015594663742690027 0.025950383771929833
0 0.780483735380117 0.1515527686403509 0.015594663742690027 0.025950383771929816
0 0.794798976608187 0.15420271381578946 0.015594663742690027 0.025950383771929833
0 0.7512439692982457 0.14597902960526316 0.01559466374269011 0.025950383771929833
0 0.7496600877192982 0.1699189967105263 0.015594663742690027 0.025950383771929833
0 0.7644018640350877 0.1723861019736842 0.015594663742690027 0.025950383771929833
0 0.7787171052631578 0.17494449013157892 0.015594663742690027 0.025950383771929802
0 0.7929714912280701 0.17750287828947367 0.015594663742690027 0.025950383771929833
0 0.8088706140350876 0.15721779057017543 0.015594663742690027 0.025950383771929833
0 0.8073477704678363 0.1804269462719298 0.015594663742690027 0.025950383771929802
0 0.8362524671052631 0.16292900219298245 0.014315241228070274 0.024396929824561406
0 0.8226682200292399 0.16009649122807018 0.014315241228070107 0.024396929824561406
0 0.8209015899122807 0.18330564692982454 0.014315241228070274 0.024396929824561406
0 0.8343641264619883 0.18595559210526316 0.014315241228070107 0.024396929824561406
0 0.8476439144736843 0.18887966008771928 0.014315241228070274 0.024396929824561406
0 0.8495322551169591 0.1658533442982456 0.014315241228070107 0.024396929824561406
0 0.8627510051169591 0.16895997807017543 0.014315241228070274 0.024396929824561406
0 0.8604971673976608 0.19162088815789471 0.014315241228070107 0.024396929824561406
0 0.8733504203216375 0.1945449561403509 0.014315241228070274 0.024396929824561406
0 0.8753606542397662 0.1719756030701754 0.014315241228070274 0.024396929824561406
0 0.9001230811403509 0.17786855811403507 0.0136452850877192 0.023939967105263152
0 0.8877570358187135 0.17467036732456143 0.013645285087719367 0.02393996710526318
0 0.8856859466374268 0.19714843749999997 0.0136452850877192 0.02393996710526318
0 0.8978692434210527 0.20007250548245611 0.013645285087719367 0.023939967105263152
0 0.9120017361111111 0.1809751918859649 0.0136452850877192 0.02393996710526318
0 0.9098696089181287 0.20317913925438594 0.013645285087719367 0.02393996710526318
0 0.9238193530701755 0.18417338267543856 0.013645285087719367 0.023939967105263152
0 0.9216872258771929 0.20619449013157892 0.0136452850877192 0.02393996710526318
0 0.9466934393274855 0.19052384868421052 0.012366045321637495 0.023300438596491228
0 0.9354238852339181 0.18787390350877195 0.012366045321637495 0.023300438596491228
0 0.9332917580409356 0.2093467653508772 0.012366045321637329 0.023300438596491228
0 0.9446830226608187 0.21236211622807016 0.012366045321637495 0.023300438596491228
0 0.9576581688596492 0.19408717105263157 0.012366045321637495 0.023300438596491228
0 0.9557087902046782 0.21528591008771933 0.012366045321637329 0.023300438596491228
0 0.968501187865497 0.19701096491228073 0.012366045321637329 0.023300438596491228
0 0.9663082054093567 0.21839254385964915 0.012366045321637329 0.023300438596491228
0 0.9789178545321635 0.2002091557017544 0.012366045321637329 0.023300438596491228
0 0.9769684758771929 0.22095120614035088 0.012366045321637495 0.023300438596491228
0 0.9893957419590642 0.20322491776315788 0.011756761695906531 0.02238678728070176
0 0.9873246527777777 0.2239669682017544 0.011756761695906365 0.02238678728070176
0 0.907950749269006 0.22469791666666666 0.013097039473684279 0.02293475877192981
0 0.8958893457602339 0.2216825657894737 0.013097039473684279 0.02293475877192981
0 0.9196466557017544 0.2272563048245614 0.013097039473684279 0.02293475877192984
0 0.931220668859649 0.22999753289473684 0.013097039473684279 0.02293475877192984
0 0.9426119334795321 0.23319572368421054 0.013097039473684112 0.02293475877192981
0 0.8584259868421051 0.21350452302631578 0.014071637426900586 0.02375740131578948
0 0.8714619883040936 0.21606291118421053 0.014071637426900586 0.023757401315789448
0 0.8838280336257309 0.2188954221491228 0.014071637426900586 0.02375740131578948
0 0.8456335891812864 0.2106717379385965 0.014071637426900586 0.02375740131578948
0 0.8051851242690058 0.20295079495614038 0.01480263157894737 0.024214089912280693
0 0.8189521198830408 0.20541790021929826 0.01480263157894737 0.024214089912280693
0 0.8325974049707602 0.20788500548245617 0.01480263157894737 0.024214089912280693
0 0.7914181286549709 0.20039240679824563 0.01480263157894737 0.024214089912280693
0 0.7628484100877194 0.19541241776315788 0.015411732456140283 0.02448821271929824
0 0.7772246893274853 0.19778824013157897 0.01541173245614045 0.02448821271929824
0 0.7482285270467837 0.1929453125 0.015411732456140366 0.02448821271929824
0 0.7334867507309942 0.19084361293859647 0.015411732456140366 0.024488212719298266
0 0.7347660818713451 0.16768037280701753 0.015533625730994151 0.02549342105263158
0 0.7361672149122807 0.14392297149122807 0.015533625730994151 0.025493421052631565
0 0.7375073099415205 0.1201655701754386 0.015533625730994151 0.02549342105263158
0 0.7526145833333332 0.12299808114035088 0.015533625730994151 0.02549342105263158
0 0.767295321637427 0.12592214912280703 0.015533625730994151 0.02549342105263158
0 0.7819152046783627 0.1285720942982456 0.015533625730994151 0.025493421052631565
0 0.7962304459064327 0.13149616228070177 0.015533625730994151 0.02549342105263158
0 0.8379580592105262 0.14072491776315788 0.014193530701754452 0.025310581140350872
0 0.8242519188596492 0.13725260416666668 0.014193530701754452 0.02531058114035089
0 0.8103021747076025 0.13451137609649122 0.014193530701754288 0.02531058114035089
0 0.8514814510233918 0.143648711622807 0.014193530701754452 0.02531058114035089
0 0.8642891081871344 0.146984100877193 0.014224049707602309 0.024716557017543845
0 0.8771120248538011 0.14995381030701754 0.013797514619883041 0.02435115131578947
0 0.8896454678362572 0.1532203947368421 0.013827850877193014 0.025036732456140368
0 0.9019961622807018 0.15671546052631577 0.01343201754385965 0.024259868421052634
0 0.9139661915204678 0.15959375 0.013523391812865496 0.024533991228070175
0 0.9257839912280701 0.16290597587719297 0.01309685672514623 0.024396929824561406
0 0.9371905153508773 0.16624122807017544 0.012822916666666736 0.02394024122807019
0 0.9485513523391813 0.16939364035087717 0.01288377192982456 0.024031249999999983
0 0.9595010964912282 0.17288870614035085 0.012426900584795323 0.023711622807017545
0 0.970359466374269 0.17613253837719298 0.012152777777777778 0.023620339912280706
0 0.9808826754385964 0.17953618421052633 0.01218311403508775 0.023300438596491228
0 0.9913450292397662 0.1827800164473684 0.01184831871345026 0.02311759868421052
0 0.9536836622807018 0.23568558114035082 0.012426900584795323 0.022889254385964914
0 0.9643058296783628 0.23857538377192977 0.012594480994152115 0.0229122807017544
0 0.9748214546783627 0.24148793859649126 0.012472587719298246 0.022820723684210526
0 0.9851124817251462 0.2440235745614035 0.011992872807017543 0.022683662280701754
0 0.7404464546783627 0.2656334978070175 0.016858552631578948 0.025904605263157895
0 0.7558581871345028 0.26782648026315786 0.016858552631578864 0.025904605263157895
0 0.7688730811403507 0.2932641173245614 0.01602101608187141 0.0243056469298246
0 0.7836757127192981 0.29563993969298247 0.01602101608187141 0.02430564692982454
0 0.7981128472222221 0.29710183662280704 0.01602101608187141 0.0243056469298246
0 0.7669237024853801 0.31793516995614035 0.016021016081871245 0.0243056469298246
0 0.7817871893274854 0.3193970668859649 0.01602101608187141 0.02430564692982454
0 0.7959807200292398 0.32104180372807023 0.016021016081871245 0.02430564692982454
0 0.8124280884502924 0.2993861019736842 0.016021016081871245 0.02430564692982454
0 0.8104178545321636 0.32314350328947367 0.016021016081871245 0.0243056469298246
0 0.751999177631579 0.3161075932017544 0.016021016081871328 0.02430564692982454
0 0.7540094115497076 0.29143654057017543 0.016021016081871328 0.024853892543859626
0 0.8399622624269004 0.3034980811403508 0.014924524853801238 0.02394024122807019
0 0.8263169773391812 0.3013050986842105 0.014924524853801071 0.02394024122807019
0 0.824062956871345 0.32487966008771924 0.014924524853801071 0.02394024122807019
0 0.8377690972222221 0.3267985197368421 0.014924524853801071 0.02394024122807019
0 0.8534246162280701 0.3053256578947368 0.014924524853801238 0.02394024122807013
0 0.8512316337719299 0.32899150219298245 0.014924524853801238 0.02394024122807019
0 0.8665825109649122 0.30751864035087717 0.014924524853801238 0.02394024122807013
0 0.864267635233918 0.3302708333333334 0.014924524853801071 0.02394024122807013
0 0.8796793676900585 0.30962033991228066 0.014924524853801238 0.02394024122807019
0 0.8770600328947368 0.3323725328947368 0.014924524853801071 0.02394024122807019
0 0.8898525219298244 0.33456537828947364 0.014071637426900586 0.02393996710526318
0 0.8920455043859649 0.31217859100877193 0.014071637426900586 0.023939967105263117
0 0.904533260233918 0.313914610745614 0.014071637426900586 0.02393996710526318
0 0.9164119152046782 0.3161988760964913 0.014071637426900586 0.02393996710526318
0 0.9020356359649123 0.33639268092105257 0.014071637426900586 0.02393996710526318
0 0.9142189327485379 0.33849410635964916 0.014071637426900586 0.023939967105263117
0 0.9514844663742691 0.3222069627192982 0.013157894736842106 0.02293475877192981
0 0.9283362573099415 0.3180038377192982 0.013157894736842106 0.02293475877192987
0 0.9399713084795321 0.32001398026315786 0.013157894736842106 0.02293475877192981
0 0.9258996710526316 0.3398421052631579 0.013157894736842106 0.02293475877192981
0 0.9375955774853801 0.34221792763157893 0.013157894736842106 0.02293475877192981
0 0.9488040935672515 0.34395394736842105 0.013157894736842106 0.02293475877192981
0 0.9626929824561403 0.3244912280701755 0.013157894736842106 0.02293475877192981
0 0.9598298611111112 0.345781524122807 0.013157894736842106 0.02293475877192981
0 0.9733532529239768 0.32659292763157893 0.013157894736842106 0.02293475877192981
0 0.9706120248538013 0.347609100877193 0.013157894736842106 0.02293475877192987
0 0.9837091557017545 0.3287402686403509 0.01267050438596501 0.022660910087719276
0 0.9813334247076024 0.34948231907894733 0.01267050438596501 0.022660910087719276
0 0.9914454495614033 0.3514011787280701 0.012670504385964844 0.022660910087719276
0 0.9939866593567253 0.33052192982456136 0.01202668128654978 0.021655701754385966
0 0.8001383406432748 0.2740527686403509 0.015716374269005847 0.024762335526315814
0 0.7855793128654971 0.2719510690789474 0.015716374269005847 0.024762335526315786
0 0.8143927266081872 0.2762457510964912 0.015716374269005847 0.024762335526315814
0 0.8284035087719299 0.27834745065789473 0.015716374269005847 0.024762335526315786
0 0.8421705043859651 0.28063171600877196 0.015716374269005847 0.024762335526315814
0 0.7708376279239766 0.2697124451754386 0.01620376461988311 0.025584978070175422
0 0.881735471491228 0.2872563048245614 0.01455902777777768 0.024305372807017524
0 0.8688211805555556 0.28515460526315783 0.014559027777777846 0.02430537280701756
0 0.8554805372807018 0.2826875 0.014559027777777846 0.02430537280701756
0 0.8942840826023392 0.2897234100877193 0.01455902777777768 0.024305372807017524
0 0.9067109831871345 0.29191639254385965 0.01455902777777768 0.024305372807017524
0 0.9423471308479533 0.2988151041666667 0.013218749999999934 0.023117598684210486
0 0.9308339729532165 0.2964392817982456 0.013218749999999934 0.023117598684210552
0 0.9188944627192984 0.2940634594298246 0.013218749999999934 0.023117598684210552
0 0.975576937134503 0.3056225328947368 0.012426900584795323 0.022295504385964927
0 0.964794773391813 0.30315542763157893 0.012426900584795323 0.022295504385964927
0 0.9537690058479533 0.3009624451754386 0.012426900584795323 0.022295504385964927
0 0.9862982456140352 0.3076326754385965 0.012426900584795323 0.022295504385964927
0 0.7387043128654971 0.2896321271929824 0.016386330409356754 0.024945175438596492
0 0.7367549342105263 0.31430317982456135 0.016386330409356754 0.024945175438596492
0 0.735110197368421 0.3378777412280702 0.016386330409356754 0.024945175438596492
0 0.7499736842105263 0.33952247807017544 0.016386330409356754 0.024945175438596492
0 0.7650199195906432 0.3411672149122807 0.016386330409356754 0.024945175438596492
0 0.7940771198830409 0.3442282072368421 0.015777412280701723 0.023757401315789448
0 0.7795180921052631 0.3427663103070175 0.015777412280701723 0.023757401315789448
0 0.8080877192982456 0.34587294407894736 0.015777412280701723 0.023757401315789448
0 0.8220374634502924 0.3475176809210526 0.015777412280701723 0.023757401315789448
0 0.8618158808479532 0.35277165570175434 0.01455902777777768 0.023300438596491228
0 0.8487798793859649 0.35112691885964914 0.014559027777777846 0.023300438596491228
0 0.835439236111111 0.34939089912280696 0.014559027777777846 0.023300438596491228
0 0.874669316520468 0.3545992324561403 0.014559027777777846 0.023300438596491228
0 0.8873398209064327 0.3562439692982456 0.014559027777777846 0.023300438596491228
0 0.9234021381578946 0.3615435855263158 0.013949744152046882 0.022203947368421052
0 0.9115843384502923 0.3596247258771931 0.013949744152046716 0.022203947368421052
0 0.8994620796783626 0.35797998903508776 0.013949744152046882 0.022203947368421052
0 0.93473254751462 0.3630970394736842 0.013949744152046882 0.022203947368421052
0 0.9461238121345029 0.365015899122807 0.013949744152046716 0.022203947368421052
0 0.978531341374269 0.3699499725877193 0.01285325292397654 0.021472861842105225
0 0.9679319261695907 0.3682139528508772 0.01285325292397654 0.021472861842105284
0 0.9571497624269006 0.36647793311403504 0.01285325292397654 0.021472861842105284
0 0.988826114766082 0.3715034265350878 0.012853252923976707 0.021472861842105284
0 0.7997423245614036 0.44537952302631584 0.016569078947368452 0.024214089912280724
0 0.7997423245614036 0.44537952302631584 0.016569078947368452 0.024214089912280724
0 0.8141794590643274 0.44620189144736844 0.016569078947368452 0.024214089912280724
0 0.8111946271929825 0.46986773574561397 0.016569078947368285 0.024214089912280665
0 0.7966966374269006 0.4685884046052632 0.016569078947368452 0.024214089912280724
0 0.7823203581871346 0.46767475328947367 0.016569078947368285 0.024214089912280665
0 0.7851224415204678 0.4439173519736842 0.016569078947368452 0.024214089912280724
0 0.7701979166666665 0.44282086074561405 0.016569078947368452 0.024214089912280724
0 0.8280073099415204 0.44812047697368423 0.016569078947368452 0.024214089912280724
0 0.8418961988304093 0.4491256853070175 0.016569078947368452 0.024214089912280724
0 0.8250833333333334 0.470507264254386 0.016569078947368452 0.024214089912280724
0 0.8388503289473684 0.47160375548245614 0.016569078947368452 0.024214089912280724
0 0.8814614400584796 0.45282648026315786 0.01516812865497076 0.022843750000000017
0 0.8685471491228071 0.45145586622807016 0.01516812865497076 0.022843750000000017
0 0.8553892543859648 0.45008525219298245 0.01516812865497076 0.022843750000000017
0 0.8523433845029239 0.4727461622807017 0.01516812865497076 0.022843749999999954
0 0.865562134502924 0.4738426535087719 0.01516812865497076 0.022843749999999954
0 0.878232638888889 0.47512198464912275 0.01516812865497076 0.022843750000000017
0 0.9184984466374269 0.45620737390350874 0.014680738304093499 0.02229523026315792
0 0.9064370431286549 0.4552937225877193 0.014680738304093499 0.02229523026315792
0 0.8940101425438596 0.4539231085526315 0.014680738304093499 0.02229523026315792
0 0.8907815241228071 0.4760357730263158 0.014680738304093666 0.022295230263157852
0 0.9032692799707601 0.4773151041666666 0.014680738304093499 0.02229523026315792
0 0.9151479349415204 0.47832031249999996 0.014680738304093499 0.022295230263157852
0 0.9270265899122806 0.4792339638157894 0.014680738304093499 0.02229523026315792
0 0.9303160635964911 0.4576695449561404 0.014680738304093499 0.022295230263157852
0 0.9418292214912279 0.45885731907894733 0.014680738304093499 0.02229523026315792
0 0.9386616410818713 0.4801476151315789 0.014680738304093666 0.022295230263157852
0 0.9499920504385966 0.48106126644736835 0.014680738304093666 0.02229523026315792
0 0.9532206688596491 0.45967968749999993 0.014680738304093499 0.02229523026315792
0 0.97499817251462 0.46191831140350875 0.013401681286549678 0.02110745614035088
0 0.9643379020467837 0.46109594298245615 0.013401681286549842 0.02110745614035088
0 0.9608656798245614 0.4822946820175439 0.013401681286549842 0.02110745614035088
0 0.9717697368421054 0.48293421052631574 0.013401681286549678 0.02110745614035088
0 0.9823082967836257 0.4841219846491228 0.013401681286549678 0.02110745614035088
0 0.9855977704678364 0.4634714912280702 0.013401681286549678 0.02110745614035088
0 0.9925422149122808 0.485218475877193 0.013401681286549678 0.02110745614035088
0 0.8167227704678363 0.4234725877192983 0.016355994152046784 0.024259868421052634
0 0.8023770102339183 0.4221705043859649 0.016355994152046784 0.024259868421052634
0 0.8307944078947369 0.42477467105263156 0.016355994152046784 0.024259868421052634
0 0.8445614035087718 0.4266022478070175 0.016355994152046784 0.024259868421052634
0 0.8583283991228071 0.42733333333333334 0.016355994152046784 0.024259868421052634
0 0.871547240497076 0.4288410087719298 0.015868603801169688 0.023985745614035086
0 0.9094828216374269 0.4336149945175439 0.01468092105263155 0.0225693530701754
0 0.8970559210526315 0.4321530975877193 0.01468092105263155 0.02256935307017546
0 0.8842635233918129 0.43041707785087713 0.01468092105263155 0.02256935307017546
0 0.9216050804093567 0.43507716557017534 0.01468092105263155 0.02256935307017546
0 0.9333618421052633 0.43617365679824555 0.01468092105263155 0.02256935307017546
0 0.9451796418128655 0.4371788651315789 0.01468092105263155 0.0225693530701754
0 0.9781657529239767 0.44179303728070174 0.013157894736842106 0.02156414473684209
0 0.9673835891812866 0.44042242324561404 0.013157894736842106 0.02156414473684209
0 0.956357821637427 0.43896052631578947 0.013157894736842106 0.02156414473684215
0 0.9886586257309943 0.44288952850877195 0.01309685672514623 0.02156414473684209
0 0.9000255847953217 0.4982623355263157 0.014741593567251493 0.021199013157894755
0 0.9120261330409356 0.4989018640350877 0.014741593567251327 0.021199013157894755
0 0.9239047880116958 0.4998155153508772 0.014741593567251327 0.02119901315789469
0 0.9355398391812865 0.5006378837719299 0.014741593567251493 0.02119901315789469
0 0.8877205774853801 0.49734841008771935 0.014741593567251327 0.02119901315789469
0 0.875232821637427 0.49634320175438595 0.014741593567251493 0.021199013157894755
0 0.8624404239766081 0.49570367324561404 0.014741593567251493 0.02119901315789469
0 0.8221441885964912 0.4928712993421053 0.01608187134502924 0.022386787280701734
0 0.8359111842105261 0.49387650767543856 0.01608187134502924 0.022386787280701734
0 0.8491909722222222 0.49460759320175435 0.01608187134502924 0.022386787280701793
0 0.808377192982456 0.4921404879385965 0.01608187134502924 0.022386787280701793
0 0.7648526133040936 0.48917064144736844 0.01687372076023385 0.022843475877193004
0 0.7796552448830408 0.4901758497807017 0.01687372076023385 0.022843475877193004
0 0.7940923793859649 0.4909982182017544 0.01687372076023385 0.022843475877193004
0 0.7499280884502924 0.4884398300438596 0.016873720760233933 0.022843475877192945
0 0.7348513340643273 0.48734320175438595 0.0173002558479532 0.023026315789473686
0 0.7371662097953215 0.4643168859649123 0.0173002558479532 0.023026315789473686
0 0.7523343384502924 0.4654133771929824 0.0173002558479532 0.023026315789473686
0 0.767563322368421 0.4664185855263157 0.017300255847953118 0.023026315789473686
0 0.7551059941520468 0.4417017543859649 0.016995614035087637 0.024396929824561406
0 0.7396942616959065 0.4408793859649123 0.01699561403508772 0.024396929824561406
0 0.7421918859649123 0.4166652960526315 0.016995614035087803 0.024396929824561406
0 0.7576036184210526 0.41821875 0.01699561403508772 0.024396929824561406
0 0.7876048062865497 0.4207312225877193 0.01632547514619876 0.023939967105263117
0 0.7726802814327486 0.4192693256578947 0.016325475146198927 0.02393996710526318
0 0.968358369883041 0.5031965460526316 0.01343201754385965 0.0200109649122807
0 0.9575305190058481 0.502579769736842 0.01343201754385965 0.0200109649122807
0 0.946702668128655 0.5016888706140351 0.01343201754385965 0.0200109649122807
0 0.9789577850877194 0.5039503837719298 0.01343201754385965 0.0200109649122807
0 0.9893287646198831 0.5048412828947368 0.01343201754385965 0.0200109649122807
0 0.7971668494152045 0.5983149671052631 0.017041301169590642 0.021655701754385966
0 0.8115431286549707 0.598497807017544 0.017041301169590642 0.021655701754385966
0 0.8253101242690057 0.598497807017544 0.017041301169590642 0.021655701754385966
0 0.8223252923976608 0.620701754385965 0.017041301169590642 0.021655701754385966
0 0.8361533260233917 0.6205189144736842 0.017041301169590642 0.021655701754385966
0 0.8392600511695906 0.5986803728070176 0.017041301169590642 0.021655701754385966
0 0.8083146929824561 0.6201532346491229 0.017041301169590642 0.021655701754385966
0 0.7942430555555554 0.6201532346491229 0.017041301169590642 0.021655701754385966
0 0.7800495248538011 0.620610197368421 0.017041301169590642 0.021655701754385966
0 0.7824252558479531 0.5982234100877193 0.017041301169590642 0.021655701754385966
0 0.7676226242690057 0.5979492872807017 0.017041301169590642 0.021655701754385966
0 0.7526372441520468 0.5979492872807017 0.01704130116959056 0.021655701754385966
0 0.8791752558479532 0.5983264802631579 0.015579312865497076 0.020490679824561406
0 0.8662457967836258 0.5982579495614035 0.015579312865497076 0.020490679824561406
0 0.852859466374269 0.5983264802631579 0.015579312865497076 0.020490679824561406
0 0.8496613669590644 0.6203248355263159 0.015579312865497076 0.020490679824561406
0 0.8627735745614036 0.6201192434210527 0.015579312865497076 0.020490679824561406
0 0.875748720760234 0.6199136513157895 0.015579312865497076 0.020490679824561406
0 0.8884497441520468 0.6201192434210527 0.015579312865497076 0.020490679824561406
0 0.892013340643275 0.5982579495614035 0.015579312865497076 0.020490679824561406
0 0.9042574926900586 0.5982579495614035 0.015579312865497076 0.020490679824561406
0 0.916593019005848 0.5983950109649123 0.015579312865497076 0.020490679824561406
0 0.900922331871345 0.6198451206140352 0.015579312865497076 0.020490679824561406
0 0.912983735380117 0.6199136513157895 0.015579312865497076 0.020490679824561406
0 0.9514142909356725 0.5981093749999999 0.014345760233918129 0.020285087719298246
0 0.9399468201754385 0.5980408442982456 0.014345760233918129 0.020285087719298246
0 0.9283422880116959 0.5980408442982456 0.014345760233918129 0.020285087719298246
0 0.924733004385965 0.6192168311403509 0.014345760233918129 0.020285087719298246
0 0.9362461622807017 0.6190339912280702 0.014345760233918129 0.020285087719298246
0 0.9475765716374269 0.6188511513157895 0.014345760233918129 0.020285087719298246
0 0.9734049707602339 0.5978580043859649 0.013827850877193014 0.019462719298245612
0 0.9625009137426901 0.5978580043859649 0.013827850877193014 0.019462719298245612
0 0.9587240497076023 0.6184172149122807 0.013827850877192847 0.019462719298245612
0 0.9696281067251462 0.6178689692982455 0.013827850877193014 0.019462719298245612
0 0.9801056286549706 0.6177776864035087 0.013827850877192847 0.019462719298245612
0 0.9840652412280702 0.5976754385964913 0.013827850877193014 0.019462719298245612
0 0.990766081871345 0.6172294407894736 0.013827850877193014 0.019462719298245612
0 0.9091688596491229 0.6398445723684211 0.014741593567251493 0.01973684210526316
0 0.8971683114035087 0.6398445723684211 0.014741593567251493 0.01973684210526316
0 0.9438605628654971 0.6382454769736842 0.014437134502923978 0.019645559210526294
0 0.9325910087719298 0.6387937225877193 0.014437134502923978 0.019645559210526294
0 0.9211387061403508 0.6392506853070176 0.014437134502923978 0.019645559210526416
0 0.9550080409356726 0.6375146655701756 0.014437134502923978 0.019645559210526294
0 0.9659120979532163 0.6369664199561403 0.014437134502923978 0.019645559210526294
0 0.9761460160818712 0.6372405427631579 0.014437134502923978 0.019645559210526294
0 0.9866542397660818 0.6362353344298246 0.01376717836257307 0.019645559210526416
0 0.9199510233918128 0.5772989309210527 0.015107090643274885 0.020924616228070073
0 0.9317077850877192 0.577755893640351 0.015107090643274885 0.020924616228070198
0 0.9436472953216373 0.577755893640351 0.015107090643274718 0.020924616228070198
0 0.955221308479532 0.5775730537280702 0.015107090643274885 0.020924616228070073
0 0.9770903691520467 0.5778013980263158 0.014010782163742592 0.020102247807017568
0 0.9661254568713449 0.5778926809210526 0.014010782163742592 0.020102247807017568
0 0.987689784356725 0.5782580866228071 0.014010782163742592 0.020102247807017568
0 0.8824875730994152 0.5769333881578946 0.015716374269005847 0.021929824561403508
0 0.895219115497076 0.5770246710526316 0.015716374269005847 0.021929824561403508
0 0.9074632675438596 0.5774816337719297 0.015716374269005847 0.021929824561403508
0 0.8694515716374269 0.5768421052631579 0.015716374269005847 0.021929824561403508
0 0.856171783625731 0.5766592653508771 0.015716374269005847 0.021929824561403508
0 0.8146269188596491 0.5762938596491228 0.01669097222222232 0.021929824561403508
0 0.8001897843567252 0.576202576754386 0.01669097222222232 0.021929824561403508
0 0.8289421600877193 0.5766592653508771 0.016690972222222152 0.021929824561403508
0 0.8425874451754386 0.5764764254385965 0.01669097222222232 0.021929824561403508
0 0.7707672697368421 0.5757454769736842 0.017787463450292498 0.022660910087719276
0 0.7856307565789474 0.5761108826754385 0.01778746345029233 0.022660910087719276
0 0.7557818896198831 0.575288514254386 0.017787463450292414 0.022660910087719276
0 0.737171966374269 0.5976754385964913 0.017726608187134504 0.022478070175438594
0 0.7401567982456141 0.5752886513157894 0.017726608187134504 0.022478070175438594
0 0.7340652412280702 0.6203360745614035 0.017726608187134504 0.022478070175438594
0 0.7495988669590642 0.6203360745614035 0.017726608187134587 0.022478070175438594
0 0.7646451023391813 0.620610197368421 0.017726608187134504 0.022478070175438594
0 0.8593394554093567 0.6409410635964913 0.01602101608187141 0.020559210526315787
0 0.8722537463450292 0.6403928179824561 0.016021016081871245 0.020559210526315787
0 0.8848633954678362 0.6401186951754385 0.016021016081871245 0.020559210526315787
0 0.8459988121345029 0.6413064692982456 0.01602101608187141 0.020559210526315787
0 0.832658168859649 0.6414893092105263 0.01602101608187141 0.020559210526315787
0 0.8049717653508772 0.6418548519736843 0.016934758771929893 0.020924616228070073
0 0.8188606542397661 0.6413978892543859 0.016934758771929893 0.020924616228070198
0 0.790717379385965 0.6418548519736843 0.016934758771929893 0.020924616228070073
0 0.7761583516081871 0.6417635690789474 0.016934758771929726 0.020924616228070198
0 0.7466748903508772 0.641991913377193 0.017909356725146285 0.022112664473684315
0 0.7313848684210527 0.6416265076754386 0.0179093567251462 0.022112664473684186
0 0.7616602704678364 0.6416265076754386 0.0179093567251462 0.022112664473684186
0 0.8316598135964912 0.7460825109649124 0.0169650950292397 0.019919407894736764
0 0.845091831140351 0.7450317982456139 0.0169650950292397 0.019919407894736764
0 0.8586152229532165 0.7442094298245614 0.0169650950292397 0.019919407894736764
0 0.8039428910818713 0.7479328399122808 0.01711750730994159 0.019919407894736764
0 0.817953673245614 0.7467450657894736 0.01711750730994159 0.019919407894736764
0 0.789749543128655 0.7487552083333333 0.017117507309941424 0.019919407894736764
0 0.7862773209064328 0.7685833333333333 0.017117507309941424 0.01991940789473689
0 0.8001662097953216 0.7681263706140352 0.017117507309941424 0.01991940789473689
0 0.8142378472222223 0.7667557565789475 0.017117507309941424 0.01991940789473689
0 0.8279439875730995 0.7656592653508774 0.017117507309941424 0.01991940789473689
0 0.8543814875730994 0.7635121984649124 0.016508223684210458 0.019645559210526416
0 0.8411016995614035 0.7646086896929826 0.016508223684210625 0.019645559210526416
0 0.8674174890350876 0.7623244243421053 0.016508223684210625 0.019645559210526294
0 0.8839258954678363 0.741810855263158 0.016142726608187066 0.01973684210526316
0 0.8713162463450292 0.7428160635964912 0.016142726608187066 0.01973684210526316
0 0.8797226790935674 0.7610910087719299 0.016142726608187066 0.01973684210526316
0 0.891966831140351 0.7599945175438597 0.016142726608187066 0.01973684210526316
0 0.8961700475146199 0.7409887609649123 0.016142726608187066 0.01973684210526316
0 0.9082923062865496 0.7397094298245614 0.016142726608187066 0.01973684210526316
0 0.9043326937134503 0.7584410635964912 0.016142726608187233 0.01973684210526316
0 0.9162113486842105 0.7572530153508771 0.016142726608187233 0.01973684210526316
0 0.9272067799707602 0.7561107456140351 0.015107273391812932 0.019462719298245612
0 0.9317754934210527 0.7370134320175439 0.015107273391812932 0.019462719298245612
0 0.920140442251462 0.738109923245614 0.015107273391812765 0.019462719298245612
0 0.9433495065789473 0.7361910635964912 0.015107273391812765 0.019462719298245612
0 0.938719937865497 0.7546485745614034 0.015107273391812932 0.019462719298245612
0 0.9757265168128655 0.7323991228070176 0.014193530701754452 0.01918859649122807
0 0.9650052083333335 0.7336784539473684 0.014193530701754288 0.01918859649122807
0 0.9542838998538011 0.735140350877193 0.014193530701754452 0.01918859649122807
0 0.9498370796783626 0.753232456140351 0.014193530701754288 0.01918859649122807
0 0.9606800986842104 0.7521359649122807 0.014193530701754452 0.01918859649122807
0 0.9710967653508771 0.7508566337719298 0.014193530701754452 0.01918859649122807
0 0.9914429824561404 0.7480699013157894 0.013706140350877194 0.018548793859649044
0 0.9813309576023392 0.7492576754385964 0.013706140350877194 0.01854879385964917
0 0.9857779605263157 0.7312568530701756 0.013706140350877194 0.01854879385964917
0 0.8755650584795321 0.7796968201754386 0.01653874269005848 0.01953125
0 0.8629097222222223 0.7809989035087719 0.01653874269005848 0.01953125
0 0.8877635233918129 0.7787373903508771 0.01653874269005848 0.01953125
0 0.8997792397660819 0.7771611842105263 0.01653874269005848 0.01953125
0 0.8503457602339182 0.7822324561403509 0.01653874269005848 0.01953125
0 0.8372792397660819 0.7835345394736841 0.01653874269005848 0.01953125
0 0.9343035453216374 0.7727182017543861 0.015046418128655108 0.01836622807017544
0 0.923095029239766 0.7741800986842104 0.015046418128654942 0.01836622807017544
0 0.9115210160818713 0.7754594298245615 0.015046418128654942 0.01836622807017544
0 0.945329495614035 0.7713475877192983 0.015046418128654942 0.01836622807017544
0 0.9767925804093568 0.7669158442982454 0.014132675438596627 0.018092105263157895
0 0.9666805555555555 0.7681951754385966 0.01413267543859646 0.018092105263157895
0 0.9561419956140351 0.769657072368421 0.014132675438596627 0.018092105263157895
0 0.9871483918128655 0.7651798245614037 0.01413267543859646 0.018092105263157895
0 0.7964807200292399 0.7866526864035086 0.017056469298245548 0.01973684210526316
0 0.8102477156432748 0.7854649122807019 0.017056469298245548 0.01973684210526316
0 0.8238930007309941 0.7842771381578948 0.017056469298245548 0.01973684210526316
0 0.753595668859649 0.7899878015350877 0.01742196637426894 0.019097313596491205
0 0.7682764071637427 0.7889825932017545 0.017421966374269106 0.019097313596491205
0 0.7824088998538011 0.788068941885965 0.01742196637426894 0.019097313596491205
0 0.7718703399122807 0.769976836622807 0.017421966374269106 0.019097313596491205
0 0.757189601608187 0.7704337993421052 0.01742196637426894 0.01909731359649133
0 0.7421433662280703 0.7714390076754387 0.017421966374269023 0.019097313596491205
0 0.7390974963450291 0.7908104440789473 0.01742196637426894 0.019097313596491205
0 0.7240512609649123 0.791724095394737 0.017421966374269023 0.019097313596491205
0 0.7269449013157895 0.7723068804824563 0.0174830043859649 0.01937143640350875
0 0.730234375 0.7518389528508772 0.0174830043859649 0.01937143640350875
0 0.7604792580409357 0.7501943530701756 0.017300255847953284 0.019919407894736764
0 0.7753427448830409 0.7494632675438596 0.017300255847953284 0.01991940789473689
0 0.7453719846491228 0.7509251644736843 0.0173002558479532 0.01991940789473689
0 0.9244960709064327 0.719172697368421 0.01529002192982463 0.019462719298245612
0 0.9361311220760234 0.7186244517543859 0.015290021929824463 0.019462719298245612
0 0.9474615314327485 0.7172538377192983 0.015290021929824463 0.019462719298245612
0 0.9586091922514619 0.7163401864035086 0.015290021929824463 0.019462719298245612
0 0.9125565606725148 0.7205433114035087 0.015290021929824463 0.019462719298245612
0 0.9003732638888888 0.7214569627192982 0.01529002192982463 0.019462719298245612
0 0.8623006213450293 0.7244268092105265 0.016508406432748673 0.020102521929824643
0 0.8755193713450292 0.7236044407894737 0.016508406432748507 0.020102521929824643
0 0.888311769005848 0.7224166666666666 0.016508406432748507 0.020102521929824643
0 0.8493254751461989 0.7253407346491229 0.016508406432748673 0.020102521929824514
0 0.8356193347953217 0.7259802631578948 0.016508406432748673 0.020102521929824643
0 0.7933130482456142 0.7287669956140352 0.01730007309941507 0.020559210526315787
0 0.8076282894736841 0.7280359100877193 0.017300073099415236 0.020559210526315787
0 0.8218218201754387 0.727030701754386 0.01730007309941507 0.020559210526315787
0 0.7788150584795321 0.7294978070175439 0.017300073099415236 0.020559210526315787
0 0.7487528326023392 0.7305945723684212 0.017970211988304025 0.020741776315789398
0 0.7333411001461989 0.7309599780701753 0.01797021198830411 0.02074177631578952
0 0.7639819992690058 0.7300463267543861 0.017970211988304192 0.020741776315789398
0 0.9801354166666667 0.7140328947368423 0.014391447368421052 0.01864035087719298
0 0.9695360014619883 0.7152664473684212 0.014391447368421052 0.01864035087719298
0 0.8085013706140352 0.8823748629385965 0.017300255847953284 0.019097313596491205
0 0.7946733369883041 0.8840195997807019 0.017300255847953284 0.019097313596491205
0 0.8222075109649124 0.8804560032894737 0.017300255847953284 0.019097313596491205
0 0.8351218019005848 0.8792682291666666 0.017300255847953118 0.019097313596491205
0 0.8312232273391813 0.8963551260964913 0.017300255847953284 0.019097313596491205
0 0.8176998355263159 0.8983652686403508 0.017300255847953284 0.01909731359649133
0 0.8041155884502924 0.9001928453947369 0.017300255847953118 0.019097313596491205
0 0.7907140899122808 0.9017462993421053 0.017300255847953284 0.019097313596491205
0 0.7985722770467837 0.866475740131579 0.017300255847953284 0.019097313596491205
0 0.8124003106725147 0.8648310032894737 0.017300255847953118 0.019097313596491205
0 0.8261064510233918 0.8627065515350878 0.017300255847953118 0.019097313596491205
0 0.8396298428362574 0.8609247532894737 0.017300255847953118 0.019097313596491205
0 0.8528334247076024 0.859005893640351 0.017300255847953118 0.019097313596491205
0 0.8483255665204678 0.8769151589912278 0.017300255847953284 0.01909731359649133
0 0.8439396016081872 0.8941848958333332 0.017300255847953284 0.01909731359649133
0 0.8653820358187134 0.8574524396929823 0.017300255847953118 0.01909731359649133
0 0.8612243238304094 0.8748363486842105 0.017056469298245548 0.01973684210526316
0 0.8567164656432749 0.8920148026315791 0.017056469298245548 0.01973684210526316
0 0.8736512244152047 0.8730090460526315 0.017056469298245548 0.01973684210526316
0 0.869265259502924 0.8901873629385965 0.015838267543859717 0.018457510964912303
0 0.8814485562865497 0.8882685032894737 0.01583826754385955 0.018457510964912303
0 0.8933880665204679 0.8858926809210526 0.015838267543859717 0.01845751096491218
0 0.9051448282163743 0.8837909813596491 0.015838267543859717 0.018457510964912303
0 0.8859562317251461 0.8705418037280701 0.015838267543859717 0.01845751096491218
0 0.898078490497076 0.8685316611842105 0.01583826754385955 0.018457510964912303
0 0.8779152960526316 0.8552824835526316 0.015838267543859717 0.018457510964912303
0 0.9166275584795323 0.8816437774122807 0.015229166666666802 0.018183388157894633
0 0.9096831140350878 0.8667498629385965 0.015229166666666802 0.01818338815789476
0 0.9212571271929826 0.864648163377193 0.015229166666666636 0.018183388157894633
0 0.9325266812865498 0.8623638980263156 0.015229166666666802 0.01818338815789476
0 0.9433697002923978 0.8605363212719298 0.015229166666666636 0.018183388157894633
0 0.9278360745614035 0.8794507949561404 0.015229166666666636 0.018183388157894633
0 0.939044590643275 0.8772578125 0.015229166666666636 0.018183388157894633
0 0.9599999086257309 0.8727805646929825 0.01437627923976615 0.017452576754385943
0 0.9495223866959065 0.8749735471491229 0.014376279239765984 0.017452576754385943
0 0.9541519554093566 0.858069216008772 0.01437627923976615 0.017452576754386065
0 0.964751370614035 0.8558762335526315 0.01437627923976615 0.017452576754386065
0 0.97498528874269 0.853866091008772 0.01437627923976615 0.017452576754385943
0 0.9703557200292399 0.8706788651315789 0.014376279239765984 0.017452576754386065
0 0.9803460343567252 0.8683945997807018 0.01437627923976615 0.017452576754385943
0 0.9902144554093568 0.8662016173245615 0.01437627923976615 0.017452576754385943
0 0.9850668859649121 0.8514904057017544 0.013706140350877194 0.01781798245614035
0 0.948029879385965 0.843220942982456 0.014680738304093499 0.018457785087719378
0 0.9587511878654971 0.8411192434210526 0.014680738304093666 0.018457785087719378
0 0.9694114583333333 0.8389262609649122 0.014680738304093499 0.018457785087719378
0 0.979706231725146 0.8368245614035087 0.014680738304093499 0.018457785087719253
0 0.9897574013157893 0.8347228618421053 0.014680738304093499 0.018457785087719253
0 0.9371258223684209 0.8451395285087719 0.014680738304093499 0.018457785087719253
0 0.9257954130116958 0.8474237938596492 0.014680738304093499 0.018457785087719253
0 0.914343110380117 0.8496167763157895 0.014680738304093666 0.018457785087719253
0 0.8904945175438596 0.853180783991228 0.01608187134502924 0.018731633771929847
0 0.9026778143274854 0.8513532072368422 0.01608187134502924 0.018731633771929723
0 0.7516970029239766 0.8892963267543859 0.017178362573099414 0.018229166666666664
0 0.7662255116959066 0.8877886513157894 0.017178362573099414 0.018229166666666664
0 0.7805712719298246 0.8861439144736841 0.017178362573099414 0.018229166666666664
0 0.7767335526315791 0.9039618969298245 0.017178362573099414 0.018229166666666664
0 0.7625705409356726 0.9053325109649122 0.017178362573099414 0.018229166666666664
0 0.7481334064327486 0.9071143092105263 0.017178362573099414 0.018229166666666664
0 0.7369857456140352 0.8906669407894736 0.017178362573099414 0.018229166666666664
0 0.733422149122807 0.9086219846491227 0.017178362573099414 0.018229166666666664
0 0.7186652046783626 0.9098555372807016 0.018000730994152045 0.018777412280701754
0 0.722046052631579 0.8920375548245614 0.018000730994152045 0.018777412280701754
0 0.7552149122807018 0.8714098135964912 0.017635233918128653 0.01918859649122807
0 0.7700175438596492 0.8694909539473683 0.017635233918128653 0.01918859649122807
0 0.7842719298245614 0.8679832785087718 0.017635233918128653 0.01918859649122807
0 0.7404122807017544 0.8726433662280701 0.017635233918128653 0.01918859649122807
0 0.7251527777777778 0.8741510416666666 0.017635233918128653 0.01918859649122807
0 0.7729415204678364 0.9204777960526314 0.017086988304093567 0.018092105263157895
0 0.7590526315789474 0.9219854714912279 0.017086988304093567 0.018092105263157895
0 0.7447068713450293 0.9239043311403508 0.017086988304093567 0.018092105263157895
0 0.7868304093567252 0.9189701206140349 0.017086988304093567 0.018092105263157895
0 0.8005365497076024 0.9166400767543857 0.017086988304093567 0.018092105263157895
0 0.8136944444444445 0.9149953399122805 0.017086988304093567 0.018092105263157895
0 0.8269437134502925 0.9130764802631577 0.017086988304093567 0.018092105263157895
0 0.8397361111111111 0.9111576206140349 0.017086988304093567 0.018092105263157895
0 0.8887278874269006 0.9024772478070175 0.015533625730994151 0.01781798245614035
0 0.877031980994152 0.9045331688596492 0.015533625730994151 0.01781798245614035
0 0.8647878289473684 0.9067261513157894 0.015533625730994151 0.01781798245614035
0 0.8522695540935672 0.9090561951754386 0.015533625730994151 0.01781798245614035
0 0.900515168128655 0.9002842653508771 0.015533625730994151 0.01781798245614035
0 0.9117542032163742 0.8980912828947368 0.015533625730994151 0.01781798245614035
0 0.9230846125730994 0.8958983004385964 0.015533625730994151 0.01781798245614035
0 0.9341408991228068 0.8934311951754386 0.015533625730994151 0.01781798245614035
0 0.9656650219298244 0.8870349506578947 0.014071637426900586 0.017452576754385943
0 0.9553702485380116 0.8891366502192982 0.014071637426900586 0.017452576754385943
0 0.9448927266081871 0.8913296326754385 0.014071637426900586 0.017452576754385943
0 0.9758991228070174 0.8845678453947369 0.014071637426900586 0.017452576754385943
0 0.9855847953216373 0.8822835800438595 0.014071637426900586 0.017452576754385943
0 0.7154822733918128 0.9266913377192983 0.017726608187134504 0.01781798245614035
0 0.7299802631578948 0.9254120065789473 0.017726608187134504 0.01781798245614035
0 0.8642852704678362 0.9858333333333336 0.016721491228070175 0.016858552631578948
0 0.8516756213450292 0.9881633771929826 0.016721491228070175 0.016858552631578948
0 0.839157346491228 0.9906304824561404 0.016721491228070175 0.016858552631578948
0 0.8765294225146197 0.983092105263158 0.016721491228070175 0.016858552631578948
0 0.8882253289473684 0.9805337171052633 0.016721491228070175 0.016858552631578948
0 0.8997993421052631 0.9779753289473685 0.016721491228070175 0.016858552631578948
0 0.9284148391812864 0.9844398300438596 0.015350877192982457 0.016538651315789372
0 0.9174499269005848 0.9871810581140351 0.015350877192982457 0.016538651315789372
0 0.9063631213450292 0.9897394462719298 0.015350877192982457 0.016538651315789497
0 0.9114192251461988 0.9753022203947369 0.015350877192982457 0.016538651315789497
0 0.9224449926900584 0.972743832236842 0.015350877192982457 0.016538651315789497
0 0.9494004020467834 0.9788203125 0.01480263157894737 0.016264528508771827
0 0.9389837353801168 0.9815615405701755 0.01480263157894737 0.016264528508771827
0 0.9333793859649122 0.9699570997807018 0.01480263157894737 0.016264528508771952
0 0.9441006944444443 0.9669417489035088 0.01480263157894737 0.016264528508771952
0 0.954456505847953 0.9642005208333333 0.01480263157894737 0.016264528508771952
0 0.9796758040935671 0.9695459155701756 0.014437134502923978 0.016356085526315768
0 0.9698073830409355 0.9726525493421051 0.014437134502923978 0.016356085526315893
0 0.9598170687134502 0.9754850603070175 0.014437134502923978 0.016356085526315768
0 0.9651167763157894 0.9611393914473683 0.014437134502923978 0.016356085526315893
0 0.9750460526315791 0.9582153234649122 0.014437134502923978 0.016356085526315768
0 0.9846708698830409 0.9552912554824561 0.014437134502923978 0.016356085526315768
0 0.9893614766081871 0.9666215734649123 0.014437134502923978 0.016356085526315768
0 0.9893614766081871 0.9666215734649123 0.014437134502923978 0.016356085526315768
0 0.97434557748538 0.9842113486842103 0.014071637426900586 0.01631030701754386
0 0.9838485014619882 0.9810589364035086 0.014071637426900586 0.01631030701754386
0 0.9643857821637425 0.9873637609649121 0.014071637426900586 0.01631030701754386
0 0.954456505847953 0.9902878289473684 0.014071637426900586 0.01631030701754386
0 0.9883259320175437 0.9917726151315789 0.014010782163742758 0.015990405701754286
0 0.9931883223684211 0.978294956140351 0.013623355263157815 0.015899122807017545
0 0.8415332602339181 0.03937033991228071 0.013523391812865496 0.02357456140350877
0 0.8426297514619883 0.018399945175438595 0.013523391812865496 0.023574561403508772
0 0.8553307748538012 0.02210060307017544 0.013523391812865496 0.023574561403508772
0 0.8544170321637427 0.042933936403508774 0.013523391812865496 0.02357456140350877
0 0.8669353070175437 0.046908717105263155 0.013523391812865496 0.023574561403508772
0 0.8679404239766081 0.02593832236842105 0.013523391812865496 0.023574561403508772
0 0.8296546052631578 0.01442516447368421 0.013523391812865496 0.023574561403508772
0 0.8287408625730994 0.0359438048245614 0.013523391812865496 0.02357456140350877
0 0.8276443713450292 0.05773656798245614 0.013523391812865496 0.023574561403508772
0 0.8406195175438597 0.06102604166666666 0.013523391812865496 0.023574561403508772
0 0.8535032894736841 0.06513788377192982 0.013523391812865496 0.023574561403508772
0 0.8661129385964912 0.06829029605263158 0.013523391812865496 0.023574561403508772
0 0.8802759502923976 0.02991310307017544 0.013523391812865496 0.02357456140350877
0 0.879453581871345 0.05047231359649123 0.013523391812865496 0.023574561403508772
0 0.8784484649122807 0.07221929824561403 0.013523391812865496 0.02357456140350878
0 0.8905098684210526 0.07532593201754385 0.013523391812865496 0.023574561403508772
0 0.8913627558479532 0.054127192982456135 0.013523391812865496 0.023574561403508772
0 0.8925811403508772 0.033842105263157896 0.013523391812865496 0.02357456140350877
0 0.9150591191520469 0.061939692982456135 0.012183296783625798 0.023026315789473693
0 0.9032413194444444 0.05810197368421052 0.012183296783625631 0.023026315789473686
0 0.9043378106725145 0.03799972587719298 0.012183296783625631 0.02302631578947368
0 0.9157901133040937 0.0418374451754386 0.012183296783625798 0.02302631578947368
0 0.9273641264619883 0.045858004385964914 0.012183296783625631 0.02302631578947368
0 0.9263895285087719 0.06632593201754386 0.012183296783625798 0.023026315789473686
0 0.9021450109649122 0.07948382675438596 0.012183296783625798 0.023026315789473686
0 0.9139628106725145 0.08332154605263156 0.012183296783625631 0.023026315789473686
0 0.9592841739766084 0.07738199013157894 0.010964912280701754 0.02320915570175439
0 0.9375979532163742 0.06970655153508772 0.010964912280701754 0.02320915570175439
0 0.94868475877193 0.07390967653508772 0.010964912280701754 0.023209155701754393
0 0.9385727339181287 0.04996970942982456 0.010964912280701754 0.02320915570175439
0 0.9494157529239768 0.05344202302631578 0.010964912280701754 0.02320915570175439
0 0.9601370614035087 0.05764514802631578 0.010964912280701754 0.02320915570175439
0 0.9707364766081871 0.061848273026315785 0.010964912280701754 0.023209155701754393
0 0.9697618786549709 0.08140227521929824 0.010964912280701754 0.02320915570175438
0 0.9799957967836258 0.08542283442982455 0.010964912280701754 0.023209155701754393
0 0.9812141812865498 0.0656859923245614 0.010964912280701754 0.023209155701754393
0 0.9910826023391814 0.06952371162280702 0.010964912280701754 0.023209155701754393
0 0.9903516081871346 0.08926055372807018 0.010964912280701754 0.023209155701754393
0 0.9581573464912281 0.09807839912280704 0.011147660818713451 0.02275219298245614
0 0.947375182748538 0.09437774122807019 0.011147660818713451 0.02275219298245614
0 0.9365016447368422 0.09067708333333334 0.011147660818713451 0.02275219298245614
0 0.925171235380117 0.08711348684210528 0.011147660818713451 0.02275219298245614
0 0.9688481359649124 0.10177905701754386 0.011147660818713451 0.02275219298245614
0 0.9790820540935672 0.10534265350877194 0.011147660818713451 0.02275219298245614
0 0.9889961622807018 0.10918037280701755 0.01069078947368421 0.022478070175438594
0 0.8523002558479532 0.08629111842105264 0.013249269005847953 0.023848684210526314
0 0.8395992324561404 0.08272752192982456 0.013249269005847953 0.023848684210526314
0 0.826532711988304 0.07943804824561405 0.013249269005847953 0.023848684210526327
0 0.865001279239766 0.08971765350877194 0.013249269005847953 0.023848684210526314
0 0.8772454312865496 0.09300712719298246 0.013249269005847953 0.023848684210526314
0 0.8893068347953217 0.09643366228070176 0.013249269005847953 0.023848684210526314
0 0.8131006944444444 0.0757373903508772 0.013249269005847953 0.023848684210526327
0 0.9351767178362572 0.11055098684210528 0.011421783625730994 0.02275219298245614
0 0.9241204312865497 0.10685032894736843 0.011421783625730994 0.02275219298245614
0 0.9008656798245613 0.10033991228070177 0.012609649122807017 0.023985745614035086
0 0.9123788377192982 0.10349232456140353 0.012609649122807017 0.023985745614035086
0 0.9675688961988305 0.12137883771929826 0.011147660818713451 0.02275219298245614
0 0.9570608552631579 0.11767817982456141 0.011147660818713451 0.02275219298245614
0 0.9464614400584797 0.11411458333333334 0.011147660818713451 0.02275219298245614
0 0.9878996710526315 0.1285060307017544 0.01069078947368421 0.022478070175438594
0 0.9779398757309941 0.12494243421052632 0.01069078947368421 0.022478070175438594
0 0.8019530336257309 0.02872532894736842 0.013980263157894737 0.024671052631578948
0 0.8153850511695906 0.03228892543859649 0.013980263157894737 0.024671052631578944
0 0.7882468932748536 0.02529879385964912 0.013980263157894737 0.024671052631578948
0 0.8144713084795321 0.05435581140350877 0.013980263157894737 0.024671052631578948
0 0.8009479166666666 0.050792214912280705 0.013980263157894737 0.024671052631578948
0 0.7875158991228071 0.047502741228070175 0.013980263157894737 0.024671052631578948
0 0.7733528874269004 0.0439391447368421 0.013980263157894737 0.024671052631578944
0 0.786236659356725 0.0692955043859649 0.013980263157894737 0.024671052631578958
0 0.7999427997076023 0.07285910087719298 0.013980263157894737 0.024671052631578958
0 0.7723477704678362 0.0660060307017544 0.013980263157894737 0.024671052631578958
0 0.7742666301169591 0.021735197368421052 0.013980263157894737 0.024671052631578948
0 0.7591898757309941 0.041118421052631575 0.013980263157894737 0.024671052631578948
0 0.7582761330409357 0.06318530701754387 0.013980263157894737 0.024671052631578948
0 0.7601036184210526 0.018503289473684213 0.013980263157894737 0.024671052631578948
0 0.7447679093567251 0.03806825657894737 0.014619883040935672 0.024808114035087717
0 0.730330774853801 0.03464172149122807 0.014619883040935672 0.024808114035087717
0 0.7295084064327485 0.05725685307017544 0.014619883040935672 0.02480811403508772
0 0.7438541666666665 0.05999808114035087 0.014619883040935672 0.02480811403508772
0 0.7456816520467835 0.015316063596491227 0.014619883040935672 0.02480811403508772
0 0.7312293494152047 0.012123903508771931 0.014894005847953216 0.024247807017543862
0 0.9904336622807018 0.7128840460526316 0.01411732456140351 0.018914473684210526
0 0.9446736111111113 0.9924076206140351 0.015229166666666636 0.015184758771929763
0 0.8949050621345029 0.9922249177631579 0.016325475146198927 0.015550164473684172
0 0.8263134137426902 0.9921791392543859 0.017178362573099414 0.01564172149122811
0 0.7328808479532163 0.0012750822368421053 0.012655336257309942 0.0025501644736842105
0 0.7463357090643274 0.0029540844298245614 0.014254385964912197 0.005908168859649123
0 0.7606814692982454 0.004564555921052631 0.014619883040935672 0.009129111842105263
0 0.7749586988304092 0.006346354166666666 0.0144828216374269 0.012692708333333332
0 0.7890074926900584 0.008093887061403508 0.01425438596491228 0.016187774122807017
0 0.80278216374269 0.009772889254385964 0.013934576023391813 0.019545778508771927
0 0.8164426169590643 0.011486156798245613 0.01411732456140351 0.022972313596491226
0 0.9979456323099415 0.07226973684210526 0.0041087353801169905 0.02110745614035088
0 0.9973060124269004 0.09200657894736843 0.005387975146198863 0.021655701754385966
0 0.9966663925438595 0.1120860745614035 0.006667214912280733 0.02206688596491228
0 0.996201845760234 0.13161746162280702 0.007596308479532165 0.022112664473684214
0 0.9977552083333333 0.1855282346491228 0.004489583333333335 0.02174725877192984
0 0.9967044042397661 0.20604166666666665 0.006591191520467837 0.02186129385964912
0 0.9957221308479534 0.22677234100877192 0.008555738304093568 0.022569353070175432
0 0.9946637426900585 0.24697752192982458 0.010672514619882974 0.022135416666666668
0 0.9995294225146198 0.2536592653508772 0.0009411549707601675 0.010142543859649123
0 0.9951815606725145 0.30964871162280705 0.009636878654970791 0.022660910087719276
0 0.9988060124269006 0.3317612390350878 0.0023879751461988318 0.020833333333333332
0 0.9976334064327486 0.3528686951754386 0.0047331871345028574 0.02138157894736842
0 0.9962856359649123 0.37339364035087724 0.0074287280701753715 0.021313048245614034
0 0.996265442251462 0.4437319078947368 0.007469115497076041 0.021518640350877194
0 0.9945293311403508 0.4644051535087719 0.010941337719298264 0.02124451754385965
0 0.9996006030701754 0.47266310307017545 0.0007987938596491401 0.006373355263157895
0 0.9980358187134502 0.4855241228070175 0.003928362573099433 0.021015899122807064
0 0.9963682383040935 0.505695038377193 0.0072635233918128825 0.020102247807017568
0 0.9956676717836258 0.5780863486842105 0.008664656432748457 0.019873903508771933
0 0.9936574378654972 0.597891721491228 0.012685124269005766 0.020559210526315787
0 0.9988200840643274 0.6006329495614035 0.002359831871344948 0.01288377192982456
0 0.9969469115497076 0.6170803179824561 0.006106176900584714 0.018914473684210526
0 0.9948453033625733 0.6362003837719298 0.010309393274853721 0.01932565789473684
0 0.9966727887426902 0.7120638706140352 0.006654422514619802 0.01864035087719298
0 0.9943580043859649 0.729790433114035 0.011283991228070193 0.019005756578947392
0 0.9993531615497075 0.7351814692982457 0.001293676900584745 0.0067615131578947826
0 0.9971601790935671 0.7467860471491229 0.005679641812865446 0.017909265350877217
0 0.9948453033625733 0.7639643640350878 0.010309393274853721 0.01864035087719298
0 0.9963682383040935 0.8328606085526317 0.0072635233918128825 0.017909265350877217
0 0.9937488121345031 0.8494906798245615 0.01250237573099407 0.01864035087719298
0 0.9986830226608188 0.8518665021929824 0.002633954678362492 0.00986842105263158
0 0.9963682383040935 0.864476014254386 0.0072635233918128825 0.0171784539473684
0 0.9939315606725146 0.8801011513157895 0.012136878654970679 0.018092105263157895
0 0.9988657711988306 0.881654331140351 0.0022684576023391002 0.008771929824561403
0 0.9934746893274855 0.9523316885964911 0.013050621345029158 0.017087171052631658
0 0.9983480445906433 0.9532454769736843 0.0033039108187133998 0.009777138157894714
0 0.9956676717836258 0.9648499177631578 0.008664656432748457 0.015807839912280804
0 0.9978911732456139 0.9766371984649123 0.00421765350877188 0.013249177631578846
0 0.9952413194444444 0.989201206140351 0.00951736111111106 0.015350877192982457
0 0.9793654057017543 0.9933214089912281 0.013462536549707669 0.013357182017543823
0 0.9705325292397663 0.9948290844298244 0.012487938596491197 0.01034183114035084
0 0.9610600328947368 0.9963824013157895 0.011939510233918225 0.007235197368420992
0 0.9517702850877193 0.9980271381578949 0.010782163742690058 0.003945723684210465
0 0.9429679276315789 0.9994433936403507 0.007919042397660917 0.0011132127192982864
0 0.9345920138888888 0.9937782346491228 0.014315241228070107 0.012443530701754326
0 0.924875822368421 0.9951944901315789 0.013401498538011794 0.009611019736842146
0 0.9142459795321637 0.9966108826754387 0.012244152046783625 0.006778234649122769
0 0.9034942434210526 0.998118558114035 0.011939510233918225 0.0037628837719297864
0 0.8929557748538013 0.999352110745614 0.0099901315789474 0.001295778508771892
0 0.8840619517543862 0.9935041118421052 0.014985380116959065 0.012991776315789414
0 0.8725183662280701 0.9947833059210526 0.015046235380117057 0.010433388157894777
0 0.8607006578947369 0.9961996984649122 0.013827850877193014 0.0076006030701754
0 0.8489133771929827 0.997341831140351 0.013401681286549678 0.005316337719298185
0 0.8364559576023394 0.9984383223684211 0.012975146198830409 0.003123355263157834
0 0.8133382675438597 0.9933670504385965 0.016812865497076022 0.013265899122806957
0 0.8001195175438596 0.9946462445175437 0.015716374269005847 0.010707510964912322
0 0.7872661732456141 0.9956056743421051 0.015594480994152145 0.008788651315789514
0 0.7732250548245614 0.9966565241228071 0.014924524853801238 0.006686951754385904
0 0.7594579678362574 0.9975703125 0.014315423976608156 0.004859374999999962
0 0.7452341008771929 0.9984383223684211 0.014254385964912363 0.003123355263157834
0 0.7308578216374269 0.9993063322368421 0.01425438596491228 0.0013873355263158303
