0 0.27988240131578945 0.20958621162280705 0.014741776315789459 0.028965734649122814
0 0.28414647295321643 0.22978001644736842 0.014741776315789459 0.028965734649122814
0 0.29498967470760235 0.22027700109649123 0.0147417763157895 0.028965734649122814
0 0.29090816885964915 0.2001747532894737 0.014741776315789459 0.028965734649122814
0 0.2760141630116959 0.19003220942982457 0.014741776315789459 0.028965734649122814
0 0.28688770102339184 0.18084909539473684 0.014741776315789459 0.028965734649122814
0 0.3022385782163743 0.19058045504385968 0.014741776315789459 0.028965734649122814
0 0.29785261330409357 0.17056949013157896 0.014741776315789459 0.028965734649122814
0 0.3133862390350877 0.18098615679824565 0.014741776315789459 0.028965734649122814
0 0.3091830226608187 0.1611122532894737 0.014741776315789459 0.028965734649122814
0 0.3062590460526316 0.21059141995614036 0.014741776315789459 0.028965734649122814
0 0.31777220394736844 0.20099712171052633 0.014741776315789459 0.028965734649122814
0 0.2885324378654971 0.2497909813596491 0.014741776315789459 0.028965734649122814
0 0.29922322733918133 0.2406078673245614 0.014741776315789459 0.028965734649122814
0 0.3105536366959064 0.23115063048245615 0.014741776315789459 0.028965734649122814
0 0.32215816885964915 0.22141927083333332 0.014741776315789459 0.028965734649122814
0 0.27217644371345034 0.17056949013157896 0.014741776315789459 0.028965734649122814
0 0.2828672331871345 0.1607010690789474 0.014741776315789459 0.028965734649122814
0 0.2942890168128655 0.15055852521929827 0.014741776315789459 0.028965734649122814
0 0.3052539290935673 0.141101288377193 0.014741776315789459 0.028965734649122814
0 0.2786792763157895 0.14148958333333334 0.014528508771929825 0.029468201754385966
0 0.2680798611111111 0.15163212719298247 0.014528508771929825 0.029468201754385966
0 0.2896441885964912 0.131484100877193 0.014528508771929825 0.029468201754385966
0 0.30088322368421055 0.12161567982456141 0.014528508771929825 0.029468201754385966
0 0.28571509502923975 0.11270668859649123 0.014528508771929825 0.029468201754385966
0 0.27520705409356727 0.12257510964912283 0.014528508771929825 0.029468201754385966
0 0.2646076388888889 0.1323064692982456 0.014528508771929825 0.029468201754385966
0 0.29695413011695904 0.10242708333333334 0.014528508771929825 0.029468201754385966
0 0.2677600511695907 0.08563706140350877 0.014071637426900586 0.02905701754385965
0 0.2781767178362573 0.07549451754385965 0.014071637426900586 0.02905701754385965
0 0.27132364766081873 0.10414035087719299 0.014071637426900586 0.02905701754385965
0 0.2892330043859649 0.06466666666666666 0.014071637426900586 0.02905701754385965
0 0.29307072368421055 0.08289583333333334 0.014071637426900586 0.02905701754385965
0 0.28174031432748536 0.09372368421052632 0.014071637426900586 0.02905701754385965
0 0.26090698099415205 0.11414583333333334 0.014071637426900586 0.02905701754385965
0 0.25725201023391814 0.09605372807017544 0.014071637426900586 0.02905701754385965
0 0.2853952850877193 0.046711622807017544 0.014071637426900586 0.02905701754385965
0 0.27479586988304094 0.0567171052631579 0.014071637426900586 0.02905701754385965
0 0.26401370614035086 0.06754495614035089 0.014071637426900586 0.02905701754385965
0 0.2536884137426901 0.07768749999999999 0.014071637426900586 0.02905701754385965
0 0.24994206871345032 0.05986951754385965 0.014071637426900586 0.02905701754385965
0 0.26054148391812865 0.04958991228070175 0.014071637426900586 0.02905701754385965
0 0.2712322733918129 0.038899122807017544 0.014071637426900586 0.02905701754385965
0 0.2820144371345029 0.028071271929824563 0.014071637426900586 0.02905701754385965
0 0.2676686769005848 0.02149232456140351 0.014071637426900586 0.02905701754385965
0 0.257343384502924 0.03232017543859649 0.014071637426900586 0.02905701754385965
0 0.24354586988304097 0.02485032894736842 0.013157894736842106 0.027001096491228067
0 0.24683534356725148 0.04239418859649123 0.013157894736842106 0.027001096491228067
0 0.25396253654970763 0.014981907894736841 0.013157894736842106 0.027001096491228067
0 0.369124634502924 0.11441995614035089 0.016325657894736813 0.029239583333333333
0 0.3573068347953217 0.12428837719298248 0.016325657894736813 0.029239583333333333
0 0.36492141812865503 0.09504851973684211 0.016325657894736854 0.029239583333333333
0 0.3531646564327485 0.10509978070175441 0.016325657894736854 0.029239583333333333
0 0.348656798245614 0.08591118421052632 0.016325657894736854 0.029239583333333333
0 0.3736933479532164 0.1338826754385965 0.016325657894736813 0.02923958333333332
0 0.3616927997076024 0.14320285087719298 0.016325657894736813 0.02923958333333332
0 0.36632236842105265 0.16330509868421056 0.016325657894736854 0.02923958333333335
0 0.37832291666666673 0.15320833333333334 0.01644736842105263 0.028782894736842105
0 0.3830743786549708 0.17303645833333328 0.01644736842105263 0.028782894736842105
0 0.37083022660818715 0.18263075657894737 0.01644736842105263 0.028782894736842105
0 0.37539894005847957 0.20264172149122806 0.01644736842105263 0.028782894736842105
0 0.3877039473684211 0.19332154605263158 0.01644736842105263 0.028782894736842105
0 0.392577302631579 0.213515350877193 0.01644736842105263 0.028782894736842105
0 0.3802418676900585 0.22292680921052632 0.01687372076023389 0.030427631578947366
0 0.38487143640350874 0.2433031798245614 0.016873720760233933 0.030427631578947366
0 0.39742023026315787 0.23416584429824563 0.016873720760233933 0.030427631578947366
0 0.40058781067251464 0.18322478070175438 0.017604714912280717 0.030153508771929825
0 0.4133193530701754 0.17381332236842104 0.017604714912280717 0.030153508771929825
0 0.4053392726608187 0.20424095394736844 0.017604714912280717 0.030153508771929825
0 0.41825356359649124 0.1951033442982456 0.017604714912280717 0.030153508771929825
0 0.3956536001461988 0.16303097587719295 0.017604714912280717 0.030153508771929825
0 0.4085068530701755 0.15343667763157895 0.017604714912280717 0.03015350877192981
0 0.42300502558479536 0.2154799890350877 0.017604714912280717 0.030153508771929825
0 0.41021244517543864 0.22498273026315788 0.017604714912280717 0.030153508771929825
0 0.3863638523391813 0.12337458881578947 0.016812865497076022 0.02978810307017543
0 0.3909934210526316 0.1436596765350877 0.016812865497076022 0.02978810307017543
0 0.40366410818713455 0.13379125548245613 0.016812865497076022 0.02978810307017543
0 0.3990953947368421 0.11387157346491228 0.016812865497076022 0.029788103070175445
0 0.3816123903508772 0.1040031524122807 0.016812865497076022 0.029788103070175445
0 0.39428307748538 0.09386060855263158 0.016812865497076022 0.029788103070175445
0 0.37716557017543867 0.08463171600877194 0.016812865497076022 0.029788103070175438
0 0.3897141812865498 0.07494586074561403 0.016812865497076022 0.029788103070175438
0 0.37277942251461993 0.06562568530701754 0.016812865497076064 0.029788103070175438
0 0.38520632309941527 0.05575726425438597 0.016812865497076022 0.029788103070175438
0 0.3642513706140351 0.028162691885964913 0.015959978070175414 0.02887417763157895
0 0.37619088084795327 0.01820298793859649 0.015959978070175455 0.02887417763157895
0 0.36854596125731 0.04707716557017543 0.016142726608187108 0.028143366228070177
0 0.3806073647660819 0.03702590460526316 0.016142726608187108 0.028143366228070177
0 0.3364126461988304 0.0308125 0.015350877192982457 0.028143092105263154
0 0.3479258040935672 0.020669956140350873 0.015350877192982457 0.028143092105263154
0 0.3406158625730994 0.04936156798245614 0.015350877192982457 0.028143092105263154
0 0.3520071271929825 0.03903618421052631 0.015350877192982457 0.028143092105263154
0 0.34463633040935676 0.06763623903508773 0.015350877192982457 0.028143092105263154
0 0.3563930921052632 0.05699122807017544 0.015350877192982457 0.028143092105263164
0 0.3606876827485381 0.07576864035087719 0.015350877192982457 0.028143092105263164
0 0.3325749269005848 0.01355592105263158 0.015107090643274841 0.02711184210526316
0 0.45352960526315794 0.11732346491228068 0.017361111111111112 0.028782894736842105
0 0.4665961257309942 0.1080032894736842 0.017361111111111112 0.028782894736842105
0 0.45855519005847956 0.1373344298245614 0.017361111111111112 0.028782894736842105
0 0.47153033625730995 0.12815131578947367 0.017361111111111112 0.028782894736842105
0 0.4487781432748538 0.09799780701754386 0.017361111111111112 0.028782894736842105
0 0.46147916666666666 0.08854057017543858 0.017361111111111112 0.028782894736842105
0 0.4634894005847953 0.1572083333333333 0.017361111111111112 0.028782894736842105
0 0.47646454678362576 0.14857346491228068 0.017361111111111112 0.028782894736842105
0 0.4815815058479532 0.16844736842105262 0.017361111111111112 0.028782894736842105
0 0.46842361111111114 0.17790460526315785 0.017361111111111112 0.028782894736842105
0 0.47344919590643275 0.19818969298245614 0.017361111111111112 0.028782894736842105
0 0.48660709064327484 0.189280701754386 0.017361111111111112 0.028782894736842105
0 0.4785661549707602 0.21874890350877194 0.017361111111111112 0.028782894736842105
0 0.49154130116959066 0.20997697368421056 0.017361111111111112 0.028782894736842105
0 0.496749634502924 0.2306732456140351 0.017361111111111112 0.028782894736842105
0 0.4835917397660819 0.23917105263157895 0.017361111111111112 0.028782894736842105
0 0.5107298976608188 0.22149013157894737 0.017361111111111112 0.028782894736842105
0 0.5243446637426901 0.21326644736842104 0.017361111111111112 0.028782894736842105
0 0.5054301900584796 0.2012050438596491 0.017361111111111112 0.028782894736842105
0 0.5186794590643274 0.19174780701754385 0.017361111111111112 0.028782894736842105
0 0.500313230994152 0.17941228070175436 0.017361111111111112 0.028782894736842105
0 0.5137452485380117 0.1705032894736842 0.017361111111111112 0.028782894736842105
0 0.4950135233918128 0.15857894736842104 0.017361111111111112 0.028782894736842105
0 0.5085369152046784 0.14980701754385964 0.017361111111111112 0.028782894736842105
0 0.48980519005847956 0.1382938596491228 0.017361111111111112 0.028782894736842105
0 0.5031458333333333 0.12938486842105262 0.017361111111111112 0.028782894736842105
0 0.48487097953216374 0.11814583333333332 0.017361111111111112 0.028782894736842105
0 0.4981202485380117 0.10937390350877191 0.017361111111111112 0.028782894736842105
0 0.4799367690058479 0.0982719298245614 0.017361111111111112 0.028782894736842105
0 0.4930032894736842 0.08963706140350876 0.017361111111111112 0.028782894736842105
0 0.47463706140350875 0.07908333333333334 0.017361111111111112 0.028782894736842094
0 0.4877949561403509 0.06976315789473685 0.017361111111111112 0.028782894736842094
0 0.46970285087719293 0.05989473684210526 0.017361111111111112 0.028782894736842094
0 0.4830434941520468 0.050300438596491234 0.017361111111111112 0.028782894736842105
0 0.4344780701754386 0.040911732456140354 0.017086988304093567 0.02809758771929825
0 0.44681359649122804 0.03200274122807018 0.017086988304093567 0.02809758771929825
0 0.4392295321637427 0.06010032894736843 0.017086988304093567 0.028097587719298236
0 0.45174780701754386 0.05078015350877193 0.017086988304093567 0.028097587719298246
0 0.4568647660818713 0.06969462719298246 0.017086988304093567 0.028097587719298236
0 0.4437982456140351 0.0792889254385965 0.017086988304093567 0.028097587719298236
0 0.46006286549707603 0.021860197368421055 0.017086988304093567 0.02809758771929825
0 0.464905701754386 0.04118585526315789 0.017086988304093567 0.02809758771929825
0 0.47769809941520464 0.03172861842105264 0.017086988304093567 0.02809758771929825
0 0.42990935672514624 0.02295668859649123 0.017086988304093567 0.028097587719298246
0 0.442062134502924 0.014048793859649123 0.017086988304093567 0.028097587719298246
0 0.5397412280701753 0.07908333333333334 0.018183479532163743 0.028508771929824553
0 0.5527163742690058 0.07031140350877194 0.018183479532163743 0.028508771929824553
0 0.5448581871345028 0.09854605263157895 0.018183479532163743 0.02850877192982456
0 0.5581074561403508 0.08991118421052631 0.018183479532163743 0.02850877192982456
0 0.5346242690058479 0.06003179824561403 0.018183479532163743 0.028508771929824553
0 0.5475080409356725 0.05084868421052632 0.018183479532163743 0.02850877192982456
0 0.5503406432748538 0.11828289473684209 0.018183479532163743 0.02850877192982456
0 0.5634985380116958 0.10937390350877191 0.018183479532163743 0.02850877192982456
0 0.5294159356725145 0.04098026315789474 0.018183479532163743 0.028508771929824563
0 0.5684327485380116 0.12965899122807015 0.018183479532163743 0.02850877192982456
0 0.5554576023391813 0.13801973684210525 0.018183479532163743 0.02850877192982456
0 0.5605745614035087 0.15844188596491227 0.018183479532163743 0.02850877192982456
0 0.5740065789473684 0.14980701754385964 0.018183479532163743 0.02850877192982456
0 0.5793062865497075 0.17022916666666665 0.018183479532163743 0.02850877192982456
0 0.5657828947368421 0.17913815789473683 0.018183479532163743 0.02850877192982456
0 0.571173976608187 0.19901206140350874 0.018183479532163743 0.02850877192982456
0 0.5846059941520467 0.1910625 0.018183479532163743 0.02850877192982456
0 0.5765650584795321 0.22011951754385967 0.018183479532163743 0.02850877192982456
0 0.589905701754386 0.21175877192982456 0.018183479532163743 0.02850877192982456
0 0.5816820175438596 0.2412269736842105 0.018183479532163743 0.02850877192982456
0 0.5954795321637426 0.23245504385964913 0.018183479532163743 0.02850877192982456
0 0.5426195175438596 0.03200274122807018 0.018092105263157895 0.02727521929824562
0 0.5244360380116959 0.022545504385964914 0.018092105263157895 0.027275219298245612
0 0.5372284356725147 0.013637609649122806 0.018092105263157895 0.027275219298245612
0 0.5608029970760234 0.04173410087719298 0.018092105263157895 0.02727521929824562
0 0.5741436403508773 0.033099232456140354 0.018092105263157895 0.02727521929824562
0 0.566468201754386 0.06051151315789474 0.018092105263157895 0.027275219298245605
0 0.5557774122807018 0.02336787280701754 0.018092105263157895 0.027275219298245612
0 0.5687525584795321 0.014184758771929824 0.018092105263157895 0.027275219298245612
0 0.5793519736842105 0.0518766447368421 0.018092105263157895 0.027275219298245612
0 0.5714937865497076 0.08052247807017544 0.018092105263157895 0.027275219298245605
0 0.5851085526315789 0.07161348684210526 0.018092105263157895 0.027275219298245605
0 0.5774331140350877 0.10067050438596489 0.018092105263157895 0.027275219298245612
0 0.5906823830409357 0.09217269736842106 0.018092105263157895 0.027275219298245612
0 0.582641447368421 0.12081853070175438 0.018092105263157895 0.027275219298245612
0 0.5960734649122806 0.11204660087719298 0.018092105263157895 0.027275219298245612
0 0.5877584064327486 0.14055537280701752 0.018092105263157895 0.027275219298245612
0 0.6015559210526316 0.13205756578947367 0.018092105263157895 0.027275219298245612
0 0.5933322368421053 0.16138870614035086 0.018092105263157895 0.027275219298245612
0 0.6070383771929825 0.15330208333333334 0.018092105263157895 0.027275219298245612
0 0.5990888157894737 0.18181085526315785 0.018092105263157895 0.027275219298245612
0 0.6127949561403508 0.17358717105263155 0.018092105263157895 0.027275219298245612
0 0.6039316520467837 0.20278125 0.018092105263157895 0.027275219298245612
0 0.6179119152046784 0.1944205043859649 0.018092105263157895 0.027275219298245612
0 0.6097796052631579 0.22429989035087716 0.018092105263157895 0.027275219298245612
0 0.6236684941520468 0.21593914473684211 0.018092105263157895 0.027275219298245612
0 0.6306129385964911 0.06268174342105264 0.01827485380116959 0.026315789473684213
0 0.643953581871345 0.055006304824561404 0.01827485380116959 0.026315789473684213
0 0.6361867690058479 0.08187033991228071 0.01827485380116959 0.026315789473684213
0 0.6492532894736841 0.07405783991228071 0.01827485380116959 0.026315789473684213
0 0.6420347222222222 0.1014701206140351 0.01827485380116959 0.026315789473684213
0 0.654735745614035 0.09379468201754386 0.01827485380116959 0.026315789473684213
0 0.6471516812865498 0.12148108552631581 0.01827485380116959 0.026315789473684213
0 0.6608578216374268 0.11339446271929826 0.01827485380116959 0.026315789473684213
0 0.6529996345029239 0.14135498903508772 0.01827485380116959 0.026315789473684213
0 0.6662489035087719 0.1336795504385965 0.01827485380116959 0.026315789473684213
0 0.6714572368421052 0.15355345394736844 0.01827485380116959 0.026315789473684213
0 0.6636904239766082 0.18144544956140354 0.018457602339181287 0.028371710526315787
0 0.6581165935672515 0.16088623903508775 0.018457602339181287 0.028371710526315787
0 0.6773051900584796 0.173358826754386 0.018457602339181287 0.028371710526315787
0 0.6692642543859649 0.20186759868421053 0.018457602339181287 0.028371710526315787
0 0.6826048976608188 0.19419216008771933 0.018457602339181287 0.028371710526315787
0 0.67465533625731 0.22242680921052632 0.018457602339181287 0.028371710526315787
0 0.6879046052631579 0.21488843201754387 0.018457602339181287 0.028371710526315787
0 0.6934784356725145 0.23599588815789474 0.018457602339181287 0.028371710526315787
0 0.6798636695906434 0.24326014254385966 0.018457602339181287 0.028371710526315787
0 0.7073673245614036 0.22777220394736844 0.018457602339181287 0.028371710526315787
0 0.7211648391812866 0.21995970394736844 0.018457602339181287 0.028371710526315787
0 0.7020676169590643 0.20693887061403513 0.018457602339181287 0.028371710526315787
0 0.7154996345029241 0.19912637061403513 0.018457602339181287 0.028371710526315787
0 0.6965851608187135 0.18583141447368423 0.018457602339181287 0.028371710526315787
0 0.710108552631579 0.17829303728070178 0.018457602339181287 0.028371710526315787
0 0.6910113304093568 0.16568338815789474 0.018457602339181287 0.028371710526315787
0 0.7045347222222222 0.15787088815789474 0.018457602339181287 0.028371710526315787
0 0.6855288742690059 0.14471299342105265 0.018457602339181287 0.028371710526315787
0 0.6991436403508773 0.13690049342105265 0.018457602339181287 0.028371710526315787
0 0.6797722953216374 0.12456496710526317 0.018457602339181287 0.028371710526315787
0 0.693295687134503 0.11716365131578949 0.018457602339181287 0.028371710526315787
0 0.6742898391812866 0.10523930921052632 0.018457602339181287 0.028371710526315787
0 0.6876304824561404 0.09728974780701755 0.018457602339181287 0.028371710526315787
0 0.6252675438596491 0.04349314692982457 0.018731725146198832 0.026589912280701757
0 0.6384254385964911 0.03554358552631579 0.018731725146198832 0.026589912280701757
0 0.6197850877192982 0.025263980263157897 0.018731725146198832 0.026589912280701757
0 0.6329429824561402 0.016766173245614035 0.018731725146198832 0.026589912280701754
0 0.6518574561403507 0.02704577850877193 0.018731725146198832 0.026589912280701757
0 0.664923976608187 0.01923327850877193 0.018731725146198832 0.026589912280701754
0 0.6574312865497075 0.045960252192982456 0.018731725146198832 0.026589912280701757
0 0.6708633040935671 0.03855893640350878 0.018731725146198832 0.026589912280701757
0 0.6630051169590643 0.06542297149122808 0.018731725146198832 0.026589912280701754
0 0.6766198830409357 0.057747532894736844 0.018731725146198832 0.026589912280701754
0 0.6687616959064328 0.0848856907894737 0.018731725146198832 0.026589912280701754
0 0.6822850877192982 0.0770731907894737 0.018731725146198832 0.026589912280701754
0 0.7537976973684211 0.19002768640350876 0.01836622807017544 0.02754934210526316
0 0.7666814692982455 0.18262637061403508 0.01836622807017544 0.02754934210526316
0 0.759188779239766 0.2104498355263158 0.01836622807017544 0.02754934210526316
0 0.7484979897660818 0.16960553728070177 0.01836622807017544 0.02754934210526316
0 0.772438048245614 0.20332264254385965 0.01836622807017544 0.02754934210526316
0 0.7614731359649123 0.1630265899122807 0.01836622807017544 0.02754934210526316
0 0.743015533625731 0.15014281798245616 0.01836622807017544 0.02754934210526316
0 0.7560820540935672 0.143015625 0.01836622807017544 0.02754934210526316
0 0.7378072002923977 0.130405975877193 0.01836622807017544 0.02754934210526316
0 0.7511478435672514 0.12286759868421052 0.01836622807017544 0.02754934210526316
0 0.7325074926900584 0.11039501096491228 0.01836622807017544 0.02754934210526316
0 0.7455740131578946 0.10367900219298246 0.01836622807017544 0.02754934210526316
0 0.7271164108187135 0.09161759868421054 0.01836622807017544 0.02754934210526316
0 0.7397260599415205 0.08449040570175438 0.01836622807017544 0.02754934210526316
0 0.721359831871345 0.072703125 0.01836622807017544 0.02754934210526316
0 0.7342436038011696 0.064890625 0.01836622807017544 0.02754934210526316
0 0.7157860014619882 0.0536515899122807 0.01836622807017544 0.02754934210526316
0 0.7290352704678362 0.04625027412280702 0.01836622807017544 0.02754934210526316
0 0.7103035453216374 0.035011239035087724 0.01836622807017544 0.02754934210526316
0 0.7233700657894737 0.02802110745614035 0.01836622807017544 0.02754934210526316
0 0.7048210891812865 0.016233826754385967 0.01836622807017544 0.02754934210526316
0 0.7803724415204679 0.17543064692982455 0.01827485380116959 0.02668146929824563
0 0.7935303362573101 0.16830345394736843 0.01827485380116959 0.02668146929824563
0 0.7857330043859648 0.19626398026315786 0.01827485380116959 0.02668146929824563
0 0.7987691885964912 0.18950219298245613 0.01827485380116959 0.02668146929824563
0 0.7912154605263158 0.21654906798245616 0.01827485380116959 0.02668146929824563
0 0.8041297514619884 0.2088736293859649 0.01827485380116959 0.02668146929824563
0 0.7959669225146199 0.2362859100877193 0.01827485380116959 0.02668146929824563
0 0.8091248172514619 0.22934155701754386 0.01827485380116959 0.026681469298245594
0 0.7747680921052631 0.15569380482456138 0.01827485380116959 0.02668146929824563
0 0.7880478801169593 0.14874945175438595 0.01827485380116959 0.026681469298245594
0 0.7692856359649122 0.13595696271929822 0.01827485380116959 0.02668146929824563
0 0.7826871345029238 0.1284643640350877 0.01827485380116959 0.026681469298245594
0 0.7639248903508773 0.11548930921052632 0.01827485380116959 0.026681469298245615
0 0.7767172880116959 0.10836211622807018 0.01827485380116959 0.026681469298245615
0 0.7581988304093566 0.09538678728070174 0.01827485380116959 0.026681469298245615
0 0.7716003289473684 0.08935608552631578 0.01827485380116959 0.026681469298245615
0 0.7530818713450292 0.07692927631578947 0.018274853801169506 0.026681469298245615
0 0.7416906067251463 0.03882606907894737 0.01815314327485385 0.02613294956140351
0 0.7470511695906433 0.058014665570175435 0.01815314327485377 0.026132949561403503
0 0.7546048976608188 0.031516036184210526 0.01815314327485377 0.02613294956140351
0 0.7603309576023392 0.0507046326754386 0.018153143274853935 0.02613294956140351
0 0.7659353070175439 0.07025890899122807 0.01815314327485377 0.02613294956140351
0 0.7365736476608189 0.0198203125 0.01815314327485377 0.02613294956140351
0 0.7488786549707603 0.013066474780701755 0.01815314327485377 0.02613294956140351
0 0.7644732273391812 0.23057497258771928 0.018335709064327417 0.027229440789473678
0 0.7695901864035087 0.2507687774122807 0.018335709064327417 0.027229440789473678
0 0.7775702668128657 0.22381318530701752 0.018335709064327417 0.027229440789473678
0 0.7826263706140352 0.24364131030701758 0.018335709064327584 0.027229440789473706
0 0.18556112938596492 0.18145915570175442 0.012670504385964907 0.028143092105263175
0 0.195124908625731 0.17085964912280702 0.012670504385964928 0.028143092105263175
0 0.18909420687134507 0.2004649122807018 0.012670504385964928 0.028143092105263175
0 0.19841438230994154 0.19050520833333337 0.012670504385964928 0.028143092105263175
0 0.18245440423976605 0.16272752192982456 0.012670504385964907 0.028143092105263143
0 0.19177457967836256 0.15295038377192982 0.012670504385964907 0.028143092105263175
0 0.19238368055555558 0.21947094298245615 0.012670504385964928 0.028143092105263143
0 0.20182574926900584 0.20960252192982456 0.012670504385964928 0.028143092105263143
0 0.20548072002923976 0.22915652412280704 0.012670504385964928 0.028143092105263175
0 0.19561229897660817 0.23829413377192982 0.012670504385964928 0.028143092105263143
0 0.19951087353801172 0.2572998903508772 0.012670504385964928 0.028143092105263143
0 0.20925758406432748 0.2483453947368421 0.012670504385964886 0.028143092105263175
0 0.1764237024853801 0.12631469298245615 0.012305007309941515 0.02823464912280703
0 0.17946957236842104 0.14468092105263158 0.012305007309941536 0.02823464912280703
0 0.18872870979532166 0.13472121710526316 0.012305007309941536 0.028234649122807005
0 0.18550027412280695 0.11662911184210528 0.012305007309941515 0.02823464912280702
0 0.1732561220760234 0.10840542763157897 0.012305007309941536 0.02823464912280702
0 0.18281990131578946 0.09835416666666667 0.012305007309941515 0.02823464912280702
0 0.17051489400584796 0.09104440789473685 0.012305007309941536 0.02823464912280702
0 0.17946957236842104 0.08135882675438597 0.012305007309941536 0.028234649122807026
0 0.16509329312865498 0.05659621710526316 0.011574013157894731 0.026772478070175434
0 0.1674081688596491 0.0740485197368421 0.01157401315789475 0.026772478070175434
0 0.17416986476608187 0.046362116228070176 0.01157401315789475 0.02677247807017543
0 0.17685023757309942 0.06390597587719297 0.011574013157894731 0.026772478070175434
0 0.16241310307017545 0.04005729166666667 0.011574013157894731 0.02677247807017543
0 0.1716113852339181 0.02973190789473684 0.01157401315789475 0.026772478070175434
0 0.1597935855263158 0.023701206140350872 0.011574013157894731 0.026772478070175434
0 0.1689920504385965 0.013386239035087717 0.011574013157894731 0.026772478070175434
0 0.18105345394736844 0.01904111842105263 0.011574013157894731 0.026772478070175434
0 0.18367278874269005 0.035762609649122805 0.011574013157894731 0.02677247807017543
0 0.19332794225146196 0.02516351425438597 0.012731542397660804 0.027320997807017543
0 0.19613002558479534 0.04243325109649122 0.012731542397660804 0.027320997807017543
0 0.18638349780701755 0.053032757675438594 0.012731542397660804 0.027320997807017543
0 0.18936832967836256 0.0703937774122807 0.012731542397660825 0.027320997807017543
0 0.19929760599415206 0.05970298793859649 0.012731542397660844 0.027320997807017543
0 0.19545997807017546 0.10548149671052633 0.012609649122807017 0.02841748903508771
0 0.1922313596491228 0.0877547971491228 0.01260964912280704 0.028417489035087725
0 0.2022216739766082 0.07715556469298246 0.012609649122807017 0.028417489035087725
0 0.2054502923976608 0.0951561129385965 0.012609649122807017 0.028417489035087725
0 0.1986275584795322 0.12375644188596491 0.012609649122807017 0.028417489035087725
0 0.20861787280701757 0.11352234100877194 0.012609649122807017 0.028417489035087725
0 0.2018561769005848 0.14239679276315786 0.012609649122807017 0.028417489035087725
0 0.21190734649122808 0.13243708881578947 0.012609649122807017 0.028417489035087725
0 0.2088919956140351 0.17976864035087722 0.013279605263157924 0.028782894736842105
0 0.20523702485380116 0.16094544956140353 0.013279605263157924 0.028782894736842105
0 0.21912591374269003 0.16999150219298248 0.013279605263157924 0.028782894736842105
0 0.21547094298245612 0.1508029057017544 0.013279605263157924 0.028782894736842105
0 0.21604961622807017 0.2188311403508772 0.013584247076023407 0.02960526315789474
0 0.21209000365497077 0.19955126096491232 0.013584247076023365 0.02960526315789474
0 0.22250667032163743 0.18977412280701758 0.013584247076023365 0.02960526315789474
0 0.22658817616959062 0.20941968201754385 0.013584247076023407 0.02960526315789474
0 0.21964373172514617 0.23875082236842107 0.013584247076023407 0.02960526315789474
0 0.23018210891812868 0.22879084429824562 0.013584247076023365 0.02960526315789474
0 0.11036001461988304 0.21138418311403512 0.010782163742690058 0.02805180921052634
0 0.11840095029239765 0.2022468475877193 0.010782163742690058 0.02805180921052631
0 0.11352759502923976 0.2300245339912281 0.010782163742690058 0.02805180921052634
0 0.12150767543859649 0.22015611293859652 0.010782163742690058 0.02805180921052634
0 0.116390716374269 0.2487561677631579 0.010782163742690058 0.02805180921052631
0 0.1244925073099415 0.23952754934210527 0.010782163742690058 0.02805180921052631
0 0.10761878654970759 0.19356620065789476 0.010782163742690058 0.02805180921052634
0 0.11575109649122807 0.1835607182017544 0.010782163742690058 0.02805180921052634
0 0.11949744152046783 0.26716817434210527 0.010782163742690058 0.02805180921052634
0 0.1276297514619883 0.2582591831140351 0.010782163742690058 0.02805180921052634
0 0.1022887426900585 0.15786184210526316 0.010142543859649123 0.027275219298245612
0 0.10493859649122808 0.1756798245614035 0.010142543859649123 0.027275219298245612
0 0.11042105263157896 0.14826754385964913 0.010142543859649123 0.027275219298245612
0 0.112796783625731 0.166359649122807 0.010142543859649123 0.027275219298245612
0 0.09991301169590645 0.14059210526315788 0.010142543859649123 0.027275219298245612
0 0.10786257309941522 0.13072368421052633 0.010142543859649123 0.027275219298245612
0 0.09735453216374271 0.12373355263157895 0.010142543859649132 0.027275219298245612
0 0.10530409356725148 0.1137280701754386 0.010142543859649123 0.027275219298245612
0 0.0952529239766082 0.106875 0.010142543859649132 0.027275219298245612
0 0.10292836257309942 0.09673245614035088 0.010142543859649123 0.027275219298245612
0 0.0931513157894737 0.08960526315789474 0.010142543859649132 0.027275219298245612
0 0.10064400584795322 0.07959978070175439 0.010142543859649123 0.027275219298245612
0 0.08876535087719299 0.05725877192982457 0.009594298245614035 0.02617872807017544
0 0.09068421052631578 0.07398026315789474 0.009594298245614046 0.02617872807017544
0 0.09845102339181286 0.0634265350877193 0.009594298245614035 0.02617872807017544
0 0.09634941520467837 0.04739035087719298 0.009594298245614046 0.02617872807017544
0 0.08702923976608187 0.04135964912280702 0.009594298245614035 0.02617872807017544
0 0.09443055555555556 0.03149122807017544 0.009594298245614046 0.02617872807017544
0 0.08511038011695907 0.025871710526315792 0.009594298245614035 0.02617872807017544
0 0.09260307017543859 0.015455043859649123 0.009594298245614046 0.02617872807017544
0 0.11616228070175438 0.12096943530701752 0.010782163742690058 0.027503563596491237
0 0.12469060672514619 0.11064405153508772 0.010782163742690058 0.027503563596491223
0 0.11348190789473683 0.10324273574561404 0.010782163742690058 0.027503563596491223
0 0.12188834064327485 0.09364843750000001 0.010782163742690058 0.027503563596491223
0 0.11878161549707601 0.1387874177631579 0.010782163742690058 0.027503563596491223
0 0.12724908625730993 0.12846203399122808 0.010782163742690058 0.027503563596491237
0 0.12127923976608186 0.15633127741228067 0.010782163742690058 0.027503563596491223
0 0.12986842105263158 0.14646285635964912 0.010782163742690058 0.027503563596491223
0 0.12429459064327485 0.17469750548245613 0.010782163742690058 0.027503563596491223
0 0.1327923976608187 0.16469202302631578 0.010782163742690058 0.027503563596491223
0 0.12694444444444444 0.19320079495614034 0.010782163742690058 0.027503563596491223
0 0.13571637426900585 0.18319531249999998 0.010782163742690058 0.027503563596491223
0 0.13318841374269005 0.22975054824561403 0.011695906432748537 0.028782894736842105
0 0.14177759502923976 0.22029331140350877 0.011695906432748537 0.028782894736842105
0 0.1361123903508772 0.24866502192982456 0.011695906432748537 0.028782894736842105
0 0.14515844298245614 0.23893366228070173 0.011695906432748537 0.028782894736842105
0 0.13008168859649122 0.2109731359649123 0.011695906432748537 0.028782894736842105
0 0.1387622441520468 0.20137883771929824 0.011695906432748537 0.028782894736842105
0 0.10668987573099414 0.05273574561403509 0.010599415204678362 0.026726973684210526
0 0.11491355994152046 0.04218201754385965 0.010599415204678362 0.026726973684210526
0 0.10888285818713449 0.06973135964912282 0.010599415204678362 0.026726973684210526
0 0.11719791666666667 0.059177631578947364 0.010599415204678362 0.026726973684210526
0 0.11952796052631577 0.07644736842105264 0.010325292397660819 0.026726973684210526
0 0.11116721491228071 0.08617872807017543 0.010599415204678362 0.026726973684210526
0 0.10440551900584795 0.03711074561403509 0.010599415204678362 0.026726973684210526
0 0.11290332602339181 0.026282894736842106 0.010599415204678362 0.026726973684210526
0 0.03370084064327485 0.1736795504385965 0.008452119883040937 0.02617872807017544
0 0.04018841374269006 0.16442790570175436 0.008452119883040937 0.02617872807017544
0 0.03561970029239766 0.19101781798245615 0.008452119883040937 0.02617872807017544
0 0.04219864766081871 0.18183470394736842 0.008452119883040937 0.02617872807017544
0 0.031919042397660816 0.15675246710526317 0.008452119883040937 0.02617872807017544
0 0.038315241228070174 0.1471581688596491 0.008452119883040937 0.026178728070175423
0 0.04923446637426901 0.17196628289473684 0.008452119883040937 0.02617872807017544
0 0.04717854532163743 0.15483360745614033 0.008452119883040937 0.02617872807017544
0 0.05617891081871345 0.16257757675438594 0.008452119883040937 0.02617872807017544
0 0.05407730263157895 0.14510224780701755 0.008452119883040937 0.026178728070175423
0 0.03790405701754386 0.20801343201754385 0.008452119883040937 0.02617872807017544
0 0.04439163011695906 0.19883031798245615 0.008452119883040937 0.02617872807017544
0 0.04009703947368421 0.22542023026315788 0.008452119883040937 0.02617872807017544
0 0.04658461257309941 0.21678536184210526 0.008452119883040937 0.02617872807017544
0 0.04914309210526316 0.23391803728070173 0.008452119883040937 0.02617872807017544
0 0.042472770467836256 0.24337527412280702 0.008452119883040937 0.02617872807017544
0 0.0448485014619883 0.26078207236842105 0.008452119883040937 0.02617872807017544
0 0.0517015716374269 0.25242132675438594 0.008452119883040937 0.02617872807017544
0 0.047315606725146196 0.27887417763157896 0.008452119883040937 0.026452850877193013
0 0.05416867690058479 0.26996518640350875 0.008452119883040937 0.026178728070175464
0 0.05124470029239766 0.18951014254385964 0.008452119883040937 0.02617872807017544
0 0.0585546418128655 0.17991584429824561 0.008452119883040937 0.02617872807017544
0 0.0538031798245614 0.20677987938596493 0.008452119883040937 0.02617872807017544
0 0.06056487573099415 0.1981450109649123 0.008452119883040937 0.02617872807017544
0 0.05599616228070175 0.22500904605263156 0.008452119883040937 0.02617872807017544
0 0.06312335526315789 0.21568887061403508 0.008452119883040937 0.02617872807017544
0 0.05864601608187134 0.24337527412280702 0.008452119883040937 0.02617872807017544
0 0.06577320906432749 0.23405509868421054 0.008452119883040937 0.02617872807017544
0 0.06136440058479532 0.2609876644736842 0.009777046783625731 0.026726973684210526
0 0.06858296783625731 0.25207867324561406 0.009777046783625731 0.026726973684210526
0 0.02641374269005848 0.10731907894736843 0.0076754385964912285 0.02549342105263158
0 0.02811933479532164 0.12385773026315791 0.0076754385964912285 0.02549342105263158
0 0.0298859649122807 0.14103618421052633 0.0076754385964912285 0.02549342105263158
0 0.03274908625730995 0.09818174342105264 0.0076754385964912285 0.02549342105263158
0 0.034515533625730996 0.11426343201754388 0.0076754385964912285 0.02549342105263158
0 0.03640405701754386 0.13107648026315788 0.0076754385964912285 0.025493421052631596
0 0.024951754385964916 0.09141995614035088 0.0076754385964912285 0.02549342105263158
0 0.031226059941520466 0.08182565789473685 0.0076754385964912285 0.02549342105263158
0 0.02336787280701754 0.07616036184210527 0.0076754385964912285 0.02549342105263159
0 0.0297640716374269 0.06629194078947369 0.0076754385964912285 0.02549342105263159
0 0.019195175438596494 0.03047327302631579 0.007370979532163744 0.02457976973684211
0 0.020413559941520474 0.045550027412280696 0.007370979532163744 0.02457976973684211
0 0.021753654970760237 0.06062678179824562 0.007370979532163744 0.02457976973684211
0 0.027967105263157897 0.05112376644736842 0.007370979532163744 0.02457976973684211
0 0.026870614035087722 0.035772889254385966 0.007370979532163744 0.02457976973684211
0 0.025469480994152048 0.020878974780701755 0.007370979532163744 0.02457976973684211
0 0.01791593567251462 0.01603604714912281 0.007370979532163744 0.02457976973684211
0 0.034881122076023396 0.040889939692982456 0.008284539473684209 0.02567626096491228
0 0.033358278508771926 0.025996025219298245 0.008284539473684209 0.02567626096491228
0 0.040302722953216366 0.01548780153508772 0.008284539473684209 0.02567626096491228
0 0.04164281798245614 0.031021518640350874 0.008284539473684209 0.02567626096491228
0 0.03652585891812866 0.056697779605263156 0.008284539473684209 0.02567626096491228
0 0.04353115862573099 0.04582415021929824 0.008284539473684216 0.02567626096491228
0 0.037987847222222225 0.07287102521929824 0.008284539473684209 0.02567626096491227
0 0.04481039839181286 0.06190611293859649 0.008284539473684216 0.02567626096491227
0 0.039754477339181284 0.08849602521929824 0.008284539473684209 0.02567626096491227
0 0.046637883771929824 0.07780523574561403 0.008284539473684216 0.02567626096491227
0 0.04133817616959064 0.10393818530701754 0.008284539473684209 0.02567626096491227
0 0.048465369152046786 0.09406976425438596 0.008284539473684216 0.02567626096491227
0 0.043043951023391806 0.1208425164473684 0.008284539473684205 0.02567626096491227
0 0.050171144005847955 0.11060868969298246 0.008284539473684205 0.025676260964912285
0 0.04493229166666667 0.13783813048245613 0.008284539473684209 0.025676260964912285
0 0.0520594846491228 0.12751274671052631 0.008284539473684216 0.02567626096491227
0 0.10250621345029239 0.02083689692982456 0.0100968567251462 0.026384320175438594
0 0.4727599597953216 0.013377741228070176 0.017787463450292414 0.026755482456140352
0 0.0029161184210526317 0.2626133497807018 0.005832236842105263 0.027229440789473678
0 0.0006317616959064327 0.22551535087719302 0.0012635233918128655 0.01662993421052633
0 0.0017282529239766081 0.24337897478070178 0.0034565058479532162 0.023117598684210552
0 0.01652302631578947 0.006672149122807018 0.00761440058479532 0.013344298245614035
0 0.02156387061403509 0.002046326754385965 0.0033199926900584795 0.00409265350877193
0 0.024289839181286552 0.009333470394736842 0.007492690058479529 0.018666940789473684
0 0.03029002192982457 0.004136513157894737 0.005802266081871345 0.008273026315789474
0 0.03204897660818714 0.011817708333333333 0.008132309941520467 0.023635416666666666
0 0.039191520467836256 0.006380893640350878 0.00804093567251462 0.012761787280701755
0 0.11066136695906431 0.01154358552631579 0.010325292397660819 0.02308717105263158
0 0.1080266812865497 0.0037081962719298246 0.007218567251461989 0.007416392543859649
0 0.10051882309941519 0.009076480263157894 0.009929459064327496 0.01815296052631579
0 0.09069608918128653 0.006529331140350877 0.00941154970760234 0.013058662280701754
0 0.09638413742690058 0.0011154057017543858 0.002878289473684211 0.0022308114035087716
0 0.08308150584795321 0.011577850877192982 0.009228801169590644 0.023155701754385964
0 0.08097989766081871 0.0039024122807017544 0.00712719298245614 0.007804824561403509
0 0.15355646929824562 0.0023692434210526316 0.005116959064327486 0.004738486842105263
0 0.15754641812865497 0.010204495614035088 0.011147660818713451 0.020408991228070175
0 0.16683616593567255 0.004927631578947368 0.010721308479532149 0.009855263157894737
0 0.17841027046783628 0.008011513157894737 0.01193969298245613 0.016023026315789474
0 0.1860704495614035 0.0025748355263157897 0.00545193713450294 0.005149671052631579
0 0.19050210160818715 0.010889802631578948 0.012366045321637412 0.021779605263157895
0 0.235750365497076 0.0024928728070175436 0.006578947368421053 0.004985745614035087
0 0.2405018274853801 0.010887883771929823 0.0133406432748538 0.021775767543859646
0 0.25089565058479535 0.005782346491228071 0.012655336257309942 0.011564692982456142
0 0.26416776315789475 0.00886622807017544 0.013888888888888888 0.01773245614035088
0 0.2742646198830409 0.003589364035087719 0.009228801169590644 0.007178728070175438
0 0.2782394005847953 0.01232702850877193 0.014437134502923978 0.02465405701754386
0 0.3293327850877193 0.004651589912280702 0.013645102339181276 0.009303179824561403
0 0.34398309576023384 0.008397889254385966 0.015290021929824546 0.01679577850877193
0 0.3551003289473684 0.0033722587719298243 0.009259137426900575 0.0067445175438596485
0 0.3597908442982456 0.012052905701754386 0.015838267543859634 0.024105811403508773
0 0.3724310124269005 0.007072916666666666 0.015411732456140324 0.014145833333333331
0 0.42506259137426894 0.009311677631578948 0.016690972222222236 0.018623355263157896
0 0.43855546418128655 0.004560169956140351 0.014680738304093582 0.009120339912280702
0 0.45488103070175434 0.008854714912280702 0.017604897660818682 0.017709429824561404
0 0.46855674342105263 0.004148985745614036 0.014010782163742675 0.008297971491228072
0 0.5192389437134504 0.008740542763157895 0.017239217836257325 0.01748108552631579
0 0.5330974049707602 0.004171874999999999 0.014498172514619852 0.008343749999999999
0 0.5502453399122806 0.00906030701754386 0.018701206140350892 0.01812061403508772
0 0.5651089181286549 0.004445997807017544 0.015899122807017545 0.008891995614035088
0 0.6060750182748538 0.0007909813596491227 0.003776864035087704 0.0015819627192982454
0 0.6142073282163742 0.009928453947368422 0.0183357090643275 0.019856907894736844
0 0.6280352704678361 0.005816611842105264 0.016386330409356754 0.011633223684210528
0 0.6388783808479533 0.0017047697368421054 0.006639802631578962 0.003409539473684211
0 0.64621875 0.011116228070175439 0.018762061403508803 0.022232456140350878
0 0.6596202485380117 0.006867324561403509 0.017543859649122806 0.013734649122807018
0 0.7002513706140351 0.00515405701754386 0.015655519005847936 0.01030811403508772
0 0.7108050986842105 0.0018189418859649125 0.00660946637426899 0.003637883771929825
0 0.7175516264619883 0.011024945175438597 0.018396747076023377 0.022049890350877194
0 0.7308084795321638 0.007072916666666666 0.017498172514619884 0.014145833333333331
0 0.7446973684210527 0.0037149122807017543 0.014756944444444527 0.0074298245614035086
