0 0.5748775887573964 0.6481444078947368 0.02054561143984223 0.04517565789473686
0 0.5533457840236686 0.6477059210526316 0.02054561143984212 0.04517565789473686
0 0.5328001725838264 0.6472674342105263 0.02054561143984223 0.04517565789473679
0 0.5111039201183432 0.6472674342105263 0.02054561143984223 0.04517565789473679
0 0.5117614644970414 0.6913467105263158 0.02054561143984223 0.04517565789473679
0 0.5328001725838264 0.6926625000000001 0.02054561143984223 0.04517565789473679
0 0.5747133875739645 0.6928819078947369 0.02054561143984223 0.04517565789473679
0 0.553510231755424 0.6926625000000001 0.02054561143984223 0.04517565789473679
0 0.5965740877712031 0.6944167763157895 0.02054561143984223 0.04517565789473686
0 0.5960809911242604 0.6488026315789474 0.02054561143984223 0.04517565789473686
0 0.617941691321499 0.6501184210526316 0.02054561143984223 0.04517565789473686
0 0.6181061390532545 0.6939786184210527 0.02054561143984223 0.04517565789473686
0 0.6398023915187376 0.695075 0.02054561143984223 0.04517565789473686
0 0.6394737426035504 0.6496799342105264 0.02054561143984212 0.04517565789473686
0 0.6616630917159765 0.6505572368421053 0.02054561143984212 0.04517565789473686
0 0.6616630917159765 0.6955138157894736 0.02054561143984212 0.04517565789473686
0 0.6830306952662722 0.696610197368421 0.02054561143984223 0.04517565789473694
0 0.6836882396449705 0.6514342105263158 0.02054561143984223 0.04517565789473686
0 0.7058775887573965 0.6512148026315789 0.02054561143984223 0.04517565789473686
0 0.7048913954635109 0.6968292763157895 0.02054561143984223 0.04517565789473679
0 0.7282313856015779 0.6525305921052631 0.02054561143984223 0.04517565789473686
0 0.7485707593688364 0.6971855263157895 0.022435897435897436 0.0435861842105263
0 0.7269977810650888 0.6971855263157895 0.022435897435897436 0.0435861842105263
0 0.7502965976331363 0.6522838815789473 0.022435897435897436 0.0435861842105263
0 0.7722393984220908 0.6524483552631578 0.022435897435897436 0.0435861842105263
0 0.7706368343195268 0.6978434210526316 0.022435897435897436 0.0435861842105263
0 0.7922098126232743 0.69735 0.022435897435897436 0.0435861842105263
0 0.7945520216962526 0.6529417763157894 0.022435897435897436 0.0435861842105263
0 0.8167413708086786 0.6529417763157894 0.022435897435897436 0.0435861842105263
0 0.8142758875739646 0.6983368421052631 0.022435897435897436 0.0435861842105263
0 0.8356434911242604 0.6983368421052631 0.022435897435897436 0.0435861842105263
0 0.8570110946745563 0.6983368421052631 0.022435897435897436 0.0435861842105263
0 0.8379447731755424 0.6531608552631579 0.022435897435897436 0.043586184210526374
0 0.8601341222879685 0.6527223684210526 0.022435897435897436 0.0435861842105263
0 0.9000748274161735 0.6981449013157894 0.02383308678500984 0.04407927631578939
0 0.8787072238658777 0.6979254934210526 0.02383308678500984 0.04407927631578939
0 0.8819944526627219 0.6527495065789473 0.02383308678500984 0.044079276315789465
0 0.9033620562130178 0.6520916118421052 0.02383308678500984 0.044079276315789465
0 0.9245652120315582 0.6525300986842104 0.02383308678500984 0.044079276315789465
0 0.9211135355029587 0.6968287828947368 0.02383308678500984 0.04407927631578955
0 0.46927268244575937 0.6464996710526315 0.020545857988165696 0.04342171052631578
0 0.489982741617357 0.6471575657894737 0.020545857988165696 0.04342171052631578
0 0.4906402859960552 0.6910177631578948 0.020545857988165696 0.043421710526315854
0 0.47009467455621307 0.6912371710526316 0.020545857988165696 0.043421710526315854
0 0.5318524408284024 0.5404184210526316 0.02005251479289943 0.0429282894736842
0 0.5114710305719922 0.5404184210526316 0.020052514792899486 0.0429282894736842
0 0.4909254191321499 0.5401990131578948 0.020052514792899375 0.0429282894736842
0 0.47006632149901384 0.5401990131578948 0.020083333333333356 0.0429282894736842
0 0.44853451676528605 0.5397605263157895 0.0200833333333333 0.0429282894736842
0 0.4483700690335306 0.4952424342105264 0.020083333333333356 0.0429282894736842
0 0.46940877712031553 0.4952424342105264 0.020083333333333356 0.0429282894736842
0 0.48995438856015777 0.4952424342105264 0.0200833333333333 0.0429282894736842
0 0.5106644477317555 0.49480394736842104 0.0200833333333333 0.0429282894736842
0 0.5317031558185404 0.4950233552631579 0.020083333333333356 0.042928289473684274
0 0.5525776627218935 0.4950233552631579 0.020083333333333356 0.042928289473684274
0 0.5742739151873766 0.4952427631578947 0.020083333333333356 0.0429282894736842
0 0.5958057199211045 0.49546217105263146 0.020083333333333356 0.0429282894736842
0 0.5529063116370808 0.5399802631578948 0.020083333333333356 0.0429282894736842
0 0.5737808185404338 0.5408575657894737 0.020083333333333356 0.042928289473684274
0 0.5951484220907297 0.5406381578947369 0.020083333333333245 0.0429282894736842
0 0.6165981262327416 0.541296052631579 0.020083333333333245 0.0429282894736842
0 0.6167214003944773 0.4954075657894737 0.020083333333333245 0.0429282894736842
0 0.6386642011834319 0.4959009868421052 0.020083333333333245 0.0429282894736842
0 0.6380478303747535 0.541625 0.020083333333333245 0.0429282894736842
0 0.6598673570019724 0.5417894736842105 0.020083333333333245 0.0429282894736842
0 0.7055663214990139 0.49540690789473685 0.022682445759368838 0.045230921052631566
0 0.6614341715976332 0.4952424342105263 0.022682445759368838 0.045230921052631566
0 0.6832536982248522 0.4949134868421053 0.022682445759368838 0.045230921052631566
0 0.6820209566074952 0.5416243421052631 0.022682445759368838 0.045230921052631566
0 0.7043335798816569 0.5416243421052631 0.022682445759368838 0.045230921052631566
0 0.7261531065088758 0.5421177631578947 0.022682445759368838 0.045230921052631566
0 0.7278789447731756 0.49573585526315794 0.022682445759368838 0.045230921052631566
0 0.7508900394477318 0.49529736842105265 0.022682445759368838 0.045230921052631566
0 0.7722576429980277 0.49529736842105265 0.022682445759368838 0.045230921052631566
0 0.7954331854043394 0.49485888157894736 0.022682445759368838 0.045230921052631635
0 0.8171294378698225 0.49551677631578944 0.022682445759368838 0.045230921052631635
0 0.839647435897436 0.4950782894736842 0.022682445759368838 0.045230921052631566
0 0.8615081360946746 0.4959555921052631 0.022682445759368838 0.045230921052631566
0 0.8585495562130178 0.5426664473684211 0.022682445759368838 0.045230921052631635
0 0.8368533037475346 0.5426664473684211 0.022682445759368838 0.045230921052631635
0 0.8146639546351087 0.5422279605263157 0.022682445759368838 0.045230921052631566
0 0.7929677021696253 0.5422279605263157 0.022682445759368838 0.045230921052631566
0 0.7704497041420117 0.542008552631579 0.022682445759368838 0.045230921052631635
0 0.7487534516765286 0.5422279605263157 0.022682445759368838 0.045230921052631566
0 0.4068318540433925 0.4949409539473684 0.021203155818540435 0.04473717105263165
0 0.42741863905325445 0.4947764802631579 0.021203155818540435 0.04473717105263165
0 0.42840483234714005 0.5398425986842106 0.021203155818540435 0.04473717105263157
0 0.4076947731755424 0.540007072368421 0.021203155818540435 0.04473717105263157
0 0.3015557199211045 0.8009473684210526 0.021449704142011836 0.04194144736842104
0 0.2801881163708087 0.8009473684210526 0.021449704142011836 0.04194144736842104
0 0.2599711538461539 0.8006184210526316 0.021449704142011836 0.04194144736842104
0 0.23901454635108482 0.8006184210526316 0.021449704142011836 0.04194144736842104
0 0.24123348126232744 0.8423950657894738 0.021449704142011836 0.04194144736842104
0 0.2619435404339251 0.844039802631579 0.021449704142011836 0.04194144736842104
0 0.2829001479289941 0.8433819078947369 0.021449704142011836 0.04194144736842104
0 0.30336365877712035 0.8437108552631579 0.021449704142011836 0.04194144736842104
0 0.3245668145956607 0.84436875 0.021449704142011836 0.04194144736842104
0 0.3223478796844181 0.8016052631578947 0.021449704142011836 0.04194144736842104
0 0.34330448717948714 0.8019342105263157 0.021449704142011836 0.04194144736842104
0 0.3450303254437869 0.8453555921052632 0.021449704142011836 0.04194144736842104
0 0.365986932938856 0.8450266447368422 0.021449704142011836 0.04194144736842104
0 0.36524728796844175 0.8025921052631578 0.021449704142011836 0.04194144736842104
0 0.3871900887573964 0.8453555921052632 0.021449704142011836 0.04194144736842104
0 0.3862038954635108 0.8022631578947368 0.021449704142011836 0.04194144736842104
0 0.40814669625246547 0.8453555921052632 0.021449704142011836 0.04194144736842104
0 0.40740705128205124 0.8012763157894737 0.021449704142011836 0.04194144736842104
0 0.4283636587771203 0.8019342105263157 0.021449704142011836 0.04194144736842104
0 0.4288567554240631 0.8456845394736843 0.021449704142011836 0.04194144736842104
0 0.4500599112426035 0.8460134868421054 0.021449704142011836 0.04194144736842104
0 0.4498133629191321 0.8022631578947368 0.021449704142011836 0.04194144736842104
0 0.47101651873767253 0.8025921052631578 0.021449704142011836 0.04194144736842104
0 0.4924662228796844 0.8035789473684211 0.021449704142011836 0.04194144736842104
0 0.47150961538461533 0.8463424342105265 0.021449704142011836 0.04194144736842104
0 0.5136693786982248 0.8476309210526316 0.01972386587771209 0.04309276315789472
0 0.4924662228796844 0.8466440789473685 0.019723865877712028 0.04309276315789472
0 0.5351190828402367 0.8032226973684209 0.019723865877712028 0.04309276315789472
0 0.5136693786982248 0.8038805921052631 0.01972386587771209 0.04309276315789472
0 0.5353656311637081 0.8479598684210526 0.019723865877712028 0.04309276315789472
0 0.5565687869822485 0.8479598684210526 0.019723865877712028 0.04309276315789472
0 0.55681533530572 0.8045384868421053 0.019723865877712028 0.04309276315789472
0 0.5785115877712032 0.8048674342105263 0.019723865877712028 0.04309276315789472
0 0.5780184911242604 0.8476309210526316 0.019723865877712028 0.04309276315789472
0 0.5994681952662723 0.8489467105263159 0.019723865877712028 0.04309276315789472
0 0.5997147435897436 0.8051963815789474 0.019723865877712028 0.04309276315789472
0 0.6214109960552269 0.8051963815789474 0.019723865877712028 0.04309276315789472
0 0.6204248027613413 0.849604605263158 0.019723865877712028 0.04309276315789472
0 0.19767899408284023 0.7986439144736843 0.021572978303747534 0.04128322368421059
0 0.21851232741617357 0.7994662828947369 0.021572978303747534 0.04128322368421059
0 0.17746203155818538 0.7979860197368421 0.021572978303747534 0.04128322368421059
0 0.1805438856015779 0.8409139802631578 0.021572978303747534 0.041283223684210446
0 0.20063757396449702 0.8415718749999999 0.021572978303747534 0.041283223684210446
0 0.22110108481262328 0.8423942434210526 0.021572978303747534 0.041283223684210446
0 0.7657603550295858 0.808244407894737 0.022928994082840236 0.04309210526315789
0 0.7440641025641027 0.808244407894737 0.022928994082840236 0.04309210526315789
0 0.7223678500986194 0.808244407894737 0.022928994082840236 0.04309210526315789
0 0.7001785009861934 0.8079154605263159 0.022928994082840236 0.04309210526315789
0 0.7874566074950692 0.808573355263158 0.022928994082840236 0.04309210526315789
0 0.8313422090729783 0.808902302631579 0.022928994082840236 0.04309210526315789
0 0.8093994082840237 0.808902302631579 0.022928994082840236 0.04309210526315789
0 0.8071804733727811 0.852323355263158 0.022928994082840236 0.04309210526315789
0 0.7859773175542407 0.8519944078947369 0.022928994082840236 0.04309210526315789
0 0.7642810650887575 0.8519944078947369 0.022928994082840236 0.04309210526315789
0 0.7420917159763314 0.852323355263158 0.022928994082840236 0.04309210526315789
0 0.7208885601577909 0.8513365131578948 0.022928994082840236 0.04309210526315789
0 0.6989457593688364 0.8513365131578948 0.022928994082840236 0.04309210526315789
0 0.8288767258382644 0.852323355263158 0.022928994082840236 0.04309210526315789
0 0.895568047337278 0.8084090460526316 0.023504437869822443 0.04188585526315792
0 0.8746114398422089 0.8084090460526316 0.023504437869822443 0.04188585526315792
0 0.8531617357001972 0.8087379934210527 0.023504437869822443 0.04188585526315792
0 0.849956607495069 0.8521590460526316 0.023504437869822443 0.04188585526315792
0 0.8706666666666666 0.8521590460526316 0.023504437869822443 0.04188585526315792
0 0.8921163708086784 0.8511722039473685 0.023504437869822443 0.04188585526315792
0 0.9125798816568047 0.8505143092105263 0.023504437869822443 0.04188585526315792
0 0.9162781065088758 0.8080800986842106 0.023504437869822443 0.04188585526315792
0 0.9374812623274161 0.8084090460526316 0.023504437869822443 0.04188585526315792
0 0.9330433925049308 0.8495274671052632 0.023504437869822443 0.04188585526315792
0 0.9535069033530571 0.8491985197368421 0.023504437869822443 0.04188585526315792
0 0.9579447731755424 0.8067643092105263 0.023504437869822443 0.04188585526315792
0 0.9781617357001972 0.8061064144736843 0.023504437869822443 0.04188585526315792
0 0.9732307692307691 0.847882730263158 0.023504437869822443 0.04188585526315792
0 0.6562518491124261 0.8063256578947369 0.02136760355029584 0.04342105263157895
0 0.6782767504930967 0.806983552631579 0.02136760355029584 0.04342105263157895
0 0.677290557199211 0.8510624999999999 0.02136760355029584 0.04342105263157895
0 0.6559229536489153 0.8506240131578947 0.02136760355029584 0.04342105263157895
0 0.32375862919132153 0.95265 0.021203155818540435 0.040460526315789475
0 0.3032951183431953 0.95265 0.021203155818540435 0.040460526315789475
0 0.282831607495069 0.9513342105263157 0.021203155818540435 0.040460526315789475
0 0.2621215483234714 0.9506763157894736 0.021203155818540435 0.040460526315789475
0 0.24165803747534517 0.9496894736842105 0.021203155818540435 0.040460526315789475
0 0.34446868836291916 0.9536368421052632 0.021203155818540435 0.040460526315789475
0 0.3656718441814596 0.9552815789473684 0.021203155818540435 0.040460526315789475
0 0.38687499999999997 0.9559394736842106 0.021203155818540435 0.040460526315789475
0 0.40832470414201183 0.9559394736842106 0.021203155818540435 0.040460526315789475
0 0.42878821499013803 0.9559394736842106 0.021203155818540435 0.040460526315789475
0 0.5356669132149902 0.9589 0.019970414201183433 0.041118421052631575
0 0.4503611932938856 0.9559394736842106 0.019970414201183433 0.041118421052631575
0 0.47156434911242606 0.9569263157894737 0.019970414201183433 0.041118421052631575
0 0.49301405325443787 0.9585710526315789 0.019970414201183433 0.041118421052631575
0 0.5142172090729783 0.9585710526315789 0.019970414201183433 0.041118421052631575
0 0.5568700690335306 0.9602157894736842 0.019970414201183433 0.041118421052631575
0 0.5788128698224853 0.959228947368421 0.019970414201183433 0.041118421052631575
0 0.6000160256410256 0.9605447368421053 0.019970414201183433 0.041118421052631575
0 0.6214657297830375 0.9605447368421053 0.019970414201183433 0.041118421052631575
0 0.6436550788954634 0.9615315789473684 0.019970414201183433 0.041118421052631575
0 0.6646937869822486 0.9610930921052631 0.019970414201183433 0.041118421052631575
0 0.6863900394477317 0.9610930921052631 0.019970414201183433 0.041118421052631575
0 0.8068700690335304 0.9610930921052631 0.022928994082840236 0.03980263157894737
0 0.7213178007889545 0.9617509868421051 0.022928994082840236 0.03980263157894737
0 0.7425209566074951 0.9617509868421051 0.022928994082840236 0.03980263157894737
0 0.7642172090729782 0.9620799342105262 0.022928994082840236 0.03980263157894737
0 0.7854203648915187 0.9624088815789472 0.022928994082840236 0.03980263157894737
0 0.8285663214990138 0.9601062499999998 0.022928994082840236 0.03980263157894737
0 0.8490298323471399 0.960764144736842 0.022928994082840236 0.03980263157894737
0 0.8702329881656804 0.9594483552631577 0.022928994082840236 0.03980263157894737
0 0.8906964990138067 0.9587904605263157 0.022928994082840236 0.03980263157894737
0 0.9109134615384615 0.9581325657894736 0.022928994082840236 0.03980263157894737
0 0.9516351084812622 0.9551993421052631 0.02366863905325444 0.039967105263157894
0 0.9315414201183431 0.9568440789473684 0.02366863905325444 0.039967105263157894
0 0.9717287968441813 0.953883552631579 0.02366863905325444 0.039967105263157894
0 0.2845229289940829 0.9861587171052631 0.020586785009861934 0.02768256578947375
0 0.26442924063116374 0.9855008223684211 0.020586785009861934 0.02768256578947375
0 0.3256348619329389 0.9873100328947368 0.02071005917159763 0.02537993421052638
0 0.30517135108481264 0.9866521381578948 0.02071005917159763 0.02537993421052638
0 0.34646819526627226 0.9873100328947368 0.02071005917159763 0.02537993421052638
0 0.36717825443786983 0.9882146381578948 0.02021696252465483 0.023570723684210593
0 0.38794995069033533 0.9883791118421054 0.020093688362919134 0.02324177631578954
0 0.40902983234714 0.9888725328947369 0.020340236686390532 0.02225493421052638
0 0.4299248027613412 0.9890370065789474 0.020463510848126233 0.02192598684210533
0 0.4513128698224852 0.9892837171052632 0.020586785009861934 0.021432565789473747
0 0.49353427021696256 0.989859375 0.020463510848126233 0.020281250000000067
0 0.4720845660749507 0.989530427631579 0.02021696252465483 0.02093914473684217
0 0.5145525147928994 0.9900238486842106 0.020093688362919134 0.019952302631579013
0 0.5358789447731755 0.9900238486842106 0.020093688362919134 0.019952302631579013
0 0.5571437376725838 0.9905995065789474 0.020463510848126233 0.01880098684210533
0 0.5785934418145957 0.9905995065789474 0.020463510848126233 0.01880098684210533
0 0.6001664201183432 0.9905995065789474 0.020463510848126233 0.01880098684210533
0 0.6424494575936884 0.9911751644736844 0.02021696252465483 0.017649671052631644
0 0.6212463017751481 0.9911751644736844 0.02021696252465483 0.017649671052631644
0 0.6643922583826432 0.9911751644736844 0.02021696252465483 0.017649671052631644
0 0.6855954142011835 0.9911751644736844 0.02021696252465483 0.017649671052631644
0 0.24397744082840236 0.985363980263158 0.02136760355029584 0.029272039473684237
0 0.9896333826429979 0.9534583881578946 0.020733234714003956 0.04002203947368433
0 0.9980570759368838 0.9870636513157897 0.003885848126232734 0.025872697368420985
0 0.9872384122287969 0.9870636513157897 0.022518244575936843 0.025872697368420985
0 0.9672679980276135 0.9870636513157897 0.022189349112426034 0.025872697368420985
0 0.9475030818540434 0.9878310855263158 0.022107248520710037 0.024337828947368446
0 0.9275326676528599 0.9883794407894738 0.022271449704142035 0.023241118421052566
0 0.8873041173570021 0.98975 0.02202490138067063 0.020500000000000053
0 0.907521079881657 0.9891468750000001 0.02153180473372783 0.021706250000000024
0 0.8464182692307693 0.9907368421052631 0.021121055226824434 0.018526315789473738
0 0.8668407297830374 0.9905175986842105 0.021203155818540435 0.01896480263157888
0 0.8255437623274163 0.9910110197368424 0.021285256410256432 0.01797796052631572
0 0.7836305473372782 0.9915044407894739 0.021285256410256432 0.016991118421052564
0 0.8046693786982249 0.9912850328947369 0.021449704142011836 0.01742993421052634
0 0.762263067061144 0.9916689144736843 0.021120808678501028 0.01666217105263151
0 0.7409776873767259 0.9916689144736843 0.021614151873767237 0.01666217105263151
0 0.7196512573964499 0.9915592105263157 0.02153180473372783 0.016881578947368473
0 0.9927683678500987 0.8046391447368422 0.014463264299802762 0.04276315789473684
0 0.9904261587771204 0.8474845394736842 0.01914768244575937 0.0412828947368421
