0 0.18777083333333333 0.2578506578947369 0.02942135108481262 0.03771973684210527
0 0.1854697978303748 0.22035032894736842 0.02942135108481262 0.03771973684210527
0 0.15736328895463514 0.21903453947368418 0.02942135108481262 0.03771973684210527
0 0.21259011341222883 0.22078881578947368 0.02942135108481262 0.03771973684210527
0 0.24036797337278104 0.22210460526315792 0.02942135108481262 0.03771973684210527
0 0.26847448224852066 0.22363980263157893 0.029421351084812586 0.03771973684210527
0 0.21489139546351088 0.2587279605263158 0.02942135108481262 0.03771973684210527
0 0.24266925542406315 0.2598243421052632 0.02942135108481262 0.03771973684210527
0 0.27028266765285996 0.2617980263157895 0.029421351084812645 0.03771973684210527
0 0.15999346646942803 0.25653486842105266 0.02942135108481262 0.03771973684210527
0 0.2720906065088758 0.2968861842105263 0.029421351084812645 0.03771973684210527
0 0.24497029092702174 0.2955703947368421 0.029421351084812645 0.03771973684210527
0 0.21784997534516767 0.2951319078947368 0.02942135108481262 0.03771973684210527
0 0.19072965976331363 0.2938161184210526 0.02942135108481262 0.03771973684210527
0 0.13665347633136096 0.29206184210526315 0.02942135108481262 0.03771973684210527
0 0.16360934418145956 0.2927197368421052 0.02942135108481262 0.03771973684210527
0 0.13385934418145956 0.25609671052631583 0.029421351084812634 0.03771973684210527
0 0.12975012327416174 0.2188157894736842 0.02942135108481262 0.03771973684210527
0 0.12695599112426034 0.18109605263157894 0.029421351084812634 0.03771973684210527
0 0.15473385108481263 0.18175394736842104 0.029421351084812645 0.03771973684210527
0 0.18251171104536493 0.18241184210526315 0.02942135108481262 0.03771973684210527
0 0.21012512327416177 0.18306973684210526 0.02942135108481262 0.03771973684210527
0 0.23856028106508878 0.18416611842105265 0.029421351084812645 0.03771973684210524
0 0.266502342209073 0.1852625 0.029421351084812586 0.037719736842105285
0 0.29428020216962525 0.18679769736842108 0.029421351084812645 0.03771973684210524
0 0.2964170364891519 0.2245174342105263 0.029421351084812586 0.03771973684210527
0 0.2978963264299803 0.26223717105263156 0.029421351084812586 0.03771973684210527
0 0.2992111686390533 0.29798322368421054 0.029421351084812645 0.03771973684210527
0 0.3228798076923077 0.187675 0.029421351084812645 0.03771973684210527
0 0.3240304487179487 0.22627203947368424 0.029421351084812586 0.03771973684210527
0 0.3253452909270217 0.26355296052631577 0.029421351084812645 0.03771973684210527
0 0.32698902859960555 0.2995180921052632 0.029421351084812586 0.03771973684210527
0 0.10394489644970414 0.2183766447368421 0.02942135108481262 0.03771973684210527
0 0.10065766765285997 0.18065690789473685 0.029421351084812634 0.03771973684210524
0 0.1062461785009862 0.25543848684210524 0.029421351084812634 0.03771973684210527
0 0.11002650394477319 0.2909651315789474 0.029421351084812634 0.03771973684210527
0 0.05089546351084812 0.21755411184210527 0.028763806706114396 0.03662335526315791
0 0.07686513806706115 0.21755411184210527 0.028763806706114406 0.03662335526315791
0 0.07374211045364891 0.18005378289473686 0.028763806706114396 0.036623355263157874
0 0.0477724358974359 0.18136957236842105 0.028763806706114406 0.036623355263157874
0 0.022460059171597633 0.18180805921052634 0.0287638067061144 0.03662335526315791
0 0.024761094674556214 0.21755411184210527 0.0287638067061144 0.03662335526315791
0 0.028870315581854045 0.2537386513157895 0.0287638067061144 0.03662335526315791
0 0.0536895956607495 0.2541771381578947 0.028763806706114406 0.03662335526315791
0 0.07965927021696251 0.2552735197368421 0.028763806706114396 0.036623355263157874
0 0.08327539447731755 0.29014226973684215 0.028763806706114396 0.03662335526315791
0 0.05796301775147928 0.29036167763157894 0.028763806706114396 0.036623355263157874
0 0.03265064102564103 0.28970378289473686 0.0287638067061144 0.036623355263157874
0 0.29845488165680467 0.041440625 0.027859960552268245 0.03930953947368421
0 0.2715811143984221 0.03996036184210527 0.027859960552268245 0.03930953947368421
0 0.2725673076923077 0.0782830592105263 0.027859960552268245 0.039309539473684214
0 0.299564349112426 0.07926990131578947 0.027859960552268245 0.039309539473684214
0 0.3273010355029586 0.08042121710526316 0.027859960552268245 0.039309539473684214
0 0.32606829388560155 0.042427467105263156 0.027859960552268245 0.03930953947368421
0 0.35294206114398424 0.04324983552631578 0.027859960552268245 0.03930953947368421
0 0.3544213510848126 0.08173700657894736 0.027859960552268245 0.039309539473684214
0 0.46212191814595666 0.0491985197368421 0.027448964497041387 0.039912828947368424
0 0.4345085059171598 0.048102138157894735 0.027448964497041387 0.039912828947368424
0 0.4075526380670611 0.04590904605263158 0.027448964497041442 0.039912828947368424
0 0.38059677021696253 0.044593256578947374 0.027448964497041387 0.039912828947368424
0 0.380761217948718 0.08319029605263156 0.027448964497041442 0.03991282894736841
0 0.4077170857988166 0.08428667763157893 0.027448964497041387 0.039912828947368424
0 0.43467295364891523 0.08582187499999999 0.027448964497041442 0.03991282894736841
0 0.46130017258382644 0.08735674342105264 0.027448964497041442 0.03991282894736843
0 0.4894066814595661 0.05073371710526316 0.027448964497041442 0.039912828947368424
0 0.48825604043392506 0.08867286184210527 0.027448964497041387 0.039912828947368424
0 0.5153763560157791 0.08998865131578947 0.027448964497041387 0.039912828947368424
0 0.5168556459566076 0.051830427631578954 0.027448964497041387 0.039912828947368424
0 0.5416749260355029 0.0908659539473684 0.02744896449704133 0.03991282894736841
0 0.5433186637080868 0.053365625 0.027448964497041442 0.039912828947368424
0 0.5702745315581854 0.05446200657894737 0.02744896449704133 0.039912828947368424
0 0.5685486932938857 0.09272960526315789 0.02777785996055236 0.03859671052631579
0 0.16420931952662723 0.038452796052631584 0.028106508875739643 0.03815822368421053
0 0.19050788954635106 0.03867220394736843 0.028106508875739643 0.03815822368421053
0 0.21729955621301772 0.03933009868421053 0.028106508875739643 0.03815822368421053
0 0.2440912228796844 0.039110690789473684 0.02810650887573967 0.03815822368421053
0 0.24622805719921104 0.07704983552631578 0.028106508875739643 0.038158223684210534
0 0.21960083826429982 0.07704983552631578 0.028106508875739643 0.038158223684210534
0 0.193138067061144 0.07573404605263158 0.028106508875739643 0.038158223684210534
0 0.16683949704142012 0.07529555921052632 0.028106508875739643 0.03815822368421053
0 0.08662894477317554 0.039878289473684214 0.028106508875739643 0.03706184210526316
0 0.11226997041420118 0.03965888157894737 0.02810650887573963 0.03706184210526316
0 0.13807544378698225 0.03812368421052632 0.028106508875739643 0.03706184210526316
0 0.14021227810650888 0.07562401315789474 0.028106508875739643 0.037061842105263164
0 0.11440680473372782 0.0760625 0.028106508875739643 0.03706184210526317
0 0.08975197238658776 0.07562401315789474 0.028106508875739643 0.037061842105263164
0 0.0644395956607495 0.07628190789473685 0.028106508875739653 0.037061842105263164
0 0.061974112426035496 0.04075526315789473 0.028106508875739653 0.03706184210526316
0 0.036661735700197234 0.04119375 0.02810650887573964 0.03706184210526316
0 0.014842209072978303 0.0778717105263158 0.028106508875739643 0.03706184210526317
0 0.03949704142011834 0.07721381578947367 0.02810650887573964 0.03706184210526317
0 0.7838264299802762 0.40123059210526313 0.03090088757396457 0.03640394736842109
0 0.7567061143984221 0.40057269736842105 0.03090088757396457 0.03640394736842109
0 0.8111111932938856 0.4025463815789474 0.03090088757396457 0.03640394736842109
0 0.838560157790927 0.40408157894736846 0.03090088757396457 0.036403947368421015
0 0.7287640532544379 0.3999148026315789 0.03090088757396457 0.03640394736842109
0 0.7014792899408284 0.39925690789473683 0.03090088757396457 0.03640394736842109
0 0.8650229289940827 0.4047394736842106 0.030900887573964454 0.036403947368421015
0 0.8696252465483235 0.3696516447368421 0.03090088757396457 0.03640394736842109
0 0.8429980276134122 0.36877434210526316 0.03090088757396457 0.036403947368421015
0 0.8157132642998027 0.367458552631579 0.030900887573964454 0.036403947368421015
0 0.7885929487179487 0.36680065789473687 0.030900887573964454 0.036403947368421015
0 0.7604864398422091 0.3650463815789474 0.030900887573964454 0.03640394736842109
0 0.7330374753451677 0.36438848684210523 0.03090088757396457 0.03640394736842109
0 0.7054240631163708 0.3640595394736842 0.03090088757396457 0.03640394736842109
0 0.8913214990138066 0.4058361842105263 0.03090088757396457 0.03640394736842109
0 0.8967455621301775 0.3711868421052632 0.03090088757396457 0.036403947368421015
0 0.9674227071005917 0.40961875000000003 0.029421351084812645 0.03530723684210521
0 0.942274778106509 0.4085223684210526 0.029421351084812645 0.03530723684210528
0 0.9171268491124261 0.4067680921052631 0.029421351084812645 0.03530723684210528
0 0.9225509122287968 0.37211875 0.029421351084812645 0.03530723684210521
0 0.948027490138067 0.37409243421052635 0.029421351084812645 0.03530723684210521
0 0.9728467702169625 0.3758467105263158 0.029421351084812645 0.03530723684210528
0 0.7796351084812623 0.4363733552631579 0.029914694280078966 0.03399144736842107
0 0.8067554240631163 0.4376891447368421 0.029914694280078966 0.03399144736842107
0 0.7528434418145957 0.435496052631579 0.029914694280078855 0.03399144736842107
0 0.7255586785009862 0.43439967105263155 0.029914694280078855 0.03399144736842107
0 0.7219425542406313 0.46817203947368424 0.029914694280078855 0.03399144736842107
0 0.7485697731755425 0.46904934210526317 0.029914694280078855 0.03399144736842107
0 0.7756900887573965 0.46992664473684215 0.029914694280078855 0.033991447368420996
0 0.8023173076923078 0.4705845394736843 0.029914694280078855 0.033991447368420996
0 0.8332179487179486 0.4390052631578948 0.029914694280078966 0.033991447368420996
0 0.8282869822485206 0.47211973684210523 0.029914694280078966 0.03399144736842107
0 0.8550786489151876 0.4729970394736842 0.029914694280078855 0.03399144736842107
0 0.8595165187376727 0.43944407894736837 0.029914694280078855 0.03399144736842107
0 0.8859792899408283 0.4403213815789474 0.029914694280078966 0.033991447368420996
0 0.8810483234714004 0.47321644736842106 0.029914694280078966 0.033991447368420996
0 0.698602564102564 0.43418092105263156 0.029914694280078966 0.03399144736842107
0 0.6946577909270216 0.46724046052631574 0.029914694280078966 0.03399144736842107
0 0.9369329388560157 0.4435555921052632 0.029914694280078966 0.03377236842105259
0 0.9117850098619329 0.44136250000000005 0.029914694280078966 0.033772368421052676
0 0.9311799802761341 0.4757927631578947 0.029914694280078855 0.03377236842105259
0 0.9058676035502959 0.47491546052631584 0.029914694280078855 0.03377236842105259
0 0.9620806213017753 0.4439940789473684 0.029914694280078855 0.033772368421052676
0 0.9558348126232742 0.47754703947368426 0.029914694280078855 0.03377236842105259
0 0.9798321005917161 0.47820493421052634 0.029914694280078855 0.03377236842105259
0 0.9855605276134123 0.44525509868421054 0.028878944773175493 0.033991776315789486
0 0.755144600591716 0.6185024671052631 0.03139373767258385 0.03333388157894738
0 0.7824293639053254 0.6200376644736842 0.03139373767258374 0.03333388157894738
0 0.7778270463510849 0.6518363486842106 0.03139373767258385 0.03333388157894738
0 0.7508711785009861 0.6505205592105264 0.03139373767258374 0.03333388157894738
0 0.7239153106508878 0.6503011513157896 0.03139373767258385 0.03333388157894738
0 0.7273669871794872 0.617186677631579 0.03139373767258385 0.03333388157894738
0 0.8103716715976331 0.6204761513157895 0.03139373767258385 0.03333388157894738
0 0.8051120562130177 0.652932730263158 0.03139373767258385 0.03333388157894738
0 0.8904790433925048 0.6229981907894737 0.03118836291913215 0.03223717105263157
0 0.863728550295858 0.621846875 0.03118836291913215 0.03223717105263157
0 0.8372246055226824 0.6210245065789474 0.03118836291913215 0.03223717105263157
0 0.8315539940828403 0.6539195723684211 0.03118836291913215 0.03223717105263157
0 0.8580579388560158 0.6544129934210526 0.03118836291913215 0.03223717105263157
0 0.8844386094674556 0.6547419407894737 0.03118836291913215 0.03223717105263157
0 0.910202909270217 0.6550708881578948 0.03118836291913215 0.03223717105263157
0 0.9166131656804735 0.6239850328947368 0.03118836291913215 0.03223717105263157
0 0.9418843688362919 0.6248074013157895 0.03118836291913215 0.03223717105263157
0 0.9353508382642998 0.656057730263158 0.03118836291913215 0.03223717105263157
0 0.9666624753451677 0.6252185855263158 0.03094181459566075 0.03141480263157894
0 0.9600056706114398 0.6566333881578947 0.03094181459566075 0.03141480263157894
0 0.9839208579881658 0.6567978618421052 0.03094181459566075 0.03141480263157894
0 0.7998932445759368 0.6834702302631579 0.03081854043392505 0.031250328947368414
0 0.8260273668639054 0.6841281250000001 0.03081854043392505 0.031250328947368414
0 0.773512573964497 0.6818254934210526 0.03081854043392505 0.031250328947368414
0 0.7467620808678501 0.6814965460526315 0.03081854043392505 0.031250328947368414
0 0.8782956114398422 0.6857728618421053 0.03081854043392505 0.031250328947368414
0 0.8521614891518738 0.6846215460526316 0.03081854043392505 0.031250328947368414
0 0.9529381163708087 0.6870613486842104 0.030448717948717948 0.030427960526315783
0 0.9286531065088758 0.6867324013157894 0.030448717948717948 0.030427960526315783
0 0.9033819033530571 0.6864034539473683 0.030448717948717948 0.030427960526315783
0 0.9770998520710059 0.6867324013157894 0.030448717948717948 0.030427960526315783
0 0.6963222386587771 0.6486014802631579 0.030448717948717948 0.03322401315789473
0 0.6933636587771203 0.6796873355263158 0.030448717948717948 0.03322401315789473
0 0.7204839743589743 0.6801807565789473 0.030448717948717948 0.03322401315789473
0 0.6996506410256409 0.6157064144736842 0.030448717948717948 0.03322401315789473
0 0.7028557692307692 0.5834692434210527 0.030448717948717948 0.03322401315789473
0 0.7313321005917158 0.5847850328947369 0.030448717948717948 0.03322401315789473
0 0.7595618836291913 0.585442927631579 0.030448717948717948 0.03322401315789473
0 0.7875451183431952 0.5870876644736842 0.030448717948717948 0.03322401315789473
0 0.841909023668639 0.589417927631579 0.03217455621301775 0.03404638157894736
0 0.8695224358974358 0.5904047697368421 0.03217455621301775 0.03404638157894736
0 0.8145421597633136 0.5884310855263158 0.03217455621301775 0.03404638157894736
0 0.8968892998027612 0.5907337171052631 0.03217455621301775 0.03404638157894736
0 0.9485411735700195 0.592871875 0.031681459566074946 0.03371743421052631
0 0.9227768737672584 0.592213980263158 0.031681459566074946 0.03371743421052631
0 0.973935650887574 0.5935297697368421 0.031681459566074946 0.03371743421052631
0 0.7775806213017751 0.8507416118421052 0.030325443786982247 0.02894769736842112
0 0.7507068540433927 0.8505771381578947 0.030325443786982247 0.02894769736842112
0 0.7234632642998028 0.849425822368421 0.030325443786982247 0.02894769736842112
0 0.7206279585798817 0.8791958881578947 0.030325443786982247 0.028947697368420972
0 0.7467620808678501 0.8798537828947368 0.030325443786982247 0.028947697368420972
0 0.7738823964497042 0.8798537828947368 0.030325443786982247 0.028947697368420972
0 0.7997699704142013 0.8798537828947368 0.030325443786982247 0.028947697368420972
0 0.8045776627218936 0.8504126644736841 0.030325443786982247 0.02894769736842112
0 0.8312048816568047 0.8510705592105262 0.030325443786982247 0.02894769736842112
0 0.8261094674556213 0.8797988486842105 0.030325443786982247 0.028947697368420972
0 0.9082922830374754 0.849754769736842 0.030736439842209164 0.02763190789473691
0 0.8831443540433924 0.849974177631579 0.030736439842209164 0.02763190789473691
0 0.8568457840236687 0.8504126644736841 0.03073643984220905 0.02763190789473691
0 0.8519148175542406 0.879579769736842 0.03073643984220905 0.02763190789473676
0 0.8773913954635109 0.8787024671052632 0.03073643984220905 0.02763190789473676
0 0.9022106755424063 0.8782639802631578 0.03073643984220905 0.02763190789473676
0 0.926536858974359 0.8771675986842106 0.030736439842209164 0.02763190789473691
0 0.9331115631163709 0.8493162828947368 0.03073643984220905 0.02763190789473691
0 0.9574377465483236 0.8482199013157895 0.03073643984220905 0.02763190789473676
0 0.9506988412228796 0.8762902960526314 0.03073643984220905 0.02763190789473676
0 0.9815171351084812 0.8473973684210526 0.030900641025640937 0.02960526315789474
0 0.974613782051282 0.8747003289473684 0.030900641025640937 0.02960526315789474
0 0.8362179487179487 0.8217391447368421 0.03164053254437877 0.030044078947368366
0 0.8628451676528599 0.8219585526315789 0.03164053254437877 0.030044078947368366
0 0.8089331854043393 0.8215200657894738 0.03164053254437866 0.030044078947368515
0 0.8889792899408284 0.8213006578947368 0.03164053254437877 0.030044078947368366
0 0.9398503451676526 0.8202041118421052 0.03155818540433925 0.029605592105263076
0 0.9150722386587771 0.8205330592105262 0.03155818540433925 0.029605592105263076
0 0.9649982741617357 0.8197106907894736 0.03155818540433925 0.029605592105263076
0 0.7272435897435897 0.8202863486842105 0.03081854043392505 0.030427960526315707
0 0.7547337278106508 0.821437664473684 0.03081854043392505 0.030427960526315707
0 0.7824704142011835 0.8206152960526315 0.03081854043392505 0.030427960526315707
0 0.6995069033530571 0.8201218749999999 0.03081854043392505 0.030427960526315707
0 0.6961168639053253 0.8498097039473684 0.029955621301775148 0.030263486842105333
0 0.6937746548323471 0.8780995065789472 0.029955621301775148 0.030263486842105183
0 0.743145956607495 0.9073761513157894 0.03007889546351085 0.028289802631579018
0 0.717258382642998 0.9070472039473684 0.03007889546351085 0.028289802631579018
0 0.6903846153846154 0.907211677631579 0.03007889546351085 0.028289802631579018
0 0.7694033530571993 0.907211677631579 0.03007889546351085 0.028289802631579018
0 0.7956607495069034 0.9073761513157894 0.03007889546351085 0.028289802631579018
0 0.8713510848126234 0.9057314144736842 0.03007889546351085 0.026974013157894806
0 0.8463264299802762 0.9065537828947369 0.03007889546351085 0.026974013157894806
0 0.8211785009861933 0.9073761513157894 0.03007889546351085 0.026974013157894806
0 0.8958826429980277 0.9052379934210525 0.03007889546351085 0.026974013157894806
0 0.9200443786982249 0.9040866776315789 0.03007889546351085 0.026974013157894806
0 0.9678131163708087 0.9019483552631579 0.030448717948717948 0.02730263157894737
0 0.9443910256410255 0.9030996710526314 0.030448717948717948 0.02730263157894737
0 0.9913847386587771 0.3768662828947368 0.0172305226824458 0.0353069078947368
0 0.9885083826429979 0.41074786184210527 0.022983234714003896 0.03508782894736847
0 0.9974662228796843 0.4467677631578947 0.005067554240631185 0.02993421052631579
0 0.9945076429980275 0.4780175986842105 0.010984714003944795 0.03234638157894732
0 0.9911998274161735 0.5933960526315789 0.017600345167652902 0.03240131578947369
0 0.9877481508875738 0.6253861842105264 0.024503698224852113 0.03125
0 0.9960691568047336 0.6571296052631579 0.007861686390532587 0.030592105263157896
0 0.9926791173570019 0.6867348684210526 0.014641765285996098 0.029276315789473685
0 0.9878994082840236 0.900670230263158 0.024201183431952624 0.026535197368421026
0 0.991515409270217 0.8739157894736842 0.01696918145956613 0.026973684210526316
0 0.9948027613412228 0.84639375 0.010394477317554206 0.02894736842105263
0 0.986481755424063 0.8188993421052632 0.027036489151873733 0.029769736842105262
0 0.010695636094674556 0.28973782894736844 0.021391272189349112 0.03519736842105263
0 0.008908160749506904 0.25445822368421056 0.01781632149901381 0.03536184210526316
0 0.007305596646942801 0.21769835526315792 0.014611193293885601 0.03618421052631579
0 0.005333210059171598 0.18167861842105265 0.010666420118343196 0.037171052631578945
0 0.002312993096646943 0.07855361842105263 0.004625986193293886 0.03618421052631579
0 0.012729659763313611 0.04236940789473684 0.025459319526627222 0.037171052631578945
0 0.011188732741617358 0.011727467105263158 0.022377465483234715 0.023454934210526315
0 0.03408851084812624 0.01148075657894737 0.026627218934911243 0.02296151315789474
0 0.05948298816568046 0.01148075657894737 0.026627218934911233 0.02296151315789474
0 0.11021030571992109 0.010411677631578947 0.026503944773175542 0.020823355263157893
0 0.08456928007889546 0.010411677631578947 0.026503944773175542 0.020823355263157893
0 0.13646770216962525 0.010411677631578947 0.026503944773175556 0.020823355263157893
0 0.16260182445759372 0.009836019736842106 0.027243589743589744 0.019672039473684212
0 0.18929068047337277 0.010000493421052633 0.027859960552268245 0.020000986842105266
0 0.21622608481262326 0.010082730263157895 0.027490138067061146 0.02016546052631579
0 0.2701585305719921 0.010658388157894737 0.028106508875739643 0.021316776315789474
0 0.24297657790927019 0.010000493421052633 0.02773668639053252 0.020000986842105266
0 0.3247689842209072 0.011398519736842104 0.028106508875739643 0.022797039473684208
0 0.2976486686390532 0.011069572368421052 0.027859960552268245 0.022139144736842104
0 0.3801190828402366 0.012961019736842104 0.028106508875739643 0.025922039473684207
0 0.35238239644970404 0.012303125 0.027366863905325445 0.02460625
0 0.40730103550295854 0.01361891447368421 0.027736686390532544 0.02723782894736842
0 0.4349144477317554 0.014112335526315788 0.027490138067061146 0.028224671052631576
0 0.46258949704142005 0.014770230263157892 0.027613412228796843 0.029540460526315784
0 0.4900796351084812 0.015674835526315788 0.028106508875739643 0.031349671052631575
0 0.5173848619329389 0.016250493421052628 0.028229783037475344 0.032500986842105256
0 0.5445051775147929 0.016990625 0.028476331360946745 0.03398125
0 0.5720569526627218 0.01781299342105263 0.028599605522682446 0.03562598684210526
