0 0.18672571499013804 0.7460046052631579 0.04996720907297831 0.04210526315789474
0 0.23619982741617354 0.7413993421052631 0.04996720907297828 0.04210526315789474
0 0.18721881163708082 0.7835046052631578 0.04996720907297831 0.04210526315789474
0 0.23718602071005918 0.777364144736842 0.04996720907297828 0.04210526315789474
0 0.18853377712031558 0.8580659539473683 0.04898076923076922 0.041666776315789446
0 0.18771203155818542 0.8214432565789475 0.04898076923076922 0.0416667763157896
0 0.23735034516765285 0.8153027960526315 0.048980769230769244 0.041666776315789446
0 0.2383365384615385 0.8525833881578948 0.048980769230769244 0.041666776315789446
0 0.19001306706114401 0.8964432565789474 0.04898076923076922 0.0416667763157896
0 0.2389940828402367 0.8889870065789472 0.04898076923076922 0.041666776315789446
0 0.23981582840236687 0.9242939144736843 0.048980769230769244 0.041666776315789446
0 0.19265273668639052 0.9700220394736843 0.04766592702169627 0.04276315789473684
0 0.19150209566074952 0.9331799342105263 0.047665927021696246 0.04276315789473684
0 0.24114065581854044 0.9619078947368421 0.047665927021696246 0.04276315789473684
0 0.286094674556213 0.844583552631579 0.045364891518737675 0.041447368421052636
0 0.2865877712031558 0.8801098684210527 0.045364891518737675 0.041447368421052636
0 0.2870808678500986 0.9169519736842106 0.045364891518737675 0.041447368421052636
0 0.28535502958579884 0.8080703947368423 0.045364891518737675 0.041447368421052636
0 0.2880670611439842 0.9534651315789474 0.045364891518737675 0.04276315789473684
0 0.28477983234714005 0.7717766447368422 0.045364891518737675 0.041447368421052636
0 0.28412228796844186 0.735263322368421 0.046351084812623275 0.04035098684210524
0 0.13746351084812625 0.8272394736842106 0.04930966469428008 0.041447368421052636
0 0.13869625246548323 0.8663842105263159 0.04930966469428008 0.041447368421052636
0 0.14042209072978304 0.9035552631578947 0.04930966469428008 0.041447368421052636
0 0.14165483234714005 0.9403973684210527 0.04930966469428008 0.041447368421052636
0 0.13639509368836292 0.789191282894737 0.05013141025641025 0.04122796052631582
0 0.13549112426035503 0.7515815789473685 0.04930966469428008 0.041447368421052636
0 0.14387376725838263 0.9772394736842105 0.04930966469428008 0.041447368421052636
0 0.03757051282051282 0.8490595394736842 0.04561143984220907 0.03684210526315789
0 0.03609122287968442 0.8151779605263159 0.04561143984220907 0.03684210526315789
0 0.039542899408284024 0.8832700657894736 0.04561143984220907 0.03684210526315789
0 0.04102218934911243 0.9181384868421052 0.045611439842209084 0.03684210526315789
0 0.04299457593688363 0.9516911184210527 0.045611439842209084 0.03684210526315789
0 0.035105029585798815 0.7786648026315791 0.04561143984220907 0.03684210526315789
0 0.03346141518737673 0.743357730263158 0.0462689842209073 0.0364036184210526
0 0.03247522189349113 0.7080506578947369 0.0462689842209073 0.03684210526315789
0 0.030995808678500988 0.6721955592105263 0.04659763313609467 0.03662269736842108
0 0.0451370808678501 0.9836207236842106 0.04602268244575937 0.032758552631578876
0 0.011309418145956606 0.9861425986842105 0.022618836291913212 0.027714802631578998
0 0.010241000986193296 0.9561666118421054 0.02048200197238659 0.0353075657894737
0 0.009008259368836292 0.9214075657894737 0.018016518737672585 0.034649342105263256
0 0.008268614398422091 0.88730625 0.016537228796844182 0.033991447368420996
0 0.0075289694280078895 0.8523277960526315 0.015057938856015779 0.034210855263157966
0 0.006624876725838265 0.81756875 0.01324975345167653 0.034430263157894776
0 0.005885231755424063 0.7811648026315788 0.011770463510848126 0.033991447368420996
0 0.0048990384615384625 0.7454187499999999 0.009798076923076925 0.03530723684210521
0 0.0044881656804733735 0.710001644736842 0.008976331360946747 0.034649342105263256
0 0.0036662968441814594 0.6738171052631579 0.007332593688362919 0.0346493421052631
0 0.14361341222879684 0.9963787828947368 0.050131656804733735 0.007242434210526259
0 0.19382741617357005 0.9925409539473684 0.04700887573964497 0.014918092105263197
0 0.2416581607495069 0.9881549342105264 0.046680226824457605 0.023690131578947376
0 0.2885025887573964 0.9835496710526316 0.04536513806706114 0.032900657894736854
