0 0.16088609467455622 0.416235197368421 0.02991469428007891 0.06030723684210521
0 0.21117036489151872 0.42059375000000004 0.029092702169625246 0.06085526315789473
0 0.23668811637080867 0.42355427631578946 0.029092702169625246 0.06085526315789473
0 0.18639225838264295 0.4182911184210526 0.029092702169625246 0.06085526315789473
0 0.26282223865877713 0.4255279605263158 0.02909270216962527 0.06085526315789473
0 0.28797016765286 0.4275016447368421 0.029092702169625246 0.06085526315789473
0 0.13609640039447732 0.41434374999999996 0.029092702169625232 0.06085526315789473
0 0.06200862919132149 0.4072713815789474 0.029832347140039447 0.05986842105263158
0 0.08617036489151873 0.40957401315789477 0.029832347140039447 0.05986842105263158
0 0.11082519723865877 0.4118766447368421 0.029832347140039447 0.05986842105263158
0 0.03833999013806706 0.40595559210526316 0.029832347140039447 0.05986842105263158
0 0.09434763313609468 0.46823634868421055 0.02958579881656805 0.05701743421052634
0 0.07084344181459566 0.46626266447368425 0.02958579881656805 0.05701743421052634
0 0.0475034516765286 0.46385049342105267 0.02958579881656805 0.05701743421052626
0 0.11818071992110453 0.4704294407894737 0.02958579881656805 0.05701743421052626
0 0.1429997534516765 0.4732800986842106 0.02958579881656805 0.05701743421052634
0 0.02482100591715976 0.4623152960526316 0.02958579881656805 0.05701743421052634
0 0.24071499013806705 0.4813394736842105 0.026627218934911216 0.056249999999999994
0 0.216060157790927 0.4793657894736842 0.026627218934911243 0.056249999999999994
0 0.19140532544378697 0.4767342105263158 0.026627218934911243 0.056249999999999994
0 0.16638067061143985 0.475253947368421 0.028846153846153848 0.056578947368421055
0 0.31603550295857985 0.48693157894736844 0.024901380670611442 0.056249999999999994
0 0.2911341222879684 0.4852868421052631 0.024901380670611442 0.056249999999999994
0 0.3414299802761341 0.48890526315789473 0.024901380670611442 0.056249999999999994
0 0.3658382642998027 0.490878947368421 0.024901380670611442 0.056249999999999994
0 0.2660273668639053 0.4833131578947369 0.026956114398422104 0.056469078947368405
0 0.3901644477317554 0.49296233552631585 0.023750986193293903 0.05581151315789479
0 0.3392522189349112 0.43199736842105263 0.02580522682445758 0.05942960526315788
0 0.3136111932938856 0.4295851973684211 0.02580522682445758 0.05942960526315788
0 0.3645645956607495 0.4341904605263158 0.025805226824457635 0.05942960526315788
0 0.3896797337278107 0.43596052631578947 0.024161735700197237 0.059539473684210524
0 0.17908284023668639 0.27066480263157894 0.027983234714003942 0.06266447368421052
0 0.2032445759368836 0.2726384868421053 0.027983234714003942 0.06266447368421052
0 0.15426356015779094 0.26869111842105264 0.027983234714003942 0.06266447368421052
0 0.1305949211045365 0.2669368421052632 0.027983234714003942 0.06266447368421052
0 0.22789940828402366 0.2752700657894737 0.027983234714003942 0.06266447368421052
0 0.10676208086785008 0.26496315789473684 0.027983234714003942 0.06266447368421052
0 0.060102810650887566 0.26227664473684215 0.028846153846153848 0.06134868421052631
0 0.0832783530571992 0.2639213815789474 0.028846153846153848 0.06134868421052631
0 0.037050542406311636 0.2614542763157895 0.02884615384615384 0.06134868421052631
0 0.12445192307692307 0.20320328947368424 0.02892850098619328 0.06513157894736842
0 0.1001257396449704 0.20166809210526318 0.028928500986193297 0.06513157894736842
0 0.14877810650887574 0.20473848684210522 0.02892850098619328 0.06513157894736842
0 0.1739260355029586 0.20715065789473688 0.02892850098619328 0.06513157894736842
0 0.24871227810650887 0.21307171052631582 0.026627218934911243 0.06513157894736842
0 0.19841642011834318 0.2086858552631579 0.026627218934911243 0.06513157894736842
0 0.22372855029585798 0.21087894736842103 0.026627218934911243 0.06513157894736842
0 0.2740246548323471 0.21504539473684212 0.026627218934911243 0.06513157894736842
0 0.2993367850098619 0.21767697368421057 0.026627218934911243 0.06513157894736842
0 0.3502080867850098 0.22294013157894738 0.02514792899408284 0.06600855263157897
0 0.3245670611439842 0.2205279605263158 0.02514792899408284 0.06600855263157897
0 0.37552046351084817 0.2255717105263158 0.02514792899408284 0.06600855263157897
0 0.400668392504931 0.22754539473684213 0.02514792899408284 0.06600855263157897
0 0.30194625246548323 0.28190394736842106 0.02527120315581854 0.06266447368421052
0 0.2770448717948718 0.2796013157894737 0.02527120315581854 0.06266447368421052
0 0.2526365877712032 0.2769697368421053 0.02527120315581854 0.06266447368421052
0 0.32660108481262323 0.28420657894736845 0.02527120315581854 0.06266447368421052
0 0.3510093688362919 0.2871671052631579 0.02527120315581854 0.06266447368421052
0 0.3761572978303747 0.28914078947368427 0.02527120315581854 0.06266447368421052
0 0.4009354043392505 0.29185460526315793 0.023052268244575937 0.0625
0 0.052911858974358975 0.19952993421052634 0.02892825443786982 0.06381578947368421
0 0.07608740138067062 0.20062631578947368 0.02892825443786982 0.06381578947368421
0 0.02957186883629192 0.19843355263157897 0.028928254437869824 0.06381578947368424
0 0.09645377218934911 0.06416825657894737 0.025969674556213015 0.06337730263157894
0 0.11946486686390533 0.06526463815789474 0.025969674556213025 0.06337730263157894
0 0.14247596153846154 0.065703125 0.025969674556213015 0.06337730263157895
0 0.07360687869822485 0.06416825657894737 0.025969674556213018 0.06337730263157894
0 0.0513353057199211 0.06296217105263158 0.026134122287968443 0.06228092105263158
0 0.02947485207100592 0.06268815789473685 0.02712031558185405 0.06282894736842105
0 0.2140161489151874 0.07003453947368421 0.02547657790927021 0.06535065789473683
0 0.19001886094674555 0.06849934210526316 0.025476577909270236 0.06535065789473685
0 0.1661857741617357 0.06696447368421052 0.02547657790927021 0.06535065789473683
0 0.2380134368836292 0.07200822368421053 0.02547657790927021 0.06535065789473683
0 0.26283271696252464 0.07266611842105264 0.02547657790927018 0.06535065789473683
0 0.3357287968441814 0.07919029605263159 0.024161735700197237 0.06699572368421053
0 0.3110739644970414 0.0774360197368421 0.024161735700197237 0.06699572368421053
0 0.28691222879684414 0.07546233552631579 0.024161735700197237 0.06699572368421053
0 0.36038362919132144 0.08138338815789475 0.024161735700197237 0.06699572368421053
0 0.38487401380670605 0.08357615131578948 0.024161735700197237 0.06699572368421053
0 0.4096111932938856 0.08549506578947369 0.02366863905325444 0.06622828947368421
0 0.014608357988165678 0.2594787828947368 0.028270956607495065 0.06162269736842105
0 0.01537302761341223 0.4043404605263158 0.03074605522682446 0.05986842105263158
0 0.0036058925049309667 0.25904013157894734 0.007211785009861933 0.059429605263157916
0 0.010920241617357003 0.1977462171052632 0.021840483234714006 0.06403519736842105
0 0.01059146942800789 0.06254884868421053 0.02118293885601578 0.06293848684210526
0 0.007386341222879684 0.015430098684210527 0.014772682445759367 0.030860197368421053
0 0.02479893984220907 0.015539802631578949 0.024983481262327415 0.031079605263157898
0 0.047152736686390535 0.015649506578947366 0.024983481262327415 0.03129901315789473
0 0.07016383136094674 0.015649506578947366 0.02498348126232741 0.03129901315789473
0 0.09284640039447732 0.01586875 0.02465483234714004 0.0317375
0 0.11585749506903355 0.016197697368421055 0.02465483234714004 0.03239539473684211
0 0.13952625739644972 0.01685559210526316 0.02432618343195264 0.03371118421052632
0 0.16303044871794872 0.01685559210526316 0.024326183431952666 0.03371118421052632
0 0.1872742850098619 0.017732730263157893 0.02481928007889547 0.03546546052631579
0 0.2111895956607495 0.018609868421052632 0.024983727810650874 0.037219736842105264
0 0.23584442800788954 0.01959671052631579 0.024983727810650874 0.03919342105263158
0 0.26008826429980275 0.020144901315789474 0.0254768244575937 0.04028980263157895
0 0.28507174556213016 0.021241447368421054 0.025476824457593646 0.04248289473684211
0 0.30972670118343193 0.02200904605263158 0.025148175542406306 0.04401809210526316
0 0.3348745069033531 0.02332483552631579 0.024490631163708046 0.04664967105263158
0 0.36002255917159764 0.024092434210526318 0.024161982248520706 0.048184868421052636
0 0.3847596153846154 0.025298519736842107 0.024326429980276162 0.05059703947368421
0 0.40957864891518736 0.02672401315789474 0.023997534516765246 0.05344802631578948
0 0.008633999013806707 0.46102894736842115 0.017267998027613415 0.055701973684210475
0 0.0043604536489151875 0.40587549342105256 0.008720907297830375 0.0524121710526316
