0 0.03046671597633136 0.5844713815789473 0.03118836291913215 0.05065789473684211
0 0.052039694280078895 0.5844713815789473 0.031188362919132143 0.05098684210526316
0 0.07447559171597633 0.5848003289473683 0.031188362919132143 0.05098684210526316
0 0.09715803747534515 0.5848003289473683 0.03118836291913215 0.05098684210526316
0 0.1200870315581854 0.5848003289473683 0.03069526627218935 0.05098684210526316
0 0.14313929980276136 0.5848003289473683 0.03069526627218935 0.05098684210526316
0 0.16625320512820513 0.5850470394736841 0.029832347140039447 0.05148026315789474
0 0.18930547337278106 0.584389144736842 0.029832347140039447 0.05148026315789474
0 0.2130973865877712 0.584389144736842 0.029832347140039447 0.05148026315789474
0 0.2368276627218935 0.5844713815789473 0.028722879684418147 0.05164473684210526
0 0.26086612426035505 0.5841424342105263 0.02872287968441817 0.05164473684210526
0 0.28453476331360944 0.5843069078947368 0.027490138067061146 0.05164473684210526
0 0.30857322485207106 0.5838134868421052 0.027490138067061146 0.05164473684210526
0 0.33211858974358976 0.583155592105263 0.027490138067061146 0.05164473684210526
0 0.3559721400394477 0.5827444078947367 0.026134122287968443 0.05180921052631579
0 0.3795175049309665 0.5826621710526315 0.02539447731755424 0.05164473684210526
0 0.40281632149901375 0.5821687499999999 0.02539447731755424 0.05164473684210526
0 0.42611513806706114 0.5816753289473684 0.024901380670611442 0.05131578947368421
0 0.44885922090729785 0.581593092105263 0.023791913214990138 0.05115131578947369
0 0.4720964003944773 0.5810174342105262 0.022435897435897436 0.05131578947368421
0 0.49551849112426033 0.5811819078947368 0.02243589743589738 0.05164473684210526
0 0.5186940335305719 0.5806884868421052 0.022435897435897436 0.05164473684210526
0 0.5417463017751479 0.5807707236842105 0.022682445759368838 0.05115131578947369
0 0.5647985700197238 0.5808529605263157 0.023422090729783036 0.05131578947368421
0 0.5880357495069033 0.5808529605263157 0.024285009861932938 0.05131578947368421
0 0.6114578402366863 0.5810174342105262 0.024285009861932938 0.05131578947368421
0 0.6347566568047338 0.5811819078947368 0.02551775147928994 0.05065789473684211
0 0.658548570019724 0.5813463815789472 0.02551775147928994 0.05065789473684211
0 0.6824637573964497 0.5816753289473684 0.026257396449704144 0.05065789473684211
0 0.7063173076923076 0.5826621710526315 0.027366863905325445 0.05065789473684211
0 0.7307255917159764 0.5823332236842105 0.027366863905325445 0.05065789473684211
0 0.7540860453648915 0.5824976973684209 0.028229783037475344 0.05065789473684211
0 0.778124506903353 0.5821687499999999 0.028722879684418147 0.05065789473684211
0 0.8014849605522681 0.5818398026315789 0.02958579881656805 0.05098684210526316
0 0.8250919625246548 0.5820042763157894 0.030202169625246546 0.05098684210526316
0 0.8486373274161736 0.5820042763157894 0.030202169625246546 0.05098684210526316
0 0.8714430473372782 0.5815930921052631 0.03118836291913215 0.05180921052631579
0 0.8944953155818541 0.5813463815789472 0.031928007889546355 0.05164473684210526
0 0.9173010355029585 0.5810174342105262 0.031928007889546355 0.05164473684210526
0 0.9394903846153846 0.5810996710526315 0.03266765285996055 0.052138157894736845
0 0.9610017258382643 0.5802773026315788 0.03254437869822485 0.05115131578947369
0 0.9826979783037475 0.5802773026315788 0.03254437869822485 0.05115131578947369
0 0.9724662228796844 0.52748125 0.03279092702169625 0.05345394736842105
0 0.950030325443787 0.5279746710526315 0.03279092702169625 0.05345394736842105
0 0.9273478796844181 0.5279746710526315 0.03279092702169625 0.05345394736842105
0 0.9046037968441815 0.5280569078947368 0.031928007889546355 0.05361842105263158
0 0.8809351577909271 0.5282213815789473 0.031928007889546355 0.05361842105263158
0 0.8568966962524656 0.5285503289473683 0.031928007889546355 0.05361842105263158
0 0.8332896942800789 0.5287148026315789 0.03081854043392505 0.05394736842105263
0 0.8092512327416175 0.5287148026315789 0.03081854043392505 0.05394736842105263
0 0.7848429487179487 0.5290437499999999 0.03081854043392505 0.05394736842105263
0 0.7608044871794871 0.5289615131578947 0.02958579881656805 0.05411184210526316
0 0.7361496548323471 0.5294549342105263 0.02958579881656805 0.05411184210526316
0 0.7118646449704141 0.5289615131578947 0.02958579881656805 0.05411184210526316
0 0.6870865384615386 0.5292904605263158 0.028599605522682446 0.05476973684210526
0 0.6628015285996055 0.5291259868421052 0.028599605522682446 0.05476973684210526
0 0.6381466962524655 0.5287148026315789 0.027366863905325445 0.05427631578947368
0 0.6140465976331361 0.5287970394736842 0.026503944773175542 0.053782894736842106
0 0.5901314102564102 0.5288792763157895 0.02576429980276134 0.053289473684210525
0 0.5665244082840236 0.5286325657894737 0.024901380670611442 0.05345394736842105
0 0.5427324950690335 0.5286325657894737 0.02391518737672584 0.053125000000000006
0 0.5190638560157791 0.5287970394736842 0.02391518737672584 0.053125000000000006
0 0.49521030571992114 0.5287148026315789 0.02329881656804728 0.05296052631578947
0 0.471418392504931 0.5288792763157895 0.02354536489151874 0.05296052631578947
0 0.4478730276134122 0.5292082236842105 0.02354536489151874 0.05296052631578947
0 0.42426602564102567 0.529372697368421 0.02465483234714004 0.053289473684210525
0 0.40022756410256416 0.529701644736842 0.02465483234714004 0.053289473684210525
0 0.37649728796844184 0.529372697368421 0.026010848126232743 0.05361842105263158
0 0.3519657297830375 0.530030592105263 0.026010848126232743 0.05361842105263158
0 0.3279889053254438 0.5304417763157894 0.027613412228796843 0.05345394736842105
0 0.30358062130177516 0.5305240131578947 0.028353057199211048 0.05361842105263158
0 0.2789257889546351 0.5306884868421051 0.028353057199211048 0.05361842105263158
0 0.25457914201183435 0.5308529605263157 0.02921597633136097 0.05394736842105263
0 0.2298010355029586 0.5315930921052631 0.029215976331360947 0.053782894736842106
0 0.20600912228796847 0.5318398026315788 0.030202169625246546 0.05394736842105263
0 0.1818473865877712 0.5316753289473684 0.03094181459566075 0.05427631578947368
0 0.15768565088757394 0.5318398026315788 0.03094181459566075 0.05427631578947368
0 0.13358555226824456 0.5313463815789473 0.03155818540433925 0.05427631578947368
0 0.10997855029585799 0.5318398026315788 0.033160749506903356 0.05493421052631579
0 0.086125 0.5320042763157894 0.03377712031558185 0.05493421052631579
0 0.06331928007889547 0.5321687499999999 0.033777120315581846 0.05493421052631579
0 0.040760108481262325 0.5320042763157894 0.03377712031558185 0.05460526315789474
0 0.018447485207100593 0.5320865131578947 0.03377712031558185 0.05444078947368421
0 0.07389571005917159 0.39027861842105255 0.03155818540433925 0.056085526315789475
0 0.05145981262327416 0.3906075657894736 0.03155818540433925 0.056085526315789475
0 0.029701923076923077 0.39110098684210526 0.031928007889546355 0.056085526315789475
0 0.09620833333333331 0.39003190789473674 0.03155818540433925 0.0569078947368421
0 0.11938387573964496 0.3895384868421052 0.03155818540433925 0.0569078947368421
0 0.1425594181459566 0.38945624999999995 0.03081854043392505 0.056743421052631575
0 0.16585823471400396 0.3889628289473684 0.03081854043392505 0.056743421052631575
0 0.18903377712031558 0.3889628289473684 0.029832347140039447 0.056743421052631575
0 0.2124558678500986 0.3889628289473684 0.029832347140039447 0.056743421052631575
0 0.23624778106508873 0.3884694078947368 0.029832347140039447 0.056743421052631575
0 0.259978057199211 0.388551644736842 0.028722879684418147 0.056578947368421055
0 0.2838932445759369 0.388551644736842 0.028722879684418147 0.056578947368421055
0 0.30762352071005916 0.38888059210526305 0.027613412228796843 0.0569078947368421
0 0.3314770710059171 0.38888059210526305 0.027243589743589744 0.056249999999999994
0 0.35526898422090725 0.3887161184210525 0.026257396449704144 0.0569078947368421
0 0.3788759861932939 0.3890450657894736 0.025887573964497042 0.056578947368421055
0 0.4022980769230769 0.3889628289473684 0.02539447731755424 0.05641447368421053
0 0.4255968934911243 0.3891273026315789 0.02465483234714004 0.056743421052631575
0 0.4488957100591716 0.3891273026315789 0.02465483234714004 0.056743421052631575
0 0.4715781558185404 0.38945624999999995 0.023175542406311637 0.05641447368421053
0 0.4950618836291913 0.38937401315789466 0.02231262327416174 0.056249999999999994
0 0.5182374260355029 0.3890450657894736 0.022559171597633137 0.05592105263157895
0 0.5412280571992111 0.38879835526315787 0.023175542406311637 0.05542763157894737
0 0.5645268737672583 0.3889628289473684 0.023175542406311637 0.05542763157894737
0 0.58770241617357 0.3884694078947368 0.02465483234714004 0.056085526315789475
0 0.6112477810650888 0.3886338815789473 0.02465483234714004 0.056085526315789475
0 0.6347931459566075 0.3878937499999999 0.02539447731755424 0.05592105263157895
0 0.6587699704142012 0.3871536184210526 0.026503944773175542 0.05575657894736842
0 0.6823769723865879 0.3870713815789473 0.028106508875739643 0.056578947368421055
0 0.7064154339250494 0.3870713815789473 0.028106508875739643 0.056578947368421055
0 0.7304538954635109 0.3865779605263157 0.028106508875739643 0.056578947368421055
0 0.7541225345167653 0.38592006578947363 0.029092702169625246 0.057236842105263155
0 0.777667899408284 0.3860845394736841 0.029092702169625246 0.057236842105263155
0 0.80158308678501 0.3861667763157894 0.029832347140039447 0.05740131578947368
0 0.825005177514793 0.38600230263157886 0.029832347140039447 0.05740131578947368
0 0.8482423570019724 0.3855088815789473 0.03069526627218935 0.05641447368421053
0 0.8714178994082841 0.3856733552631578 0.03118836291913215 0.05641447368421053
0 0.8947167159763314 0.3853444078947368 0.03118836291913215 0.05641447368421053
0 0.9172758875739645 0.3852621710526315 0.03217455621301775 0.056249999999999994
0 0.9392186883629191 0.385426644736842 0.031681459566074946 0.05592105263157895
0 0.9616545857988166 0.3857555921052631 0.031681459566074946 0.05592105263157895
0 0.9829810157790926 0.38633124999999996 0.03266765285996055 0.05575657894736842
0 0.9716397928994083 0.32835427631578945 0.031681459566074946 0.05789473684210523
0 0.9492038954635108 0.32802532894736836 0.031681459566074946 0.05789473684210523
0 0.9267063609467455 0.3276963815789473 0.03106508875739645 0.058552631578947335
0 0.9036540927021696 0.3276963815789473 0.03106508875739645 0.058552631578947335
0 0.8803552761341222 0.327285197368421 0.030571992110453645 0.05838815789473681
0 0.8568099112426035 0.32695624999999995 0.030571992110453645 0.05773026315789471
0 0.8328947238658777 0.32728519736842104 0.030571992110453645 0.05773026315789471
0 0.8089795364891519 0.32728519736842104 0.030571992110453645 0.05773026315789471
0 0.7850643491124262 0.32744967105263156 0.029832347140039447 0.058059210526315755
0 0.7607177021696253 0.3275319078947368 0.029215976331360947 0.058223684210526275
0 0.7363094181459566 0.3275319078947368 0.029215976331360947 0.058223684210526275
0 0.7119011341222881 0.3277786184210526 0.027736686390532544 0.05871710526315786
0 0.6874928500986193 0.32843651315789474 0.027736686390532544 0.05871710526315786
0 0.6630845660749507 0.32860098684210526 0.027736686390532544 0.05871710526315786
0 0.6389844674556213 0.32901217105263153 0.027120315581854047 0.05888157894736838
0 0.6140830867850098 0.32999901315789465 0.027120315581854047 0.05888157894736838
0 0.5906609960552268 0.33032796052631574 0.02514792899408284 0.05953947368421049
0 0.5664992603550295 0.33032796052631574 0.02514792899408284 0.05953947368421049
0 0.5425224358974359 0.3309036184210526 0.024531558185404336 0.05871710526315786
0 0.51860724852071 0.33082138157894736 0.023298816568047335 0.05921052631578944
0 0.4950618836291913 0.3309858552631579 0.023298816568047335 0.05921052631578944
0 0.4707768737672584 0.33065690789473684 0.022805719921104535 0.05921052631578944
0 0.44723150887573965 0.3310680921052631 0.023791913214990138 0.05937499999999996
0 0.42337795857988164 0.33082138157894736 0.024901380670611442 0.05921052631578944
0 0.398969674556213 0.33065690789473684 0.024901380670611442 0.05921052631578944
0 0.37530103550295857 0.33082138157894736 0.026627218934911243 0.05921052631578944
0 0.35076947731755426 0.33016348684210517 0.026627218934911243 0.05953947368421049
0 0.3266693786982249 0.32983453947368413 0.027736686390532544 0.05953947368421049
0 0.30189127218934914 0.32983453947368413 0.027736686390532544 0.05953947368421049
0 0.2777911735700197 0.3295055921052631 0.028846153846153848 0.05888157894736838
0 0.2532596153846154 0.3295055921052631 0.028846153846153848 0.05888157894736838
0 0.22915951676528598 0.32999901315789465 0.02946252465483235 0.05888157894736838
0 0.20524432938856013 0.32983453947368413 0.02946252465483235 0.05888157894736838
0 0.1808360453648915 0.3301634868421053 0.030448717948717948 0.058223684210526275
0 0.15729068047337277 0.3304924342105263 0.030448717948717948 0.058223684210526275
0 0.13349876725838264 0.3311503289473684 0.03118836291913215 0.058552631578947335
0 0.1094603057199211 0.33156151315789467 0.03118836291913215 0.059046052631578916
0 0.08628476331360946 0.33205493421052623 0.03217455621301775 0.05871710526315786
0 0.06360231755424063 0.33271282894736837 0.03217455621301775 0.05871710526315786
0 0.04147460552268245 0.3332884868421052 0.032051282051282055 0.058552631578947335
0 0.019408530571992114 0.3337819078947368 0.032051282051282055 0.058552631578947335
0 0.033857741617357 0.19940180921052633 0.029421597633136096 0.059649013157894726
0 0.055225345167652866 0.1980860197368421 0.029421597633136096 0.059649013157894726
0 0.07675714990138066 0.19720871710526316 0.0294215976331361 0.05964901315789474
0 0.09952169625246549 0.1956735197368421 0.0299146942800789 0.05964901315789474
0 0.12187549309664696 0.1951251644736842 0.0299146942800789 0.06030690789473683
0 0.1447223865877712 0.193809375 0.029914694280078882 0.06030690789473683
0 0.16748705621301777 0.19348059210526314 0.030079142011834314 0.0614032894736842
0 0.19066259861932938 0.19282269736842103 0.030079142011834314 0.0614032894736842
0 0.21424913708086785 0.19293240131578948 0.02859985207100591 0.06118388157894737
0 0.23726023175542407 0.1924939144736842 0.02859985207100591 0.06118388157894737
0 0.2609288708086785 0.19205542763157896 0.02859985207100591 0.06118388157894736
0 0.2842688609467455 0.1916169407894737 0.027613658777120312 0.06118388157894736
0 0.3082661489151874 0.1917266447368421 0.027613658777120312 0.06096447368421053
0 0.33111291913214996 0.19128815789473683 0.026956114398422104 0.06096447368421053
0 0.35527465483234716 0.19180921052631578 0.025969921104536504 0.06112960526315791
0 0.37861464497041425 0.19158980263157896 0.025969921104536504 0.0611296052631579
0 0.4022010601577909 0.19148026315789474 0.0248192800788955 0.06178750000000001
0 0.42586982248520716 0.19158996710526316 0.023504437869822443 0.06200690789473684
0 0.44937401380670605 0.1911514802631579 0.0235044378698225 0.06200690789473684
0 0.47304265285996056 0.19137088815789471 0.0235044378698225 0.06200690789473685
0 0.49654696745562127 0.19169967105263155 0.02284689349112424 0.06178749999999998
0 0.5201745562130178 0.19158996710526316 0.022682445759368838 0.06200690789473684
0 0.5435145463510848 0.19158996710526316 0.022682445759368838 0.06200690789473684
0 0.5672652859960552 0.19093190789473685 0.023175542406311637 0.06244539473684211
0 0.5905230522682445 0.19106875 0.02432618343195264 0.062280263157894734
0 0.6144381163708087 0.19019161184210526 0.025476824457593646 0.061402960526315775
0 0.6377781065088757 0.18997220394736838 0.025476824457593646 0.061402960526315775
0 0.6612822978303747 0.19019161184210526 0.025476824457593646 0.061402960526315775
0 0.6847866124260354 0.18975296052631577 0.02613436883629185 0.06096447368421053
0 0.7086196992110454 0.19030115131578948 0.027120562130177453 0.06074506578947367
0 0.7322883382642998 0.19030115131578948 0.027120562130177453 0.06074506578947367
0 0.7557926528599606 0.18942384868421053 0.027778106508875768 0.060745065789473696
0 0.7792968441814595 0.18986233552631582 0.027778106508875657 0.060745065789473696
0 0.8026368343195267 0.18931414473684208 0.02876429980276137 0.06052565789473684
0 0.8253191568047337 0.1903559210526316 0.029092948717948656 0.060196710526315804
0 0.8491522435897436 0.1905753289473684 0.029092948717948656 0.06019671052631577
0 0.871670241617357 0.19098684210526315 0.03007914201183426 0.060142763157894755
0 0.8935309418145956 0.19186414473684213 0.03007914201183426 0.06014276315789472
0 0.9162132642998027 0.19285098684210522 0.03073668639053246 0.05948486842105261
0 0.937991617357002 0.19350888157894738 0.02925739644970417 0.05948486842105261
0 0.9593592209072977 0.1941667763157895 0.02925739644970406 0.05948486842105261
0 0.9804802761341223 0.19592105263157894 0.02975049309664686 0.05948486842105265
0 0.9689746055226826 0.1345174342105263 0.02975049309664686 0.059484868421052634
0 0.9467852564102563 0.13287269736842106 0.028764299802761257 0.060142763157894734
0 0.9245959072978304 0.13177631578947369 0.028764299802761257 0.060142763157894734
0 0.902242110453649 0.13046052631578947 0.02876429980276137 0.060142763157894734
0 0.8795596646942803 0.12914490131578946 0.02876429980276137 0.06102006578947368
0 0.8565485700197238 0.12848700657894738 0.028764299802761257 0.06102006578947368
0 0.8329620315581855 0.12782911184210527 0.028271203155818568 0.06233585526315789
0 0.8094578402366864 0.127390625 0.028271203155818457 0.06233585526315789
0 0.785707100591716 0.1267327302631579 0.027778106508875657 0.06233585526315789
0 0.7622029092702169 0.12629424342105264 0.027778106508875768 0.06233585526315789
0 0.7381232741617356 0.1265404605263158 0.027285009861932854 0.06282828947368421
0 0.7142080867850098 0.1267597039473684 0.026791913214990058 0.06326677631578946
0 0.6900463510848126 0.1265402960526316 0.026791913214990058 0.06326677631578949
0 0.6662132642998027 0.12697878289473685 0.026791913214990058 0.06326677631578946
0 0.641394107495069 0.12643059210526314 0.02613436883629185 0.0634861842105263
0 0.6173968195266272 0.12599210526315788 0.02613436883629185 0.0634861842105263
0 0.5928242110453648 0.1265402960526316 0.02498372781065085 0.06370559210526315
0 0.5687446992110453 0.12632105263157895 0.02416198224852076 0.06414407894736841
0 0.5447474112426035 0.12632105263157895 0.02416198224852076 0.06414407894736841
0 0.5203392504930966 0.12697894736842105 0.023011341222879643 0.06414407894736841
0 0.4965061637080868 0.12741743421052634 0.0230113412228797 0.06414407894736841
0 0.471974852071006 0.12686924342105263 0.0230113412228797 0.06436348684210526
0 0.4478131163708087 0.1273077302631579 0.0230113412228797 0.06436348684210527
0 0.4241443540433925 0.12708832236842105 0.02432618343195264 0.06436348684210526
0 0.39965396942800785 0.12708832236842105 0.02432618343195264 0.06436348684210526
0 0.37549211045364894 0.12728075657894736 0.02564102564102564 0.06430953947368422
0 0.3513303747534517 0.12750016447368423 0.02564102564102564 0.06430953947368422
0 0.32692196745562124 0.1278560855263158 0.02646277120315584 0.06458256578947369
0 0.3029245562130177 0.12829457236842104 0.027120315581854047 0.06326677631578946
0 0.27859837278106503 0.1287330592105263 0.027120315581854047 0.06326677631578949
0 0.2549296104536489 0.12851365131578946 0.02843515779092704 0.06326677631578946
0 0.23101429980276136 0.12911677631578947 0.02958579881656805 0.06381513157894736
0 0.20718121301775153 0.12955526315789473 0.02958579881656805 0.06381513157894736
0 0.18384122287968443 0.1302131578947368 0.02958579881656805 0.06381513157894736
0 0.15992615877712033 0.13152894736842102 0.029750246548323478 0.06381513157894736
0 0.13658616863905326 0.13218684210526316 0.029750246548323464 0.06381513157894736
0 0.11373927514792899 0.13350263157894735 0.029750246548323464 0.06381513157894736
0 0.09122115384615384 0.13448963815789472 0.030407790927021696 0.06271874999999999
0 0.06870315581854043 0.13624391447368422 0.030407790927021696 0.06271875000000002
0 0.046513929980276134 0.13745000000000002 0.03007914201183432 0.06249934210526315
0 0.024982125246548324 0.13920427631578944 0.03007914201183432 0.06249934210526314
0 0.03151923076923077 0.7760460526315789 0.031928007889546355 0.04621710526315789
0 0.0529689349112426 0.777032894736842 0.03192800788954635 0.04621710526315789
0 0.07491173570019724 0.7778552631578945 0.03192800788954635 0.04621710526315789
0 0.09703944773175542 0.7786776315789473 0.03131163708086785 0.04621710526315789
0 0.11935207100591715 0.7791710526315789 0.03131163708086785 0.04621710526315789
0 0.1421577909270217 0.7794999999999999 0.03007889546351085 0.04588815789473684
0 0.16545660749506905 0.7799934210526315 0.03007889546351085 0.04588815789473684
0 0.18813905325443786 0.7802401315789473 0.029339250493096644 0.04572368421052631
0 0.21149950690335306 0.7800756578947368 0.029215976331360947 0.04605263157894737
0 0.234551775147929 0.780157894736842 0.028476331360946745 0.04621710526315789
0 0.2577889546351085 0.7800756578947368 0.02785996055226827 0.04671052631578947
0 0.28121104536489155 0.7795822368421051 0.027859960552268245 0.04671052631578947
0 0.304879684418146 0.7796644736842104 0.02687376725838264 0.046875
0 0.3286715976331361 0.7796644736842104 0.02687376725838264 0.046875
0 0.35178550295857985 0.7791710526315789 0.02527120315581854 0.047203947368421054
0 0.3754541420118343 0.7786776315789473 0.024285009861932938 0.046875
0 0.398999506903353 0.7785131578947367 0.024285009861932938 0.046875
0 0.42254487179487177 0.7778552631578945 0.024285009861932938 0.046875
0 0.44602859960552266 0.777361842105263 0.022928994082840236 0.046875
0 0.46938905325443786 0.7775263157894735 0.022066074950690334 0.04753289473684211
0 0.4930576923076923 0.7781842105263157 0.022066074950690334 0.04753289473684211
0 0.516233234714004 0.7776907894736842 0.022066074950690334 0.04753289473684211
0 0.5399635108481262 0.7771973684210525 0.022435897435897436 0.046875
0 0.5632623274161735 0.777361842105263 0.023175542406311637 0.04753289473684211
0 0.5868076923076923 0.7775263157894735 0.023175542406311637 0.04753289473684211
0 0.6102297830374753 0.7776907894736842 0.02440828402366864 0.047203947368421054
0 0.6337751479289941 0.7781842105263158 0.02440828402366864 0.047203947368421054
0 0.6574437869822485 0.7781842105263157 0.025887573964497042 0.046546052631578946
0 0.6812357001972387 0.7778552631578945 0.025887573964497042 0.046546052631578946
0 0.7044112426035505 0.7781842105263157 0.02638067061143984 0.046546052631578946
0 0.728018244575937 0.778019736842105 0.027243589743589744 0.046546052631578946
0 0.7513786982248521 0.778266447368421 0.027859960552268245 0.04638157894736842
0 0.7746775147928994 0.777690789473684 0.028846153846153848 0.04588815789473684
0 0.7977297830374753 0.7775263157894735 0.028846153846153848 0.04588815789473684
0 0.8211518737672585 0.7772796052631578 0.029832347140039447 0.04605263157894737
0 0.8440808678500987 0.7768684210526314 0.030571992110453645 0.04588815789473684
0 0.8672564102564103 0.7760460526315788 0.030571992110453645 0.04588815789473684
0 0.8891992110453649 0.7757993421052631 0.03106508875739645 0.04638157894736842
0 0.9115118343195268 0.7748125 0.03106508875739645 0.04638157894736842
0 0.9335779092702171 0.7739901315789474 0.03180473372781065 0.04638157894736842
0 0.9552741617357003 0.7728388157894736 0.03180473372781065 0.04638157894736842
0 0.9764773175542408 0.7717697368421051 0.03229783037475345 0.04621710526315789
0 0.9673551528599607 0.7257169407894737 0.03311957593688365 0.0479713815789474
0 0.9452890779092703 0.7263748355263158 0.03311957593688365 0.0479713815789474
0 0.9224217209072978 0.7279373355263157 0.03250320512820515 0.047806907894736864
0 0.8992461785009862 0.728595230263158 0.03250320512820515 0.047806907894736864
0 0.8765637327416174 0.728348519736842 0.031023915187376745 0.047642434210526344
0 0.8531416420118343 0.728677467105263 0.03176356015779095 0.047642434210526344
0 0.8299660996055227 0.7288419407894737 0.031023915187376745 0.047642434210526344
0 0.8062974605522683 0.7296643092105263 0.031023915187376745 0.047642434210526344
0 0.7820124506903353 0.7299110197368421 0.029791173570019744 0.047806907894736864
0 0.7580972633136095 0.7302399671052632 0.029791173570019744 0.047806907894736864
0 0.7342437130177515 0.730130427631579 0.02794206114398424 0.04758782894736839
0 0.7102052514792899 0.7293902960526316 0.02769551282051284 0.04808124999999997
0 0.6855504191321499 0.7293353618421053 0.02769551282051284 0.0479713815789474
0 0.661635231755424 0.7291435855263159 0.026709319526627237 0.0482457236842105
0 0.6374118589743589 0.7290064144736843 0.025846400394477338 0.048629276315789505
0 0.6128803007889546 0.728677467105263 0.025353303747534535 0.048629276315789505
0 0.5887185650887574 0.728321217105263 0.02486020710059174 0.04857467105263155
0 0.5648650147928994 0.7281567434210525 0.023750739644970435 0.04857467105263155
0 0.5406416420118343 0.7282662828947367 0.023134368836291934 0.04912269736842108
0 0.5167264546351086 0.7279373355263157 0.023134368836291934 0.04912269736842108
0 0.49291395463510845 0.728348519736842 0.022435897435897436 0.04928717105263161
0 0.46875221893491115 0.7281840460526315 0.022435897435897436 0.04928717105263161
0 0.4447548076923077 0.728677467105263 0.023750739644970435 0.04994506578947371
0 0.42083962031558186 0.7293353618421052 0.023750739644970435 0.04994506578947371
0 0.3966778846153846 0.7294175986842105 0.024983481262327436 0.04912269736842108
0 0.3723928747534516 0.7302399671052632 0.024983481262327436 0.04912269736842108
0 0.3482311390532544 0.7304866776315789 0.02621622287968444 0.048629276315789505
0 0.32382285502958574 0.7309800986842105 0.02621622287968444 0.048629276315789505
0 0.2996611193293886 0.7312268092105263 0.026955867850098642 0.04879375000000003
0 0.2754377465483235 0.7318024671052631 0.02806533530571994 0.04830032894736845
0 0.25133764792899405 0.7318574013157894 0.028681706114398443 0.04841019736842102
0 0.2273608234714004 0.7322136513157894 0.030037721893491118 0.04846480263157897
0 0.20319908777120316 0.7320491776315788 0.030037721893491118 0.04846480263157897
0 0.17965372287968442 0.7320491776315788 0.030037721893491118 0.04846480263157897
0 0.15586180966469426 0.7323781250000001 0.03151701183431952 0.04879375000000003
0 0.13206989644970415 0.7318847039473684 0.03151701183431952 0.04879375000000003
0 0.10895599112426035 0.7314462171052631 0.03237993096646942 0.0482457236842105
0 0.08590372287968441 0.7312817434210526 0.03237993096646942 0.0482457236842105
0 0.06285145463510847 0.730130427631579 0.03237993096646943 0.0482457236842105
0 0.040908653846153845 0.7298014802631579 0.032379930966469433 0.0482457236842105
0 0.019335675542406318 0.7291435855263159 0.032379930966469433 0.0482457236842105
0 0.007140655818540434 0.7285953947368421 0.014281311637080869 0.048355263157894735
0 0.013489275147928994 0.7753059210526315 0.026978550295857988 0.04638157894736842
0 0.0032575197238658778 0.7855855263157895 0.0065150394477317556 0.02319078947368421
0 0.002304240631163708 0.600285197368421 0.004608481262327416 0.018914473684210526
0 0.012597633136094672 0.5840023026315789 0.025195266272189345 0.05115131578947369
0 0.006618836291913214 0.5312884868421053 0.013237672583826429 0.05361842105263158
0 0.0015029585798816568 0.41193552631578945 0.0030059171597633136 0.01480263157894737
0 0.012145710059171597 0.39137631578947374 0.024291420118343194 0.05592105263157895
0 0.0067626972386587774 0.3345779605263158 0.013525394477317555 0.05789473684210526
0 0.0035894970414201183 0.208715625 0.007178994082840237 0.04353059210526319
0 0.013903476331360945 0.2004370065789474 0.02780695266272189 0.059649013157894726
0 0.00930128205128205 0.14056875 0.0186025641025641 0.061184210526315765
0 0.9932423570019723 0.19677401315789472 0.01351528599605528 0.05921052631578948
0 0.9979267751479289 0.15313355263157893 0.004146449704142064 0.02839934210526316
0 0.9873662475345166 0.1360282894736842 0.0252675049309665 0.06085526315789473
0 0.9889277613412227 0.3292848684210527 0.02214447731755429 0.058333552631578925
0 0.9943106508875739 0.38698782894736844 0.011378698224852083 0.05575657894736842
0 0.9888865877712031 0.527777302631579 0.022226824457593698 0.05411184210526316
0 0.9940024654832348 0.5802444078947367 0.011995069033530583 0.05082236842105263
0 0.9905097386587772 0.7705128289473684 0.01898052268244579 0.04572368421052631
0 0.9967350838264301 0.7355621710526316 0.006529832347140071 0.02450657894736842
0 0.9861951429980276 0.7242957236842104 0.027609714003944803 0.04802631578947369
