0 0.3013046104536489 0.4237399671052632 0.028681706114398443 0.032785197368421025
0 0.32781693786982247 0.4235626644736842 0.028435157790926986 0.0326207236842105
0 0.35448533037475344 0.4233432565789474 0.02843515779092704 0.0326207236842105
0 0.35238966962524654 0.39044851973684214 0.02892825443786984 0.03283980263157898
0 0.325187006903353 0.3906679276315789 0.02843515779092704 0.0326207236842105
0 0.29818996548323473 0.39055822368421056 0.02950369822485205 0.03338815789473684
0 0.2711929240631164 0.3902292763157895 0.02950369822485205 0.03338815789473684
0 0.24407260848126233 0.3902292763157895 0.02950369822485205 0.03338815789473684
0 0.26786452169625247 0.3553608552631579 0.02950369822485205 0.03338815789473684
0 0.2952313856015779 0.35552532894736844 0.02950369822485205 0.03338815789473684
0 0.32284479783037473 0.3558542763157895 0.02950369822485205 0.03338815789473684
0 0.3504582100591716 0.35552532894736844 0.02950369822485205 0.03338815789473684
0 0.29212906804733724 0.3203279605263158 0.03003772189349109 0.035909868421052656
0 0.2645156558185404 0.3204924342105263 0.030037721893491118 0.035909868421052656
0 0.3201123027613412 0.32098585526315787 0.03003772189349109 0.035909868421052656
0 0.3479722633136095 0.32082138157894735 0.03003772189349109 0.035909868421052656
0 0.23677896942800786 0.3203279605263158 0.030037721893491146 0.035909868421052656
0 0.24060046844181457 0.3550319078947369 0.030037721893491118 0.03590986842105269
0 0.379098865877712 0.39017434210526325 0.027243589743589744 0.03273026315789474
0 0.4053562623274161 0.39017434210526325 0.027243589743589744 0.03273026315789474
0 0.43198348126232744 0.39000986842105273 0.027243589743589744 0.03273026315789474
0 0.4311205621301775 0.35530592105263165 0.027243589743589744 0.03273026315789474
0 0.4040002465483234 0.35547039473684217 0.027243589743589744 0.03273026315789474
0 0.3772497534516765 0.3557993421052632 0.027243589743589744 0.03273026315789474
0 0.45797386587771205 0.38970855263157894 0.025558678500986177 0.03190789473684211
0 0.4838614398422091 0.3892700657894737 0.025558678500986177 0.03190789473684211
0 0.4576450936883629 0.35500444078947374 0.02572312623274164 0.03333322368421055
0 0.48377921597633133 0.35522384868421053 0.02572312623274164 0.03333322368421055
0 0.4568643984220907 0.3204101973684211 0.026134122287968443 0.03475855263157897
0 0.48357371794871795 0.3208486842105263 0.026134122287968443 0.034758552631578926
0 0.42999063116370806 0.3209582236842105 0.026134122287968443 0.03475855263157897
0 0.4027058678500986 0.3207388157894737 0.026134122287968443 0.034758552631578926
0 0.37533900394477315 0.32082138157894735 0.028106508875739643 0.034868421052631576
0 0.4328996548323471 0.4224373355263158 0.02564102564102564 0.03146940789473682
0 0.40692998027613414 0.4224373355263158 0.02564102564102564 0.03146940789473682
0 0.38096030571992107 0.42265674342105264 0.02564102564102564 0.03146940789473689
0 0.4585408037475345 0.42183437500000004 0.024983481262327436 0.03146940789473689
0 0.4839352810650887 0.4212860197368421 0.024983481262327436 0.03146940789473682
0 0.24727958579881656 0.42352006578947365 0.02903106508875737 0.032648026315789475
0 0.27427662721893487 0.4234378289473684 0.029031065088757396 0.032648026315789475
0 0.22059072978303748 0.42360230263157894 0.029031065088757396 0.032648026315789475
0 0.19036809664694282 0.390858552631579 0.029154339250493096 0.03338815789473684
0 0.2172418639053255 0.3903651315789474 0.029154339250493096 0.03338815789473684
0 0.16386415187376727 0.3911875 0.029154339250493096 0.03338815789473684
0 0.1374834812623274 0.3911875 0.029154339250493107 0.03338815789473684
0 0.11159590729783037 0.3911875 0.029154339250493096 0.03338815789473684
0 0.10666494082840236 0.3563190789473684 0.029154339250493096 0.03338815789473684
0 0.1332921597633136 0.3563190789473684 0.029154339250493107 0.03338815789473684
0 0.15930300788954635 0.35582565789473686 0.029154339250493096 0.03338815789473684
0 0.18605350098619333 0.3553322368421053 0.029154339250493096 0.03338815789473684
0 0.21329709072978306 0.3550032894736842 0.029154339250493096 0.03338815789473684
0 0.16792184418145956 0.4246302631578947 0.029092702169625246 0.03256578947368421
0 0.19405596646942802 0.4245207236842105 0.029092702169625246 0.03256578947368421
0 0.14170562130177516 0.4246302631578947 0.029092702169625246 0.03256578947368421
0 0.11614669625246549 0.42495921052631574 0.029092702169625246 0.03256578947368421
0 0.08590347633136095 0.3919549342105263 0.02925714990138066 0.033223684210526315
0 0.0605089990138067 0.3926128289473684 0.02925714990138066 0.033223684210526315
0 0.03601861439842209 0.3932707236842105 0.029257149901380675 0.033223684210526315
0 0.08080830867850099 0.3569769736842105 0.02925714990138066 0.033223684210526315
0 0.05533173076923077 0.35763486842105263 0.02925714990138067 0.033223684210526315
0 0.03051245069033531 0.35851217105263156 0.029257149901380675 0.033223684210526315
0 0.01718836291913215 0.4264805921052631 0.028661242603550297 0.0328125
0 0.041411735700197246 0.4257404605263157 0.0286612426035503 0.0328125
0 0.0657172090729783 0.425466447368421 0.02866124260355029 0.0328125
0 0.09071129191321499 0.4251513157894736 0.029092702169625246 0.03256578947368421
0 0.10219008875739646 0.3217569078947368 0.029832347140039447 0.03536184210526319
0 0.1288173076923077 0.32126348684210526 0.029832347140039437 0.03536184210526319
0 0.07593269230769231 0.3225792763157895 0.029832347140039447 0.03536184210526319
0 0.050291666666666665 0.3232371710526316 0.029832347140039447 0.03536184210526319
0 0.15544452662721892 0.32077006578947365 0.029832347140039447 0.03536184210526319
0 0.18231829388560156 0.3205644736842105 0.029955621301775148 0.035279605263157925
0 0.20950024654832344 0.320728947368421 0.029955621301775148 0.035279605263157925
0 0.025718934911242605 0.32422401315789473 0.029215976331360947 0.03486842105263161
0 0.21830843195266272 0.179628125 0.028353057199211048 0.035635855263157885
0 0.1920922090729783 0.1800666118421053 0.028353057199211048 0.035635855263157885
0 0.24460700197238655 0.1791893092105263 0.028353057199211048 0.035635855263157906
0 0.270741124260355 0.1785314144736842 0.028353057199211048 0.035635855263157906
0 0.16620463510848127 0.18066957236842104 0.028353057199211048 0.035635855263157906
0 0.14019378698224852 0.1814919407894737 0.028353057199211048 0.035635855263157906
0 0.13624901380670612 0.14508832236842106 0.028353057199211048 0.035635855263157906
0 0.16238313609467456 0.14464983552631577 0.028353057199211048 0.035635855263157885
0 0.1886817061143984 0.1433340460526316 0.028353057199211048 0.035635855263157885
0 0.21481582840236685 0.14267615131578945 0.028353057199211048 0.035635855263157885
0 0.2414430473372781 0.14223766447368422 0.02835305719921102 0.035635855263157906
0 0.2679058185404339 0.1415797697368421 0.028353057199211048 0.035635855263157906
0 0.29436858974358976 0.14103157894736842 0.028353057199211048 0.03585526315789474
0 0.2969982741617357 0.17847680921052633 0.027613412228796843 0.03508782894736843
0 0.32362549309664695 0.17781891447368425 0.027613412228796843 0.03508782894736843
0 0.32132445759368833 0.14097680921052633 0.027613412228796843 0.03508782894736843
0 0.34762302761341224 0.14075740131578945 0.027613412228796843 0.03508782894736841
0 0.37425024654832345 0.14053799342105264 0.027613412228796843 0.03508782894736843
0 0.349430966469428 0.17759950657894735 0.027613412228796843 0.03508782894736841
0 0.3760581854043392 0.1773800986842105 0.027613412228796843 0.03508782894736841
0 0.40235675542406313 0.1773800986842105 0.027613412228796843 0.03508782894736841
0 0.4007130177514793 0.1403185855263158 0.027613412228796843 0.03508782894736841
0 0.4270115877712032 0.13977039473684208 0.027613412228796843 0.034868421052631576
0 0.45413178007889543 0.17716101973684212 0.025476577909270236 0.035635855263157885
0 0.42840865384615384 0.17694161184210525 0.02547657790927018 0.035635855263157885
0 0.48010170118343193 0.17694161184210525 0.025476577909270236 0.035635855263157885
0 0.4798551528599605 0.1394416118421053 0.025476577909270236 0.035635855263157906
0 0.45363892998027605 0.1396610197368421 0.025476577909270236 0.035635855263157885
0 0.2921289447731756 0.10475164473684209 0.028229783037475344 0.03692434210526316
0 0.26519354043392507 0.1054095394736842 0.028229783037475344 0.03692434210526316
0 0.31894107495069035 0.10453223684210527 0.028229783037475344 0.03692434210526316
0 0.372534516765286 0.10342203947368422 0.027181952662721894 0.037006578947368425
0 0.34541420118343197 0.10407993421052632 0.027181952662721894 0.037006578947368425
0 0.39932618343195264 0.10342203947368422 0.027181952662721894 0.037006578947368425
0 0.42611785009861936 0.10276414473684212 0.027181952662721894 0.037006578947368425
0 0.45274506903353057 0.10298355263157893 0.027181952662721894 0.037006578947368425
0 0.47952638067061143 0.10262697368421053 0.02638067061143984 0.038157894736842106
0 0.15857914201183432 0.10829029605263159 0.02843540433925051 0.036732565789473676
0 0.18512426035502957 0.1072485197368421 0.028599605522682446 0.036622697368421046
0 0.2119159270216962 0.10659062500000001 0.028599605522682446 0.036622697368421046
0 0.23846104536489154 0.10582319078947369 0.028599605522682474 0.03662269736842106
0 0.10688621794871794 0.11119588815789475 0.027448964497041428 0.036622697368421046
0 0.13252724358974358 0.10944161184210525 0.027448964497041428 0.03662269736842106
0 0.08182038954635108 0.112840625 0.027448964497041414 0.036622697368421046
0 0.05716555719921105 0.11470476973684211 0.027448964497041414 0.03662269736842106
0 0.08570364891518736 0.14828486842105265 0.027736686390532544 0.036019736842105264
0 0.11072830374753452 0.1470513157894737 0.027736686390532544 0.036019736842105264
0 0.060740631163708085 0.1499296052631579 0.027736686390532537 0.036019736842105264
0 0.03740064102564103 0.1525611842105263 0.027736686390532544 0.03601973684210525
0 0.013635848126232742 0.1549047697368421 0.027271696252465484 0.03706151315789474
0 0.03290113412228797 0.11748700657894737 0.027777613412228792 0.037938486842105254
0 0.09032642998027612 0.18426332236842108 0.028106508875739643 0.03541677631578948
0 0.11465261341222878 0.182728125 0.02810650887573963 0.03541677631578946
0 0.06591814595660749 0.18535970394736842 0.028106508875739636 0.03541677631578946
0 0.018282790927021696 0.18977335526315786 0.027551775147928996 0.03618421052631579
0 0.04182815581854044 0.18763519736842105 0.027551775147928996 0.03618421052631579
0 0.04651257396449704 0.22188684210526313 0.027921597633136095 0.03495065789473684
0 0.02278229783037475 0.2235315789473684 0.027921597633136095 0.03495065789473684
0 0.07024285009861933 0.2199131578947368 0.027921597633136085 0.03495065789473684
0 0.11878205128205127 0.21736381578947364 0.027613412228796843 0.034292763157894736
0 0.09412721893491123 0.21843289473684208 0.027613412228796843 0.034292763157894736
0 0.14405325443786982 0.21654144736842101 0.027613412228796843 0.034292763157894736
0 0.1954893984220907 0.2154723684210526 0.028044871794871792 0.03462171052631579
0 0.16954018737672583 0.21588355263157893 0.028044871794871792 0.03462171052631579
0 0.2215618836291913 0.2147322368421052 0.028044871794871792 0.03462171052631579
0 0.2736760355029586 0.21386875 0.027366863905325445 0.034210526315789476
0 0.24760355029585798 0.21436217105263156 0.027366863905325445 0.034210526315789476
0 0.2998717948717949 0.21386875 0.027366863905325445 0.034210526315789476
0 0.35173939842209073 0.21304638157894737 0.02681213017751479 0.03453947368421052
0 0.32572855029585795 0.21345756578947367 0.02681213017751479 0.03453947368421052
0 0.37793515779092696 0.2132108552631579 0.02681213017751479 0.03453947368421052
0 0.42918639053254437 0.21263519736842104 0.02551775147928994 0.03453947368421052
0 0.40354536489151877 0.2127174342105263 0.02551775147928994 0.03453947368421052
0 0.45476577909270216 0.2127996710526316 0.02551775147928994 0.03453947368421052
0 0.4805608974358974 0.2125118421052631 0.024963017751479293 0.034786184210526316
0 0.5394346646942801 0.18149473684210526 0.026010848126232743 0.03618421052631579
0 0.5137320019723866 0.18174144736842107 0.026010848126232798 0.03618421052631579
0 0.5650756903353057 0.1814125 0.026010848126232743 0.03618421052631579
0 0.6156180966469429 0.18138503289473684 0.025723372781065047 0.034758881578947375
0 0.59047016765286 0.18116562499999997 0.025723372781065047 0.03475888157894736
0 0.641094674556213 0.18116562499999997 0.02572337278106516 0.03475888157894736
0 0.6664891518737672 0.18138503289473684 0.02572337278106516 0.034758881578947375
0 0.6141388067061144 0.21625345394736842 0.025723372781065047 0.034758881578947375
0 0.5889908777120316 0.21658240131578946 0.025723372781065047 0.034758881578947375
0 0.5637608481262327 0.21669194078947368 0.025723372781065047 0.034758881578947375
0 0.565856385601578 0.14429621710526316 0.025435650887573942 0.035471381578947365
0 0.5398455374753452 0.14413174342105264 0.025435650887573942 0.035471381578947365
0 0.5398455374753452 0.14413174342105264 0.025435650887573942 0.035471381578947365
0 0.591743959566075 0.14446069078947368 0.025435650887573942 0.035471381578947365
0 0.617261711045365 0.1446251644736842 0.025435650887573942 0.035471381578947365
0 0.6431492850098619 0.14478963815789475 0.025435650887573942 0.035471381578947365
0 0.6940409270216963 0.14514605263157893 0.02638067061143984 0.03541644736842105
0 0.6684820019723865 0.1449266447368421 0.02638067061143984 0.03541644736842105
0 0.7192709566074951 0.14558453947368422 0.02638067061143984 0.03541644736842105
0 0.7446654339250494 0.14558453947368422 0.02638067061143984 0.03541644736842105
0 0.6915342702169625 0.18143980263157894 0.02638067061143984 0.035416447368421033
0 0.7691969921104536 0.14624243421052632 0.02638067061143984 0.03541644736842105
0 0.7415837031558185 0.18138519736842101 0.026709319526627237 0.0338815789473684
0 0.716764423076923 0.18138519736842101 0.026709319526627126 0.0338815789473684
0 0.7664027366863905 0.18138519736842101 0.026709319526627237 0.0338815789473684
0 0.8153838757396451 0.1825365131578947 0.026298323471400434 0.0332236842105263
0 0.7908111439842209 0.1824269736842105 0.026298323471400323 0.033223684210526315
0 0.839709812623274 0.1836332236842105 0.026298323471400323 0.033223684210526315
0 0.8635428994082839 0.1839621710526316 0.026298323471400323 0.033223684210526315
0 0.8189177761341223 0.14739375 0.026955867850098642 0.034868421052631576
0 0.7944273915187375 0.14640690789473684 0.026955867850098642 0.034868421052631576
0 0.8430795118343195 0.14816118421052632 0.026955867850098642 0.034868421052631576
0 0.8671591469428007 0.1487095394736842 0.026955867850098642 0.034868421052631576
0 0.9097296597633135 0.18604523026315786 0.025558925049309643 0.03399111842105266
0 0.8866362179487179 0.1847294407894737 0.025558925049309754 0.03399111842105264
0 0.890334442800789 0.15040937499999998 0.025558925049309754 0.03399111842105264
0 0.9134278846153846 0.15139621710526313 0.025558925049309643 0.03399111842105264
0 0.9359458826429979 0.15315049342105264 0.025558925049309754 0.03399111842105264
0 0.9320832100591715 0.18725148026315785 0.025558925049309643 0.033991118421052624
0 0.9581765285996056 0.15452105263157895 0.02465483234714004 0.03344276315789473
0 0.9800372287968442 0.15627532894736842 0.02465483234714004 0.03344276315789472
0 0.9543141025641025 0.18818322368421053 0.02465483234714004 0.03344276315789472
0 0.9760924556213018 0.1893894736842105 0.02465483234714004 0.03344276315789475
0 0.8462744082840238 0.11390986842105263 0.026442307692307692 0.03626644736842105
0 0.8703128698224852 0.11522565789473684 0.026442307692307692 0.03626644736842105
0 0.8222975838264301 0.11251184210526316 0.026442307692307692 0.03626644736842105
0 0.9169721400394478 0.1178983552631579 0.02570266272189349 0.03569078947368421
0 0.8936733234714005 0.11658256578947368 0.02570266272189349 0.03569078947368421
0 0.9397162228796846 0.11995427631578948 0.02570266272189349 0.03569078947368421
0 0.9835710059171598 0.12344934210526315 0.02465483234714004 0.03462171052631579
0 0.9618131163708088 0.12139342105263157 0.02465483234714004 0.03462171052631579
0 0.7721866370808679 0.11071611842105264 0.02668885601577909 0.03536184210526316
0 0.7972729289940829 0.11120953947368423 0.02668885601577909 0.03536184210526316
0 0.7470387080867851 0.1103871710526316 0.02668885601577909 0.03536184210526316
0 0.7215209566074952 0.10989375000000003 0.02668885601577909 0.03536184210526316
0 0.6706087278106511 0.10911250000000002 0.02681213017751479 0.03626644736842105
0 0.6963113905325445 0.10968815789473685 0.02681213017751479 0.03626644736842105
0 0.6447827909270217 0.10903026315789474 0.02681213017751479 0.03626644736842105
0 0.6188335798816568 0.10861907894736843 0.02681213017751479 0.03626644736842105
0 0.5669455128205128 0.10813947368421054 0.02638067061143984 0.036513157894736845
0 0.5929975345167652 0.10813947368421054 0.02638067061143984 0.036513157894736845
0 0.5403182938856015 0.1080299342105263 0.02638067061143984 0.036513157894736845
0 0.5138963264299803 0.14465263157894737 0.02547657790927029 0.03640328947368421
0 0.5141428747534517 0.10781052631578945 0.02547657790927029 0.03640328947368421
0 0.5386585305719921 0.2169483552631579 0.02520956607495069 0.03445723684210526
0 0.5133873274161735 0.2171128289473684 0.02520956607495069 0.03445723684210526
0 0.6643673570019725 0.2158108552631579 0.026010848126232743 0.03355263157894737
0 0.6392194280078896 0.2158108552631579 0.026010848126232743 0.03355263157894737
0 0.6893920118343195 0.21548190789473687 0.026010848126232743 0.03355263157894737
0 0.7390098619329388 0.21560526315789477 0.026503944773175542 0.033305921052631575
0 0.7140468441814595 0.2157697368421053 0.026503944773175542 0.033305921052631575
0 0.7635414201183431 0.21568750000000003 0.026503944773175542 0.033305921052631575
0 0.8121114398422092 0.21602993421052627 0.026134122287968443 0.03289473684210526
0 0.7880318047337279 0.21602993421052627 0.026134122287968443 0.03289473684210526
0 0.8361908284023669 0.21657828947368418 0.026134122287968443 0.03289473684210526
0 0.8597773668639055 0.21712664473684212 0.026134122287968443 0.03289473684210526
0 0.9060875246548323 0.21877121710526312 0.025558678500986233 0.032675328947368416
0 0.8834050788954635 0.21811332236842104 0.025558678500986233 0.032675328947368416
0 0.9283589743589743 0.21975805921052635 0.025558678500986233 0.032675328947368416
0 0.950219674556213 0.2207449013157895 0.025558678500986233 0.032675328947368416
0 0.9719569773175543 0.2218963815789474 0.025312376725838245 0.03256578947368421
0 0.7083147189349112 0.017883388157894736 0.025805473372781045 0.03576677631578947
0 0.732229906311637 0.01865082236842105 0.025805473372781045 0.03576677631578947
0 0.7563095414201183 0.01974720394736842 0.02580547337278116 0.03576677631578948
0 0.7798137327416174 0.020964309210526316 0.025312376725838245 0.03508782894736842
0 0.8032358234714003 0.022170559210526318 0.025312376725838245 0.03508782894736842
0 0.8492581360946746 0.025624342105263157 0.02440828402366864 0.034210526315789476
0 0.8266989644970414 0.023815131578947366 0.02440828402366864 0.034210526315789476
0 0.8718173076923077 0.027598026315789472 0.02440828402366864 0.034210526315789476
0 0.8935135601577909 0.029736184210526317 0.02440828402366864 0.034210526315789476
0 0.9370293392504929 0.033738486842105266 0.02391518737672584 0.03355263157894737
0 0.9155283530571992 0.03176480263157895 0.024100098619329387 0.03388157894736842
0 0.9580579388560158 0.03571217105263158 0.024100098619329387 0.03388157894736842
0 0.9791378205128205 0.03834375 0.024100098619329387 0.03388157894736842
0 0.17627662721893492 0.01784046052631579 0.026010848126232743 0.035526315789473684
0 0.15211489151873764 0.01915625 0.026010848126232743 0.035526315789473684
0 0.12844625246548322 0.020636513157894738 0.02601084812623273 0.035526315789473684
0 0.10465433925049308 0.022610197368421053 0.026010848126232743 0.035526315789473684
0 0.058303254437869816 0.025899671052631582 0.02576429980276134 0.0361842105263158
0 0.08098570019723865 0.024419407894736844 0.02576429980276134 0.0361842105263158
0 0.03549753451676529 0.02770888157894737 0.025764299802761344 0.0361842105263158
0 0.01288214990138067 0.030175986842105266 0.02576429980276134 0.0361842105263158
0 0.5691854043392506 0.38794292763157895 0.02564102564102564 0.03245625000000005
0 0.5440374753451678 0.38860082236842103 0.02564102564102564 0.03245625000000005
0 0.5446950197238659 0.3539518092105264 0.02564102564102564 0.03245624999999997
0 0.5706646942800789 0.3537324013157894 0.02564102564102564 0.03245625000000005
0 0.596634368836292 0.35351299342105263 0.02564102564102564 0.03245624999999997
0 0.5951550788954635 0.38750411184210526 0.02564102564102564 0.03245624999999997
0 0.6209605522682445 0.38706562499999997 0.02564102564102564 0.03245624999999997
0 0.6462726824457594 0.3868462171052632 0.02564102564102564 0.03245624999999997
0 0.6722423570019723 0.38662680921052633 0.02564102564102564 0.03245625000000005
0 0.622768614398422 0.3528552631578947 0.026791666666666644 0.0335526315789474
0 0.6490260108481262 0.3523618421052631 0.026791666666666644 0.0335526315789474
0 0.6745437623274161 0.35170394736842103 0.026791666666666644 0.0335526315789474
0 0.7009244329388559 0.351375 0.026791666666666644 0.0335526315789474
0 0.7240589250493096 0.3856404605263158 0.027366863905325445 0.03223684210526316
0 0.698335798816568 0.3859694078947368 0.027366863905325445 0.03223684210526316
0 0.7496178500986193 0.385421052631579 0.027366863905325445 0.03223684210526316
0 0.7748890532544378 0.3852565789473684 0.027366863905325445 0.03223684210526316
0 0.8004068047337278 0.3852565789473684 0.027366863905325445 0.03223684210526316
0 0.7527818047337276 0.3509088815789474 0.027859960552268245 0.03322368421052628
0 0.7270175049309664 0.35057993421052636 0.027859960552268245 0.03322368421052628
0 0.8035091222879683 0.3514845394736842 0.027983234714003942 0.03305921052631575
0 0.7784844674556213 0.35115559210526315 0.027983234714003942 0.03305921052631575
0 0.8286570512820511 0.35132006578947367 0.027983234714003942 0.03305921052631575
0 0.8531886094674556 0.3516490131578947 0.027983234714003942 0.03305921052631575
0 0.849428624260355 0.3858871710526316 0.02753131163708085 0.03256578947368421
0 0.8251024408284025 0.3854486842105263 0.02753131163708085 0.03256578947368421
0 0.8735491863905326 0.3862710526315789 0.02753131163708085 0.03256578947368421
0 0.8778637820512821 0.352225 0.02753131163708085 0.03256578947368417
0 0.921235946745562 0.38662730263157896 0.02675049309664694 0.03174342105263158
0 0.8974440335305718 0.3862983552631579 0.02675049309664694 0.03174342105263158
0 0.9017586291913214 0.35241677631578955 0.02675049309664694 0.03174342105263158
0 0.92530399408284 0.35307467105263163 0.02675049309664694 0.03174342105263158
0 0.9488493589743588 0.3535680921052632 0.02675049309664694 0.03174342105263158
0 0.9442882149901379 0.38695625 0.02675049309664694 0.03174342105263158
0 0.9717783530571992 0.35455493421052636 0.02675049309664694 0.03174342105263158
0 0.9669706607495068 0.38761414473684214 0.02675049309664694 0.03174342105263158
0 0.5936964990138067 0.4203717105263158 0.026010848126232743 0.03190789473684211
0 0.5683636587771204 0.4205361842105263 0.026010848126232743 0.03190789473684211
0 0.6191526134122289 0.4196588815789473 0.026010848126232743 0.03190789473684211
0 0.644464990138067 0.4196588815789473 0.026010848126232743 0.03190789473684211
0 0.7212236193293885 0.41839802631578943 0.026997041420118342 0.03223684210526316
0 0.6954593195266272 0.41872697368421047 0.026997041420118342 0.03223684210526316
0 0.6699415680473373 0.41922039473684214 0.026997041420118342 0.03223684210526316
0 0.7967290433925048 0.4180690789473684 0.027613412228796843 0.03245592105263156
0 0.7719097633136094 0.4181786184210526 0.027613412228796843 0.03245592105263156
0 0.7467618343195266 0.41839802631578943 0.027613412228796843 0.03245592105263156
0 0.820890779092702 0.41839802631578943 0.027613412228796843 0.03245592105263156
0 0.8933348126232741 0.41872697368421047 0.027449211045364852 0.031469078947368403
0 0.8696661735700197 0.41861743421052633 0.027449211045364852 0.03146907894736847
0 0.8454223372781065 0.4181789473684211 0.027449211045364852 0.031469078947368403
0 0.9168392504930967 0.4188368421052632 0.027449211045364963 0.031469078947368403
0 0.9622040187376726 0.41927516447368424 0.025476577909270236 0.031030592105263113
0 0.9398502218934912 0.4189462171052632 0.025476577909270236 0.031030592105263113
0 0.9843933678500986 0.4193847039473683 0.025476577909270236 0.031030592105263186
0 0.7037391518737672 0.3171919407894737 0.027859960552268245 0.03442993421052632
0 0.7298732741617356 0.3171919407894737 0.027859960552268245 0.03442993421052632
0 0.677194033530572 0.3177402960526316 0.027859960552268245 0.03442993421052632
0 0.6511420118343196 0.31752088815789475 0.027859960552268245 0.03442993421052632
0 0.8069196252465484 0.31757565789473685 0.028106508875739643 0.03388157894736842
0 0.7815251479289942 0.3170273026315789 0.028106508875739643 0.03388157894736842
0 0.7559662228796845 0.31713684210526316 0.028106508875739643 0.03388157894736842
0 0.8321496548323472 0.3177947368421053 0.028106508875739643 0.03388157894736842
0 0.8571331360946748 0.31823322368421053 0.028106508875739643 0.03388157894736842
0 0.929536365877712 0.3203169407894737 0.026791666666666644 0.033662171052631605
0 0.9056211785009862 0.31965904605263157 0.026791666666666644 0.03366217105263157
0 0.8815415433925048 0.3188916118421053 0.026791666666666644 0.03366217105263157
0 0.9526295611439843 0.3213037828947369 0.026791666666666644 0.033662171052631605
0 0.9758872041420118 0.3221810855263158 0.026791666666666755 0.03366217105263157
0 0.5720823471400395 0.31900115131578943 0.026544871794871836 0.03464901315789473
0 0.5457837771203156 0.3198784539473684 0.026544871794871836 0.03464901315789473
0 0.5982985700197239 0.31834325657894735 0.026544871794871836 0.03464901315789473
0 0.6246792406311639 0.3184527960526316 0.026544871794871836 0.034649013157894766
0 0.518868959566075 0.3544999999999999 0.025476577909270236 0.034100657894736826
0 0.5191976084812623 0.3198509868421053 0.025476577909270236 0.03410065789473686
0 0.5179649901380671 0.42138585526315786 0.02539447731755424 0.031578947368421054
0 0.5184580867850099 0.3891490131578947 0.02539447731755424 0.031578947368421054
0 0.5431950197238659 0.4208375 0.02539447731755424 0.031578947368421054
0 0.5461468195266272 0.5695004934210527 0.026052021696252446 0.03081151315789471
0 0.5199305966469429 0.5702679276315789 0.026052021696252446 0.030811513157894783
0 0.5205057938856016 0.5382504934210527 0.026052021696252446 0.03081151315789471
0 0.5470509122287969 0.5379215460526316 0.026052021696252446 0.03081151315789471
0 0.5736781311637081 0.5379215460526316 0.026052021696252446 0.03081151315789471
0 0.5723632889546351 0.5692810855263157 0.026052021696252446 0.030811513157894783
0 0.5984974112426035 0.5691166118421053 0.026052021696252446 0.030811513157894783
0 0.6002232495069033 0.5373731907894737 0.026052021696252446 0.030811513157894783
0 0.626727194280079 0.5372087171052631 0.026052021696252446 0.030811513157894783
0 0.6248780818540435 0.5687876644736842 0.026052021696252446 0.030811513157894783
0 0.6231522435897436 0.6002021381578947 0.026052021696252446 0.030811513157894783
0 0.5973879437869822 0.6006955592105263 0.026052021696252446 0.030811513157894783
0 0.5713770956607495 0.6006955592105263 0.026052021696252446 0.030811513157894783
0 0.5454895216962524 0.6015179276315789 0.026052021696252446 0.030811513157894783
0 0.5197252218934911 0.6015179276315789 0.026052021696252446 0.030811513157894783
0 0.5191088510848126 0.6317810855263158 0.026052021696252446 0.030811513157894783
0 0.5447498767258383 0.6314521381578948 0.026052021696252446 0.030811513157894783
0 0.570760724852071 0.6314521381578948 0.026052021696252446 0.030811513157894783
0 0.5959086538461539 0.6311231907894738 0.026052021696252446 0.030811513157894783
0 0.6217962278106509 0.6312876644736842 0.026052021696252446 0.030811513157894783
0 0.6478070759368836 0.6309587171052632 0.026052021696252446 0.030811513157894783
0 0.6491630917159762 0.6006955592105263 0.026052021696252446 0.030811513157894783
0 0.6513820266272189 0.5688972039473684 0.026052021696252446 0.03081151315789471
0 0.6532721893491125 0.536989144736842 0.027202662721893447 0.03190789473684211
0 0.6757901873767259 0.6005036184210526 0.027366863905325445 0.030427631578947366
0 0.6783789447731756 0.5689246710526314 0.027366863905325445 0.030427631578947366
0 0.6803513313609468 0.5376746710526314 0.027366863905325445 0.030427631578947366
0 0.6739410749506903 0.6310957236842104 0.027366863905325445 0.030427631578947366
0 0.6997053747534517 0.6314246710526314 0.027366863905325445 0.030427631578947366
0 0.7021708579881657 0.6014904605263157 0.027366863905325445 0.030427631578947366
0 0.7047596153846154 0.5685957236842104 0.027366863905325445 0.030427631578947366
0 0.7073483727810651 0.5370167763157894 0.027366863905325445 0.030427631578947366
0 0.7311402859960552 0.568760197368421 0.027366863905325445 0.030427631578947366
0 0.7281817061143984 0.6005036184210526 0.027366863905325445 0.030427631578947366
0 0.7254696745562131 0.6309312499999999 0.027366863905325445 0.030427631578947366
0 0.7342837771203157 0.5361944078947368 0.028969428007889545 0.03273026315789474
0 0.7835728550295857 0.5678557565789474 0.028270956607495047 0.031140460526315764
0 0.7572742850098619 0.5680751644736841 0.02827095660749516 0.031140460526315764
0 0.7541512573964495 0.6003120065789473 0.028270956607495047 0.031140460526315764
0 0.7511926775147928 0.630465625 0.028270956607495047 0.031140460526315836
0 0.7796278353057199 0.600092927631579 0.028270956607495047 0.031140460526315764
0 0.7762582593688362 0.630465625 0.028270956607495047 0.031140460526315836
0 0.8015706360946745 0.629588322368421 0.028270956607495047 0.031140460526315764
0 0.8052688609467455 0.5996541118421053 0.028270956607495047 0.031140460526315764
0 0.8095835798816567 0.5678555921052632 0.028599605522682446 0.03125
0 0.8135283530571992 0.5360572368421053 0.028599605522682446 0.03125
0 0.7873121301775149 0.5362766447368421 0.028599605522682446 0.03125
0 0.7606849112426036 0.5363865131578947 0.028599605522682446 0.03190789473684211
0 0.8553608234714005 0.5987342105263159 0.028024408284023646 0.030263157894736843
0 0.8304594428007891 0.599172697368421 0.028024408284023646 0.030263157894736843
0 0.8351438609467455 0.5670453947368421 0.028024408284023646 0.030263157894736843
0 0.8602917899408286 0.5669358552631579 0.028024408284023646 0.030263157894736843
0 0.8852752712031559 0.5667164473684211 0.028024408284023757 0.030263157894736843
0 0.8802622041420118 0.5984049342105263 0.028024408284023646 0.030263157894736843
0 0.9045883875739644 0.5975276315789473 0.028024408284023646 0.030263157894736843
0 0.9096014546351086 0.5660582236842105 0.028024408284023646 0.030263157894736843
0 0.9573496055226826 0.5651814144736842 0.027859960552268245 0.031140460526315764
0 0.933598865877712 0.5660587171052632 0.027859960552268245 0.031140460526315836
0 0.9805251479289941 0.5645235197368421 0.027859960552268245 0.031140460526315764
0 0.974361439842209 0.5951156249999999 0.027859960552268245 0.031140460526315764
0 0.9515145463510847 0.595992927631579 0.027859960552268245 0.031140460526315836
0 0.9282569033530572 0.5970893092105263 0.027859960552268245 0.031140460526315764
0 0.8755367357001974 0.6282297697368422 0.02769575936883625 0.02949572368421057
0 0.8260215729783038 0.6290521381578947 0.02794206114398424 0.029166776315789518
0 0.8509229536489151 0.6288327302631578 0.02794206114398424 0.02916677631578945
0 0.9229972879684418 0.6266945723684211 0.027613412228796843 0.029714802631578975
0 0.8994930966469428 0.627571875 0.027613412228796843 0.029714802631578902
0 0.9460907297830374 0.6259271381578948 0.027613412228796843 0.029714802631578902
0 0.9686087278106508 0.6248307565789475 0.027613412228796843 0.029714802631578975
0 0.8900830867850099 0.5350279605263157 0.028681952662721853 0.031688815789473704
0 0.8647707100591714 0.5352473684210527 0.028681952662721964 0.031688815789473704
0 0.8397048816568048 0.5354667763157895 0.028681952662721964 0.031688815789473704
0 0.9148200197238657 0.5348088815789475 0.028681952662721964 0.031688815789473704
0 0.9391462031558185 0.5342605263157896 0.028681952662721853 0.031688815789473704
0 0.962855892504931 0.5338217105263158 0.027777859960552247 0.030592105263157896
0 0.9861110700197239 0.5336023026315789 0.027777859960552247 0.030592105263157896
0 0.7624626479289941 0.785844572368421 0.02876405325443785 0.03004375000000003
0 0.7359998767258383 0.786721875 0.02876405325443785 0.03004375000000003
0 0.7327126479289942 0.8163271381578947 0.02876405325443785 0.03004375000000003
0 0.75917541913215 0.8150113486842105 0.02876405325443785 0.03004375000000003
0 0.788761217948718 0.7854060855263157 0.02876405325443785 0.03004375000000003
0 0.7845288461538462 0.8146276315789474 0.028599605522682446 0.028618421052631578
0 0.8104164201183433 0.8136407894736842 0.028599605522682446 0.028618421052631578
0 0.8358108974358974 0.812653947368421 0.028599605522682446 0.028618421052631578
0 0.860712278106509 0.8116671052631579 0.028599605522682446 0.028618421052631578
0 0.8658075690335306 0.7825003289473683 0.02876405325443785 0.029386184210526262
0 0.840166543392505 0.7834871710526314 0.02876405325443785 0.029386184210526262
0 0.8147719428007889 0.7845837171052631 0.029092702169625246 0.030701644736842133
0 0.915035009861933 0.779539802631579 0.02843540433925045 0.02982434210526321
0 0.8907088264299803 0.7808555921052632 0.028435404339250566 0.02982434210526321
0 0.9388678500986193 0.778004605263158 0.028435404339250566 0.02982434210526321
0 0.9092822978303748 0.8082677631578947 0.028106508875739643 0.02894736842105263
0 0.885449211045365 0.8100220394736841 0.028106508875739643 0.02894736842105263
0 0.9327864891518739 0.8062940789473684 0.028106508875739643 0.02894736842105263
0 0.9559620315581855 0.8036624999999998 0.028106508875739643 0.02894736842105263
0 0.977986932938856 0.8016889802631579 0.029092702169625246 0.029824671052631552
0 0.961550295857988 0.775811677631579 0.029092702169625246 0.029824671052631552
0 0.9845613905325443 0.7738379934210525 0.029092702169625246 0.029824671052631552
0 0.871067184418146 0.7531144736842104 0.029914447731755445 0.02960526315789474
0 0.8962151134122288 0.7522371710526315 0.029914447731755445 0.02960526315789474
0 0.9205412968441815 0.750482894736842 0.029914447731755445 0.02960526315789474
0 0.9682894477317555 0.7467547697368422 0.02827071005917164 0.02938585526315792
0 0.9449494575936883 0.7489478618421054 0.028270710059171526 0.029385855263157772
0 0.818950567061144 0.7553483552631579 0.02876405325443785 0.02982434210526321
0 0.8449202416173571 0.7546904605263158 0.02876405325443785 0.02982434210526321
0 0.7926519970414201 0.7562256578947368 0.02876405325443785 0.02982434210526321
0 0.7394797830374753 0.756664144736842 0.028928500986193255 0.02894736842105263
0 0.7662714497041421 0.756664144736842 0.028928500986193366 0.02894736842105263
0 0.7123594674556213 0.7579799342105262 0.028928500986193255 0.02894736842105263
0 0.6854035996055228 0.7581993421052632 0.028928500986193366 0.02894736842105263
0 0.6308136094674557 0.759103947368421 0.027243589743589744 0.029769736842105262
0 0.6581804733727812 0.7589394736842106 0.027243589743589744 0.029769736842105262
0 0.5760182445759369 0.7600083881578947 0.026627218934911243 0.030482565789473656
0 0.6033030078895464 0.7595699013157895 0.026627218934911243 0.030482565789473656
0 0.5485692800788955 0.7608856907894737 0.026627218934911243 0.030482565789473656
0 0.5212845167652861 0.761324177631579 0.026627218934911243 0.030482565789473656
0 0.6830202169625246 0.7877496710526317 0.027613412228796843 0.028508552631579
0 0.7096474358974358 0.7877496710526317 0.027613412228796843 0.028508552631579
0 0.656064349112426 0.7886269736842106 0.027613412228796843 0.028508552631579
0 0.6291084812623274 0.7892848684210527 0.027613412228796843 0.028508552631579
0 0.5750115877712031 0.7903263157894737 0.027243589743589744 0.029276315789473685
0 0.6021319033530571 0.7899973684210526 0.027243589743589744 0.029276315789473685
0 0.6006526134122288 0.8193832236842107 0.027243589743589744 0.029276315789473685
0 0.574189842209073 0.8206990131578948 0.027243589743589744 0.029276315789473685
0 0.5478912721893491 0.79109375 0.027243589743589744 0.029276315789473685
0 0.5475626232741617 0.8211375000000001 0.027243589743589744 0.029276315789473685
0 0.5208325936883629 0.7919712171052632 0.026134122287968443 0.029824671052631552
0 0.5209970414201184 0.8220149671052632 0.026134122287968443 0.029824671052631552
0 0.6538452909270217 0.8182047697368422 0.027038214990138046 0.028892434210526344
0 0.6275467209072978 0.819082072368421 0.027038214990138046 0.028892434210526344
0 0.680472509861933 0.8177662828947369 0.027038214990138046 0.028892434210526344
0 0.7066476824457595 0.817108552631579 0.027942307692307652 0.02867302631578938
0 0.7037857495069032 0.844898355263158 0.027613412228796843 0.027467105263157893
0 0.729796597633136 0.8439115131578949 0.027613412228796843 0.027467105263157893
0 0.7553143491124259 0.8432536184210527 0.027613412228796843 0.027467105263157893
0 0.7807088264299801 0.8425957236842107 0.027613412228796843 0.027467105263157893
0 0.805856755424063 0.8412799342105265 0.027613412228796843 0.027467105263157893
0 0.8556799802761341 0.8386756578947369 0.028229783037475344 0.027960526315789474
0 0.8310251479289941 0.839991447368421 0.028229783037475344 0.027960526315789474
0 0.8797184418145956 0.8373598684210527 0.028229783037475344 0.027960526315789474
0 0.9033870808678501 0.8351667763157895 0.028229783037475344 0.027960526315789474
0 0.9270557199211046 0.8331930921052633 0.028229783037475344 0.027960526315789474
0 0.9499026134122287 0.831 0.028229783037475344 0.027960526315789474
0 0.9724617850098618 0.828861842105263 0.028229783037475344 0.027960526315789474
0 0.35193269230769236 0.7988802631578947 0.027983234714003942 0.030098684210526312
0 0.3794228303747535 0.7980578947368422 0.027983234714003942 0.030098684210526312
0 0.4343002958579882 0.7954263157894736 0.02687376725838264 0.030427631578947366
0 0.4070567061143984 0.7969065789473684 0.02687376725838264 0.030427631578947366
0 0.46154388560157794 0.7944394736842105 0.02687376725838264 0.030427631578947366
0 0.4622835305719921 0.8245381578947367 0.02687376725838264 0.030427631578947366
0 0.4352864891518738 0.8263473684210526 0.02687376725838264 0.030427631578947366
0 0.4084127218934911 0.8270052631578947 0.02687376725838264 0.030427631578947366
0 0.38116913214990134 0.8279921052631578 0.02687376725838264 0.030427631578947366
0 0.3540488165680473 0.8286499999999999 0.02687376725838264 0.030427631578947366
0 0.2970961538461539 0.8009361842105263 0.02958579881656805 0.030592105263157896
0 0.32446301775147934 0.7999493421052631 0.02958579881656805 0.030592105263157896
0 0.26935946745562134 0.8022519736842105 0.02958579881656805 0.030592105263157896
0 0.24199260355029584 0.8030743421052632 0.029585798816568025 0.030592105263157896
0 0.2999930966469428 0.8311993421052631 0.028476331360946745 0.028618421052631578
0 0.32711341222879686 0.8303769736842105 0.028476331360946745 0.028618421052631578
0 0.2728727810650887 0.8321861842105263 0.028476331360946745 0.028618421052631578
0 0.2186526134122288 0.8331182565789473 0.02958579881656805 0.028179934210526288
0 0.24577292899408285 0.8324603618421053 0.02958579881656805 0.028179934210526288
0 0.19186094674556212 0.8337761513157894 0.02958579881656805 0.028179934210526288
0 0.16490507889546352 0.8337761513157894 0.02958579881656805 0.028179934210526288
0 0.21454339250493099 0.8035129934210526 0.02958579881656805 0.028179934210526288
0 0.187258875739645 0.8046097039473684 0.02958579881656805 0.02817993421052644
0 0.159974358974359 0.8046097039473684 0.02958579881656805 0.02817993421052644
0 0.1384423076923077 0.8342970394736842 0.03032544378698226 0.02763157894736842
0 0.13289497041420117 0.8053496710526316 0.03032544378698226 0.02763157894736842
0 0.10626775147928993 0.8051851973684209 0.030325443786982247 0.02763157894736842
0 0.11243145956607495 0.8344615131578946 0.03032544378698226 0.02763157894736842
0 0.17000049309664697 0.8615996710526316 0.029339250493096644 0.026644736842105263
0 0.14398964497041422 0.8611062500000001 0.029339250493096644 0.026644736842105263
0 0.11847189349112426 0.8609417763157895 0.029339250493096658 0.026644736842105263
0 0.19638116370808678 0.8612707236842105 0.029339250493096644 0.026644736842105263
0 0.2226385601577909 0.8608595394736842 0.029339250493096644 0.02713815789473684
0 0.24926577909270217 0.8603661184210527 0.02933925049309662 0.02713815789473684
0 0.3025818540433925 0.8589680921052631 0.027983234714003942 0.02763157894736842
0 0.27583136094674554 0.8597904605263158 0.027983234714003942 0.02763157894736842
0 0.3292090729783037 0.8584746710526315 0.027983234714003942 0.02763157894736842
0 0.38291543392504934 0.8568845394736844 0.026997041420118342 0.027960526315789474
0 0.3561649408284024 0.8578713815789475 0.026997041420118342 0.027960526315789474
0 0.40954265285996055 0.8558976973684213 0.026997041420118342 0.027960526315789474
0 0.46310527613412233 0.8541707236842107 0.026134122287968443 0.028782894736842105
0 0.4362315088757397 0.8549930921052634 0.026134122287968443 0.028782894736842105
0 0.48973249506903355 0.853348355263158 0.026134122287968443 0.028782894736842105
0 0.48874630177514794 0.7932332236842105 0.026134122287968443 0.030263157894736843
0 0.4889928500986193 0.8239898026315788 0.026134122287968443 0.030263157894736843
0 0.43314965483234713 0.7653549342105264 0.027120315581854047 0.03141447368421053
0 0.4057827909270217 0.7663417763157896 0.027120315581854047 0.03141447368421053
0 0.37779955621301775 0.7679865131578948 0.027120315581854047 0.03141447368421053
0 0.4884997534516765 0.762723355263158 0.02638067061143984 0.03075657894736842
0 0.4608863412228797 0.7640391447368422 0.02638067061143984 0.03075657894736842
0 0.3218330867850098 0.7701246710526315 0.029092702169625246 0.030427631578947366
0 0.3498163214990138 0.769302302631579 0.029092702169625246 0.030427631578947366
0 0.2940964003944773 0.7712759868421053 0.029092702169625246 0.030427631578947366
0 0.23812993096646945 0.7732496710526318 0.030325443786982247 0.030098684210526312
0 0.26635971400394476 0.7722628289473684 0.030325443786982247 0.030098684210526312
0 0.21039324457593686 0.7742365131578949 0.030325443786982247 0.030098684210526312
0 0.15498150887573964 0.7754700657894738 0.03143491124260355 0.02993421052631579
0 0.18259492110453646 0.7746476973684211 0.03143491124260355 0.02993421052631579
0 0.1273680966469428 0.7759634868421053 0.03143491124260355 0.02993421052631579
0 0.10030941814595659 0.776511842105263 0.03180473372781065 0.02894736842105263
0 0.5731015779092702 0.848600986842105 0.026010848126232743 0.028289473684210528
0 0.5469674556213018 0.8494233552631578 0.026010848126232743 0.028289473684210528
0 0.5992357001972386 0.848272039473684 0.026010848126232743 0.028289473684210528
0 0.520586785009862 0.8508213815789473 0.02527120315581854 0.027796052631578947
0 0.651750493096647 0.8467095394736841 0.026503944773175542 0.027467105263157893
0 0.6257396449704142 0.8473674342105262 0.026503944773175542 0.027467105263157893
0 0.678007889546351 0.8458871710526316 0.026503944773175542 0.027467105263157893
0 0.7837275641025643 0.9841516447368419 0.028599605522682446 0.02713815789473684
0 0.8096151380670611 0.9820134868421052 0.028599605522682446 0.02713815789473684
0 0.8352561637080869 0.9798753289473683 0.028599605522682446 0.02713815789473684
0 0.8609588264299805 0.9767503289473682 0.029215976331360947 0.02713815789473684
0 0.8856136587771204 0.9741187499999999 0.029215976331360947 0.02713815789473684
0 0.9419706607495069 0.9661694078947368 0.027859960552268245 0.027467105263157893
0 0.9186718441814594 0.9697878289473685 0.027859960552268245 0.027467105263157893
0 0.96452983234714 0.9627154605263158 0.027859960552268245 0.027467105263157893
0 0.9804320759368836 0.9839049342105262 0.028681706114398443 0.026973684210526316
0 0.20103796844181462 0.017258552631578945 0.02675049309664694 0.03451710526315789
0 0.7571540927021695 0.9859777960526317 0.02958579881656805 0.028044407894736875
0 0.9583991617357003 0.9867315789473685 0.028353057199211048 0.026536842105263168
0 0.0016839250493096648 0.031008552631578944 0.0033678500986193296 0.03453947368421052
0 0.011237672583826429 0.00718453947368421 0.022475345167652858 0.01436907894736842
0 0.03329265285996055 0.0061976973684210535 0.024100098619329387 0.012395394736842107
0 0.05646819526627219 0.0054575657894736845 0.023730276134122298 0.010915131578947369
0 0.07967455621301776 0.004182894736842105 0.02366863905325444 0.00836578947368421
0 0.10321992110453647 0.0032782894736842105 0.02391518737672584 0.006556578947368421
0 0.12698101577909268 0.002373684210526316 0.023853550295857975 0.004747368421052632
0 0.15105029585798815 0.0016335526315789475 0.02391518737672584 0.003267105263157895
0 0.17530448717948716 0.0008111842105263158 0.024223372781065088 0.0016223684210526317
0 0.22578525641025643 0.01680625 0.02668885601577909 0.0336125
0 0.25080991124260354 0.016148355263157894 0.026072485207100617 0.03229671052631579
0 0.2756804733727811 0.015901644736842104 0.02638067061143984 0.03180328947368421
0 0.30085922090729783 0.015531578947368422 0.026072485207100593 0.031063157894736845
0 0.3262536982248521 0.015613815789473684 0.026442307692307692 0.031227631578947368
0 0.3514324457593689 0.015449342105263157 0.025887573964497042 0.030898684210526314
0 0.3765495562130177 0.015367105263157895 0.025825936883629188 0.03073421052631579
0 0.40166666666666667 0.015202631578947367 0.02539447731755424 0.030405263157894734
0 0.4269995069033531 0.015408223684210527 0.02539447731755424 0.030816447368421054
0 0.4523015285996056 0.015079276315789474 0.02520956607495069 0.030158552631578947
0 0.4773878205128206 0.015079276315789474 0.02533284023668639 0.030158552631578947
0 0.5107334812623274 0.015490460526315789 0.02459319526627213 0.030980921052631578
0 0.5357581360946745 0.015696052631578947 0.02471646942800789 0.031392105263157895
0 0.5606903353057199 0.015983881578947368 0.02477810650887574 0.031967763157894735
0 0.5856533530571991 0.016230592105263158 0.02514792899408284 0.032461184210526316
0 0.6102465483234714 0.016271710526315788 0.02514792899408284 0.032543421052631576
0 0.6349321992110453 0.01655953947368421 0.02545611439842209 0.03311907894736842
0 0.6596486686390534 0.017094078947368422 0.02533284023668639 0.034188157894736844
0 0.6840877712031558 0.017176315789473685 0.02564102564102564 0.03435263157894737
0 0.7335369822485206 0.0008774671052631579 0.02391518737672584 0.0017549342105263159
0 0.7574522928994083 0.001425657894736842 0.023586538461538444 0.002851315789473684
0 0.7812030325443787 0.0022480263157894738 0.023750739644970435 0.0044960526315789475
0 0.8048306213017752 0.002905921052631579 0.02284664694280083 0.005811842105263158
0 0.8283349358974359 0.003947697368421052 0.02333999013806704 0.007895394736842105
0 0.8511406558185404 0.004934539473684211 0.02276454635108483 0.009869078947368421
0 0.8737819280078895 0.005976151315789473 0.022517998027613433 0.011952302631578947
0 0.8958891765285996 0.006962993421052632 0.023011094674556233 0.013925986842105264
0 0.9178730276134122 0.007949835526315788 0.022928994082840236 0.015899671052631577
0 0.9396925542406311 0.008881907894736843 0.02284664694280083 0.017763815789473687
0 0.961183308678501 0.010416940789473684 0.023750739644970435 0.020833881578947368
0 0.9822221400394476 0.011787500000000003 0.023586291913215034 0.023575000000000006
0 0.9958160749506904 0.012226151315789472 0.008367850098619343 0.024452302631578944
0 0.9939257889546351 0.04029671052631579 0.012148422090729756 0.03322368421052632
0 0.011130177514792897 0.12025427631578947 0.022260355029585795 0.038157894736842106
0 0.0018641518737672583 0.1564934210526316 0.0037283037475345166 0.03410065789473684
0 0.004411735700197239 0.19114259868421052 0.008823471400394477 0.034758881578947375
0 0.006918392504930967 0.22529819078947372 0.013836785009861933 0.033991118421052624
0 0.00758740138067061 0.3251203947368421 0.01517480276134122 0.034786184210526316
0 0.010330251479289943 0.3592898026315789 0.020660502958579886 0.03388157894736842
0 0.012949827416173572 0.39395263157894733 0.025899654832347144 0.03347039473684211
0 0.001053870808678501 0.4027930921052632 0.002107741617357002 0.015789473684210527
0 0.0038275394477317553 0.42672401315789477 0.007655078895463511 0.032072368421052634
0 0.12264891518737672 0.9953483552631579 0.027859960552268255 0.009303289473684261
0 0.14935083826429982 0.9957639802631578 0.028722879684418147 0.008472039473684247
0 0.17677933925049313 0.9961751644736843 0.028599605522682446 0.007649671052631615
0 0.20420784023668642 0.9963807565789473 0.028599605522682446 0.007238486842105299
0 0.23182125246548327 0.996298519736842 0.028722879684418147 0.007402960526315825
0 0.25968121301775154 0.9961751644736843 0.028722879684418147 0.007649671052631615
0 0.28784935897435904 0.9958050986842105 0.028353057199211048 0.008389802631578984
0 0.31592504930966475 0.995311677631579 0.0284146942800789 0.009376644736842141
0 0.34400073964497047 0.9952294407894736 0.027736686390532544 0.009541118421052668
0 0.37170660749506906 0.9948182565789474 0.027921597633136095 0.010363486842105299
0 0.39990557199211046 0.9944481907894738 0.028229783037475344 0.011103618421052668
0 0.4285051775147929 0.9942014802631578 0.027983234714003942 0.011597039473684246
0 0.4563343195266273 0.9937080592105262 0.027181952662721894 0.012583881578947406
0 0.48416346153846157 0.993296875 0.027243589743589744 0.013406250000000036
0 0.5120234220907298 0.9926800986842105 0.02749013806706109 0.014639802631578982
0 0.5398217455621301 0.992392269736842 0.027490138067061146 0.015215460526315826
0 0.5677433431952662 0.9915699013157895 0.027613412228796843 0.01686019736842109
0 0.5951410256410256 0.990953125 0.027675049309664693 0.018093750000000037
0 0.6227236193293885 0.9903774671052632 0.028229783037475344 0.019245065789473718
0 0.6500904832347139 0.9895139802631578 0.028476331360946745 0.02097203947368425
0 0.6773340729783037 0.9886916118421053 0.028106508875739643 0.02261677631578951
0 0.704331114398422 0.9878692434210525 0.028969428007889545 0.024261513157894772
0 0.7305885108481261 0.9869235197368421 0.02970907297830375 0.026152960526315827
0 0.7570308185404339 0.9993824013157895 0.022928994082840236 0.0012351973684210887
0 0.7814391025641025 0.9982310855263157 0.02527120315581854 0.003537828947368457
0 0.807141765285996 0.997203125 0.025887573964497042 0.005593750000000036
0 0.8324746055226824 0.9957639802631578 0.026503944773175542 0.008472039473684247
0 0.8570986193293885 0.9942014802631578 0.02668885601577909 0.011597039473684246
0 0.8812295364891518 0.9928856907894736 0.026997041420118342 0.014228618421052667
0 0.9134657297830374 0.9903500000000001 0.02675049309664694 0.019300000000000008
0 0.9358708086785009 0.9885407894736843 0.027921597633136095 0.022918421052631588
0 0.9584299802761341 0.9991493421052634 0.014854536489151875 0.0017013157894736927
0 0.9769211045364892 0.997504605263158 0.021881163708086786 0.004990789473684218
0 0.9934377465483235 0.9968467105263159 0.013124506903353102 0.006306578947368429
0 0.9940849358974359 0.9813578947368422 0.011830128205128247 0.025328947368421055
0 0.997752342209073 0.9611687500000001 0.004495315581854086 0.016858552631578948
0 0.9865343934911243 0.9584549342105265 0.026931213017751525 0.02919407894736842
0 0.996416543392505 0.12466891447368424 0.007166913214990129 0.03333322368421054
0 0.9944029832347141 0.15756365131578948 0.011194033530571941 0.03333322368421052
0 0.9923484960552269 0.19089703947368422 0.015303007889546342 0.03289473684210526
0 0.9902116617357003 0.22291447368421052 0.019576676528599554 0.03289473684210526
0 0.9925128205128205 0.32302434210526315 0.014974358974358944 0.033552631578947334
0 0.9902528353057201 0.3552610197368421 0.019494329388560147 0.03267532894736845
0 0.9880339003944774 0.3884847039473684 0.023932199211045356 0.032017434210526344
0 0.9986765285996057 0.395228125 0.0026469428007889245 0.01831151315789471
0 0.996416543392505 0.41984440789473687 0.007166913214990129 0.030701973684210473
0 0.9974848372781066 0.533002302631579 0.005030325443786931 0.03223684210526316
0 0.9941770216962524 0.563978125 0.01164595660749504 0.030701644736842133
0 0.9912184418145956 0.5950088815789474 0.017563116370808648 0.029386184210526262
0 0.9883831360946745 0.6236822368421051 0.023233727810650858 0.029276315789473685
0 0.9990257642998028 0.6317960526315789 0.0019484714003944262 0.010855263157894738
0 0.9882465483234714 0.7450631578947369 0.023506903353057215 0.030153289473684116
0 0.9993001725838263 0.7552057565789474 0.0013996548323471731 0.006140460526315761
0 0.996259368836292 0.7723657894736842 0.007481262327416186 0.028618421052631578
0 0.9931364644970415 0.8001069078947368 0.013727071005917192 0.027960526315789474
0 0.9898080621301776 0.8268615131578948 0.020383875739645004 0.027960526315789474
