0 0.9456426282051282 0.539922697368421 0.030407544378698245 0.03311381578947374
0 0.9201660502958581 0.5394842105263158 0.030407544378698245 0.033113815789473665
0 0.8948536735700198 0.5392648026315789 0.030407544378698245 0.03311381578947374
0 0.970133012820513 0.5401421052631579 0.030407544378698134 0.033113815789473665
0 0.9763788214990138 0.5072473684210526 0.030407544378698245 0.033113815789473665
0 0.9517239891518737 0.5070279605263157 0.030407544378698245 0.03311381578947374
0 0.9259187623274161 0.5061506578947368 0.030407544378698245 0.033113815789473665
0 0.9002777366863904 0.5057121710526316 0.030407544378698245 0.03311381578947374
0 0.9147419871794872 0.5721595394736843 0.030407544378698245 0.03311381578947374
0 0.8892654092702169 0.5719401315789473 0.030407544378698245 0.033113815789473665
0 0.939725714990138 0.5723786184210526 0.030407544378698245 0.033113815789473665
0 0.9642160996055226 0.5725980263157895 0.030407544378698245 0.033113815789473665
0 0.9337877218934912 0.603957894736842 0.02970907297830375 0.03190789473684211
0 0.9581960059171599 0.6042868421052631 0.02970907297830375 0.03190789473684211
0 0.9821111932938856 0.603957894736842 0.02970907297830375 0.03190789473684211
0 0.9091328895463513 0.6037934210526316 0.02970907297830375 0.03190789473684211
0 0.8834918639053255 0.603957894736842 0.029955621301775148 0.03190789473684211
0 0.9197476577909269 0.3186889802631579 0.03024334319526625 0.036622697368421046
0 0.975467825443787 0.2864521381578947 0.03024334319526625 0.036622697368421046
0 0.9450600345167653 0.32022417763157895 0.03024334319526625 0.036622697368421005
0 0.9695506656804734 0.32197845394736846 0.03024334319526625 0.036622697368421046
0 0.9503198964497042 0.2853557565789474 0.03024334319526625 0.036622697368421046
0 0.9246788708086786 0.2840399671052632 0.03024334319526625 0.036622697368421046
0 0.8995309418145957 0.282724177631579 0.03024334319526625 0.036622697368421046
0 0.8941068786982249 0.3179215460526316 0.03024334319526625 0.036622697368421046
0 0.889175912228797 0.3524610197368421 0.03024334319526625 0.036622697368421005
0 0.914488288954635 0.35399621710526313 0.03024334319526625 0.03662269736842108
0 0.939636217948718 0.3548735197368421 0.03024334319526625 0.036622697368421046
0 0.9634693047337278 0.35607960526315785 0.03024334319526625 0.035526315789473684
0 0.9580452416173569 0.3894128289473684 0.03024334319526625 0.035526315789473684
0 0.9343766025641026 0.3887549342105263 0.03024334319526625 0.035526315789473684
0 0.909393121301775 0.3876585526315789 0.03024334319526625 0.035526315789473684
0 0.8837520956607494 0.38678125 0.03024334319526625 0.035526315789473684
0 0.9818783284023668 0.39094802631578945 0.03024334319526625 0.035526315789473684
0 0.9410775394477316 0.10779687500000001 0.027777859960552247 0.03837730263157894
0 0.9450223126232741 0.07227055921052632 0.027777859960552247 0.03837730263157895
0 0.9690196005917161 0.07446365131578947 0.027777859960552247 0.03837730263157894
0 0.9654034763313609 0.11042845394736843 0.02777785996055236 0.03837730263157894
0 0.9164224605522683 0.10560378289473685 0.027777859960552247 0.03837730263157895
0 0.9202027859960551 0.0696389802631579 0.027777859960552247 0.03837730263157895
0 0.8955479536489152 0.06678799342105263 0.027777859960552247 0.03837730263157895
0 0.8917676282051281 0.10406858552631579 0.027777859960552247 0.03837730263157894
0 0.8881515039447732 0.13981430921052632 0.027777859960552247 0.03837730263157895
0 0.9128063362919132 0.1422264802631579 0.027777859960552247 0.03837730263157894
0 0.936803624260355 0.14420016447368422 0.027777859960552247 0.03837730263157894
0 0.9611298076923076 0.14529654605263156 0.027777859960552247 0.03837730263157895
0 0.9844697978303748 0.14770871710526318 0.027777859960552247 0.03837730263157894
0 0.9329413214990138 0.1786302631578947 0.027859960552268245 0.03618421052631577
0 0.908615138067061 0.17687598684210526 0.027859960552268245 0.03618421052631579
0 0.8842889546351085 0.17556019736842104 0.027859960552268245 0.03618421052631579
0 0.9569386094674555 0.18038486842105264 0.027859960552268245 0.03618421052631579
0 0.9804428007889546 0.18257796052631578 0.027859960552268245 0.036184210526315805
0 0.9401540927021694 0.7608840460526316 0.030900887573964454 0.030482565789473656
0 0.9649733727810652 0.7604455592105263 0.03090088757396457 0.030482565789473805
0 0.9151706114398424 0.7615419407894737 0.03090088757396457 0.030482565789473656
0 0.8900226824457594 0.7624192434210525 0.03090088757396457 0.030482565789473805
0 0.8900226824457594 0.7624192434210525 0.03090088757396457 0.030482565789473805
0 0.9212522189349113 0.7319363486842106 0.03090088757396457 0.030482565789473656
0 0.9467287968441815 0.7306205592105264 0.03090088757396457 0.030482565789473656
0 0.9713836291913215 0.7297432565789473 0.03090088757396457 0.030482565789473805
0 0.9583986686390531 0.7889544407894739 0.030900887573964454 0.030482565789473656
0 0.9340724852071006 0.7907087171052631 0.030900887573964454 0.030482565789473805
0 0.909582100591716 0.7909281250000001 0.030900887573964454 0.030482565789473656
0 0.8844341715976329 0.791805427631579 0.030900887573964454 0.030482565789473656
0 0.903418392504931 0.8193277960526315 0.03007889546351085 0.02894769736842112
0 0.878763560157791 0.820424177631579 0.03007889546351085 0.02894769736842112
0 0.9284018737672585 0.8184504934210526 0.03007889546351085 0.02894769736842112
0 0.9514129684418147 0.8173541118421053 0.03007889546351085 0.02894769736842112
0 0.9818207593688364 0.7878580592105263 0.03007889546351085 0.029605592105263076
0 0.9749378698224851 0.8163672697368421 0.030448717948717948 0.029605592105263225
0 0.8955288461538461 0.7321555921052632 0.03106508875739645 0.03037302631578957
0 0.9159511834319527 0.9487700657894736 0.030325443786982247 0.027412499999999947
0 0.8910498027613413 0.9507437500000001 0.030325443786982247 0.027412499999999947
0 0.8844750986193295 0.9766213815789475 0.030325443786982247 0.027412499999999947
0 0.9092943786982249 0.9747572368421054 0.030325443786982247 0.027412500000000097
0 0.9337847633136096 0.972564144736842 0.030325443786982247 0.027412500000000097
0 0.9406881163708088 0.9466865131578948 0.030325443786982247 0.027412499999999947
0 0.9649731262327417 0.9447128289473685 0.030325443786982247 0.027412499999999947
0 0.9575766765285997 0.9703710526315787 0.030325443786982247 0.027412499999999947
0 0.9813685897435899 0.9687263157894735 0.030325443786982247 0.027412499999999947
0 0.9895723619329388 0.07673881578947368 0.02085527613412227 0.03799342105263158
0 0.987476701183432 0.11242960526315787 0.025046597633136082 0.03733552631578947
0 0.9969688116370808 0.14910723684210525 0.00606237672583825 0.034375
0 0.9946882396449704 0.18364671052631582 0.010623520710059156 0.03503289473684209
0 0.9922843934911243 0.28767631578947367 0.015431213017751464 0.03585526315789474
0 0.9895107248520709 0.3228736842105263 0.020978550295857972 0.03585526315789477
0 0.9867370562130179 0.35700197368421055 0.02652588757396448 0.034375
0 0.9984481015779093 0.36596578947368424 0.0031037968441814455 0.018421052631578946
0 0.9955511587771203 0.39113026315789473 0.008897682445759354 0.03355263157894737
0 0.992818540433925 0.5077422697368421 0.014362919132149866 0.03311414473684208
0 0.9897366863905325 0.5406917763157895 0.020526627218934876 0.03278486842105269
0 0.9865727317554241 0.5729286184210526 0.026854536489151877 0.03168881578947363
0 0.9984481015779093 0.5807684210526316 0.0031037968441814455 0.017105263157894738
0 0.9952019230769231 0.6042881578947369 0.009596153846153853 0.030592105263157896
0 0.9901681459566074 0.7293978618421053 0.019663708086784974 0.03037269736842108
0 0.9866754191321498 0.7590580592105263 0.026649161735700182 0.030701644736842133
0 0.9985919625246549 0.7667333881578947 0.0028160749506903416 0.012280592105263185
0 0.9950580621301776 0.7870185855263158 0.009883875739644955 0.028727960526315818
0 0.99156533530572 0.8148694078947367 0.016869329388560166 0.02763157894736842
0 0.9866693786982249 0.9423292763157896 0.026661242603550277 0.028618421052631578
0 0.9984728796844181 0.9480036184210527 0.0030542406311636883 0.012664473684210528
0 0.9947438362919131 0.9672470394736844 0.010512327416173549 0.02680921052631579
0 0.9918468934911242 0.9895445723684211 0.01630621301775146 0.020910855263157883
0 0.9749413214990137 0.9902024671052632 0.029339250493096644 0.019595065789473672
0 0.9517349605522682 0.9912304276315791 0.027921597633136095 0.01753914473684209
0 0.9282820512820512 0.9922995065789474 0.027613412228796843 0.01540098684210525
0 0.9041819526627219 0.9933685855263158 0.027243589743589744 0.013262828947368408
0 0.8799277613412229 0.9943965460526317 0.02668885601577909 0.011206907894736828
