0 0.6094122287968442 0.27012269736842104 0.022682445759368838 0.06151315789473684
0 0.5867297830374754 0.27275427631578947 0.022682445759368838 0.06151315789473684
0 0.5640473372781064 0.27571480263157894 0.022682445759368838 0.06151315789473684
0 0.6333274161735699 0.26814901315789474 0.022682445759368838 0.06151315789473684
0 0.6552702169625246 0.26584638157894735 0.022682445759368838 0.06151315789473684
0 0.6786923076923076 0.26255690789473685 0.022682445759368838 0.06151315789473684
0 0.702360946745562 0.2605832236842105 0.022682445759368838 0.06151315789473684
0 0.60867258382643 0.3275240131578947 0.022189349112426034 0.057236842105263155
0 0.6313550295857987 0.3248924342105263 0.022189349112426034 0.057236842105263155
0 0.6535443786982249 0.32291875000000003 0.022189349112426034 0.057236842105263155
0 0.5862366863905325 0.3298266447368421 0.022189349112426034 0.057236842105263155
0 0.6759802761341223 0.3199582236842105 0.022189349112426034 0.057236842105263155
0 0.6989092702169626 0.3173266447368421 0.022189349112426034 0.057236842105263155
0 0.7215917159763313 0.3156819078947368 0.022189349112426034 0.057236842105263155
0 0.7251666666666665 0.2579516447368421 0.02539447731755424 0.06085526315789473
0 0.7478491124260354 0.25630690789473687 0.02539447731755424 0.06085526315789473
0 0.7712712031558184 0.25466217105263156 0.02539447731755424 0.06085526315789473
0 0.7939536489151873 0.25301743421052636 0.02539447731755424 0.06085526315789473
0 0.7895157790927022 0.310747697368421 0.02687376725838264 0.056578947368421055
0 0.7665867850098619 0.31140559210526314 0.02687376725838264 0.056578947368421055
0 0.7443974358974359 0.31403717105263157 0.02687376725838264 0.056578947368421055
0 0.8114585798816567 0.3091029605263158 0.02687376725838264 0.056578947368421055
0 0.8336479289940827 0.3064713815789474 0.02687376725838264 0.056578947368421055
0 0.8550976331360947 0.304497697368421 0.02687376725838264 0.056578947368421055
0 0.8772869822485206 0.30318190789473687 0.02687376725838264 0.056578947368421055
0 0.8982435897435898 0.3012082236842105 0.02687376725838264 0.056578947368421055
0 0.9192001972386586 0.2992345394736842 0.02687376725838264 0.056578947368421055
0 0.8607682445759367 0.2480832236842105 0.027859960552268245 0.059539473684210524
0 0.8388254437869821 0.2497279605263158 0.027859960552268245 0.059539473684210524
0 0.8158964497041418 0.25137269736842105 0.027859960552268245 0.059539473684210524
0 0.8829575936883628 0.24709638157894737 0.027859960552268245 0.059539473684210524
0 0.9044072978303745 0.24512269736842104 0.027859960552268245 0.059539473684210524
0 0.9258570019723865 0.2438069078947368 0.027859960552268245 0.059539473684210524
0 0.9470601577909269 0.24249111842105261 0.027859960552268245 0.059539473684210524
0 0.9675236686390531 0.2418332236842105 0.027859960552268245 0.059539473684210524
0 0.9407731755424062 0.2987411184210526 0.027120315581854047 0.05493421052631579
0 0.9612366863905325 0.2964384868421052 0.027120315581854047 0.05493421052631579
0 0.9819467455621301 0.29578059210526314 0.027120315581854047 0.05493421052631579
0 0.5640882642998027 0.3328970394736842 0.021942800788954633 0.05723684210526319
0 0.6412990631163709 0.45926743421052635 0.024161735700197237 0.05427631578947368
0 0.618123520710059 0.4615700657894737 0.024161735700197237 0.05427631578947368
0 0.5954410749506903 0.46354375 0.024161735700197237 0.05427631578947368
0 0.6642280571992111 0.45762269736842104 0.024161735700197237 0.05427631578947368
0 0.6876501479289941 0.4554845394736842 0.02514792899408284 0.05526315789473684
0 0.7105791420118344 0.45301743421052626 0.024161735700197237 0.05427631578947368
0 0.6400663214990139 0.5107476973684211 0.022682445759368838 0.05197368421052632
0 0.6173838757396448 0.5127213815789473 0.022682445759368838 0.05197368421052632
0 0.5966738165680473 0.5143661184210526 0.022682445759368838 0.05197368421052632
0 0.6629953155818542 0.5077871710526316 0.022682445759368838 0.05197368421052632
0 0.6856777613412229 0.5068003289473684 0.022682445759368838 0.05197368421052632
0 0.7086067554240632 0.504497697368421 0.022682445759368838 0.05197368421052632
0 0.8030347633136095 0.445122697368421 0.027120315581854047 0.05493421052631579
0 0.7801057692307692 0.44742532894736836 0.027120315581854047 0.05493421052631579
0 0.8259637573964498 0.44216217105263156 0.027120315581854047 0.05493421052631579
0 0.7576698717948719 0.44907006578947367 0.027120315581854047 0.05493421052631579
0 0.7342477810650887 0.45104374999999997 0.027120315581854047 0.05493421052631579
0 0.8486462031558185 0.44018848684210526 0.027120315581854047 0.05493421052631579
0 0.8713286489151874 0.43722796052631574 0.027120315581854047 0.05493421052631579
0 0.8932714497041421 0.43657006578947366 0.027120315581854047 0.05493421052631579
0 0.9152142504930967 0.4339384868421053 0.027120315581854047 0.05493421052631579
0 0.7981037968441815 0.4966029605263158 0.026627218934911243 0.05197368421052632
0 0.7761609960552268 0.4985766447368421 0.026627218934911243 0.05197368421052632
0 0.7527389053254439 0.5008792763157894 0.026627218934911243 0.05197368421052632
0 0.7303030078895465 0.5035108552631579 0.026627218934911243 0.05197368421052632
0 0.8200465976331361 0.4939713815789473 0.026627218934911243 0.05197368421052632
0 0.8422359467455622 0.49232664473684207 0.026627218934911243 0.05197368421052632
0 0.8644252958579882 0.49002401315789473 0.026627218934911243 0.05197368421052632
0 0.9292675049309664 0.4847608552631578 0.027120315581854047 0.05460526315789474
0 0.885875 0.4880503289473684 0.027120315581854047 0.05460526315789474
0 0.9075712524654832 0.4867345394736842 0.027613412228796843 0.052631578947368425
0 0.9499775641025642 0.4818003289473684 0.027120315581854047 0.05460526315789474
0 0.9709341715976332 0.48015559210526315 0.027120315581854047 0.05460526315789474
0 0.9366639546351085 0.4324582236842105 0.027120315581854047 0.05460526315789474
0 0.9578671104536489 0.42916875 0.027120315581854047 0.05460526315789474
0 0.9785771696252465 0.42883980263157895 0.027120315581854047 0.05460526315789474
0 0.572555473372781 0.4658881578947368 0.022066074950690334 0.05361842105263158
0 0.5729869329388559 0.5167927631578947 0.021449704142011836 0.05082236842105263
0 0.6491087278106509 0.6487828947368421 0.023052268244575937 0.050328947368421126
0 0.6260564595660749 0.6505921052631578 0.023052268244575937 0.050328947368421126
0 0.6032507396449703 0.651907894736842 0.023052268244575937 0.050328947368421126
0 0.6717911735700196 0.6469736842105263 0.023052268244575937 0.05032894736842105
0 0.6953365384615384 0.644671052631579 0.023052268244575937 0.05032894736842105
0 0.6481841715976332 0.6960690789473684 0.021696252465483234 0.047532894736842184
0 0.6258715483234714 0.6980427631578947 0.021696252465483234 0.04753289473684211
0 0.6033123767258383 0.6991940789473685 0.021696252465483234 0.04753289473684211
0 0.6707433431952663 0.694424342105263 0.021696252465483234 0.047532894736842184
0 0.693055966469428 0.6921217105263158 0.021696252465483234 0.047532894736842184
0 0.764185157790927 0.6389967105263158 0.02539447731755424 0.04950657894736842
0 0.7408863412228797 0.6412993421052631 0.02539447731755424 0.04950657894736842
0 0.7178340729783037 0.6427796052631578 0.02539447731755424 0.04950657894736842
0 0.787237426035503 0.6370230263157894 0.02539447731755424 0.04950657894736842
0 0.8097965976331362 0.6352138157894737 0.02539447731755424 0.04950657894736842
0 0.8324790433925049 0.6329111842105262 0.02539447731755424 0.04950657894736842
0 0.8991087278106509 0.6263322368421053 0.027983234714003942 0.05016447368421052
0 0.8765495562130178 0.6289638157894737 0.027983234714003942 0.05016447368421052
0 0.8543602071005918 0.6307730263157895 0.027983234714003942 0.05016447368421052
0 0.9208049802761342 0.6235361842105263 0.027983234714003942 0.05016447368421052
0 0.9420081360946746 0.6220559210526315 0.027983234714003942 0.05016447368421052
0 0.8046807199211046 0.6825822368421052 0.026010848126232743 0.04851973684210534
0 0.7826146449704142 0.6847203947368421 0.026010848126232743 0.04851973684210534
0 0.7600554733727811 0.6866940789473683 0.026010848126232743 0.04851973684210534
0 0.8265002465483235 0.6806085526315789 0.026010848126232743 0.04851973684210534
0 0.8484430473372782 0.6781414473684211 0.026010848126232743 0.04851973684210534
0 0.8706323964497042 0.6760032894736843 0.026010848126232743 0.04851973684210534
0 0.9339336785009862 0.6693421052631578 0.027613412228796843 0.047697368421052704
0 0.8918971893491124 0.6739473684210526 0.027613412228796843 0.047697368421052704
0 0.9133468934911242 0.6714802631578947 0.027613412228796843 0.047697368421052704
0 0.9546437376725838 0.6658881578947368 0.027613412228796843 0.047697368421052704
0 0.9749839743589743 0.6639144736842104 0.027613412228796843 0.047697368421052704
0 0.9633962031558185 0.6190131578947368 0.027613412228796843 0.04769736842105263
0 0.9839829881656805 0.6165460526315788 0.027613412228796843 0.04769736842105263
0 0.7155535009861934 0.6902302631578947 0.02354536489151874 0.0470394736842106
0 0.737496301775148 0.68875 0.02354536489151874 0.0470394736842106
0 0.5810717455621303 0.7010582236842106 0.021634615384615384 0.04769736842105263
0 0.5804861932938856 0.6537856907894736 0.022353550295857918 0.049890460526315836
0 0.6210488165680472 0.8418136513157896 0.022107001972386516 0.04583322368421055
0 0.5981198224852071 0.8440067434210528 0.022107001972386516 0.04583322368421055
0 0.6438133629191322 0.8396205592105263 0.022107001972386516 0.0458332236842104
0 0.6664137080867849 0.8375373355263159 0.022107001972386516 0.04583322368421055
0 0.6204736193293885 0.8841930921052631 0.021942800788954633 0.04287302631578942
0 0.59861291913215 0.8859473684210527 0.021942800788954633 0.04287302631578957
0 0.6429916173570019 0.8822194078947369 0.021942800788954633 0.04287302631578942
0 0.6646878698224852 0.8803552631578947 0.021942800788954633 0.04287302631578957
0 0.7344610453648914 0.8311777960526316 0.02473717948717956 0.04451743421052634
0 0.7118607001972386 0.833480427631579 0.02473717948717956 0.04451743421052634
0 0.6894248027613412 0.8350156249999999 0.02473717948717956 0.04451743421052634
0 0.7571434911242603 0.8288751644736843 0.02473717948717956 0.04451743421052634
0 0.7310093688362918 0.8732830592105264 0.024244082840236755 0.04188585526315792
0 0.7091486686390532 0.8763531250000001 0.024244082840236755 0.04188585526315792
0 0.6871238905325444 0.8781623355263158 0.023586538461538444 0.04287269736842108
0 0.7964268984220908 0.866594407894737 0.02572312623274164 0.04210526315789474
0 0.774895093688363 0.8686776315789473 0.02572312623274164 0.04210526315789474
0 0.7530343934911243 0.8710899671052631 0.025065828402366843 0.04232467105263155
0 0.824286858974359 0.8223509868421053 0.02753131163708085 0.04616249999999995
0 0.8019330621301773 0.8244342105263158 0.02753131163708096 0.0461625000000001
0 0.7794561143984221 0.8264628289473686 0.02596992110453656 0.04473684210526316
0 0.8463939842209073 0.8198291118421053 0.027531065088757325 0.04528519736842103
0 0.8607760108481263 0.8587544407894737 0.027038214990138046 0.04287269736842108
0 0.8396549556213018 0.8618245065789474 0.02703821499013816 0.04287269736842093
0 0.8820612672583826 0.8561228618421052 0.02703821499013816 0.04287269736842108
0 0.8183285256410257 0.8642370065789475 0.02629857001972396 0.04155690789473687
0 0.9109485946745561 0.8106733552631579 0.02843515779092704 0.04517565789473679
0 0.8894167899408283 0.8138532894736842 0.02843515779092704 0.04517565789473679
0 0.9319875493096645 0.8073838815789475 0.02843515779092704 0.04517565789473679
0 0.9232348372781065 0.8491601973684211 0.02769551282051273 0.04320197368421048
0 0.9026068786982248 0.8526690789473684 0.02769551282051284 0.04320197368421048
0 0.9433696992110453 0.8463092105263157 0.02769551282051284 0.04320197368421062
0 0.8680490631163708 0.8168136513157894 0.028106508875739643 0.04495624999999997
0 0.9729965483234714 0.8012434210526316 0.029256903353057126 0.04605263157894737
0 0.9526974852071006 0.8040944078947369 0.029256903353057244 0.04605263157894737
0 0.9631756656804734 0.8430746710526317 0.028024408284023757 0.04265328947368426
0 0.9827352071005916 0.8392917763157894 0.028024161735700125 0.04298223684210532
0 0.9873491124260355 0.24020460526315793 0.025301775147928942 0.056578947368421055
0 0.9977041420118344 0.24785263157894738 0.004591715976331311 0.03963815789473684
0 0.9940675542406313 0.29497434210526313 0.011864891518737623 0.05493421052631579
0 0.992526627218935 0.4266355263157895 0.014946745562130128 0.053782894736842106
0 0.9886434911242604 0.4785269736842105 0.02271301775147924 0.05164473684210526
0 0.9984437869822487 0.491191447368421 0.003112426035502908 0.02203947368421053
0 0.994971523668639 0.6151498355263157 0.010056952662721934 0.047806907894736864
0 0.9904515532544379 0.6615314144736841 0.019096893491124232 0.04780690789473695
0 0.9890133136094676 0.7982092105263158 0.021973372781065037 0.044407894736842105
0 0.9989574704142012 0.8107638157894738 0.0020850591715976035 0.0125
0 0.9938620562130177 0.837353947368421 0.012275887573964538 0.040460526315789475
