0 0.5467120315581854 0.37731348684210525 0.04043392504930966 0.030263157894736843
0 0.586776134122288 0.3740240131578947 0.04043392504930966 0.030263157894736843
0 0.6264087771203156 0.37040559210526314 0.039817554240631166 0.030263157894736843
0 0.5878856015779093 0.40182006578947366 0.03994082840236687 0.030263157894736843
0 0.6273333333333333 0.39869506578947367 0.03994082840236687 0.030263157894736843
0 0.5479447731755424 0.40576743421052625 0.04043392504930966 0.030921052631578946
0 0.5493007889546351 0.43307006578947366 0.04043392504930966 0.030921052631578946
0 0.588871794871795 0.42945164473684205 0.03994082840236687 0.030263157894736843
0 0.6284428007889546 0.4264911184210526 0.03994082840236687 0.030263157894736843
0 0.5507800788954635 0.4611950657894737 0.04043392504930966 0.030921052631578946
0 0.5901045364891518 0.4574121710526316 0.03994082840236687 0.030263157894736843
0 0.6295522682445759 0.4536292763157895 0.03994082840236687 0.030263157894736843
0 0.5520128205128205 0.4888266447368421 0.04043392504930966 0.030921052631578946
0 0.5913372781065089 0.48537269736842104 0.03994082840236687 0.030263157894736843
0 0.6323875739644971 0.5087279605263159 0.039447731755424056 0.030263157894736843
0 0.5531222879684419 0.5167871710526316 0.04018737672583827 0.030921052631578946
0 0.5925700197238659 0.5126753289473684 0.04018737672583827 0.030921052631578946
0 0.5544783037475345 0.5440898026315789 0.04018737672583827 0.030921052631578946
0 0.5940493096646943 0.5399779605263159 0.04018737672583827 0.030921052631578946
0 0.6337435897435898 0.5360305921052632 0.039447731755424056 0.030921052631578946
0 0.5562041420118343 0.5715569078947369 0.04018737672583827 0.030921052631578946
0 0.5954669625246548 0.5681029605263158 0.04006410256410257 0.030921052631578946
0 0.6352228796844183 0.5633332236842106 0.039447731755424056 0.030921052631578946
0 0.5573752465483234 0.5993529605263158 0.03957100591715976 0.030921052631578946
0 0.5968229783037475 0.5950766447368421 0.04006410256410257 0.030921052631578946
0 0.6364556213017752 0.590718092105263 0.03994082840236687 0.03075657894736842
0 0.7641888560157792 0.04110427631578947 0.039694280078895465 0.029276315789473685
0 0.8020340236686392 0.039706250000000005 0.039694280078895465 0.028782894736842105
0 0.8388313609467455 0.03822598684210526 0.03759861932938856 0.027796052631578947
0 0.7669008875739645 0.06964046052631578 0.039694280078895465 0.029769736842105262
0 0.8046844181459567 0.06733782894736841 0.03907790927021696 0.028782894736842105
0 0.8414201183431953 0.06602203947368421 0.03759861932938856 0.027796052631578947
0 0.7696129191321499 0.09825888157894737 0.04018737672583827 0.030427631578947366
0 0.8075197238658778 0.0954628289473684 0.038584812623274165 0.029111842105263155
0 0.7722633136094674 0.12687730263157895 0.04006410256410257 0.030427631578947366
0 0.8098619329388561 0.12375230263157894 0.038584812623274165 0.029111842105263155
0 0.8465976331360946 0.12128519736842104 0.03759861932938856 0.028782894736842105
0 0.7747904339250493 0.15533124999999998 0.039447731755424056 0.031085526315789473
0 0.8123890532544379 0.1523707236842105 0.03895463510848126 0.03075657894736842
0 0.8490014792899407 0.14957467105263156 0.03747534516765286 0.030098684210526312
0 0.777379191321499 0.18378519736842105 0.039447731755424056 0.031085526315789473
0 0.8147312623274162 0.18066019736842104 0.03895463510848126 0.03075657894736842
0 0.8512820512820513 0.17786414473684212 0.037352071005917156 0.030098684210526312
0 0.7796597633136095 0.2128970394736842 0.03957100591715976 0.031085526315789473
0 0.8171351084812624 0.20919638157894738 0.03883136094674556 0.030263157894736843
0 0.8537167159763315 0.20570131578947365 0.03692061143984221 0.03018092105263158
0 0.8992750246548323 0.42903108552631586 0.035913954635108464 0.027412171052631606
0 0.9348602071005918 0.4295794407894737 0.03476331360946745 0.02741217105263153
0 0.9687195512820513 0.429278125 0.03287302761341225 0.0263707236842105
0 0.8989360207100593 0.45732055921052633 0.03622214003944771 0.027412171052631606
0 0.9344903846153846 0.45704654605263156 0.03476331360946745 0.02741217105263153
0 0.9681031804733728 0.456471052631579 0.03274975345167655 0.02680921052631579
0 0.8986278353057201 0.48536332236842106 0.035975591715976314 0.027412171052631606
0 0.9341513806706114 0.48471924342105266 0.03470167652859961 0.02650756578947364
0 0.9675484467455622 0.4840203947368421 0.03274975345167655 0.02680921052631579
0 0.8981963757396451 0.5128304276315789 0.03523594674556211 0.02724769736842108
0 0.9335966469428008 0.5118985197368422 0.03470167652859961 0.027083223684210476
0 0.9670861686390533 0.5109666118421052 0.0331812130177515 0.026535197368421026
0 0.89778550295858 0.5401879934210526 0.03564694280078891 0.02790559210526311
0 0.932774778106509 0.5390914473684212 0.0343730276134122 0.02752171052631577
0 0.8972103057199211 0.5676003289473684 0.03515384615384611 0.028124999999999997
0 0.9322405078895464 0.5662845394736843 0.03445537475345173 0.02730263157894737
0 0.9656476824457593 0.5645850328947369 0.03289398422090733 0.02719309210526313
0 0.89671733234714 0.5950126644736843 0.03548249506903351 0.028344407894736814
0 0.9316241370808679 0.5933677631578947 0.03453772189349113 0.027960526315789474
0 0.9648669871794873 0.5912845394736842 0.032976084812623326 0.02774144736842107
0 0.8961831854043394 0.6223154605263157 0.03556459566074951 0.028782894736842105
0 0.9308434418145957 0.620286677631579 0.03412672583826433 0.028727960526315745
0 0.9640451183431953 0.6181485197368422 0.03281163708086781 0.026864144736842153
0 0.9631410256410255 0.644354769736842 0.03281163708086781 0.02686414473684208
0 0.895484590729783 0.6496730263157894 0.03498939842209071 0.02845394736842105
0 0.9300216962524654 0.6467120065789473 0.03412672583826433 0.028727960526315818
0 0.5086513806706114 0.7900300986842106 0.04068047337278112 0.03475888157894734
0 0.5480168885601577 0.7815871710526316 0.04051602564102555 0.03432039473684205
0 0.5868071992110453 0.7737473684210526 0.03985848126232735 0.033991447368420996
0 0.5110758136094675 0.817661677631579 0.041255670611439865 0.03541677631578945
0 0.5500713757396449 0.8088896381578947 0.04051602564102566 0.03475888157894749
0 0.5886974852071005 0.8005018092105263 0.03985848126232746 0.03421085526315781
0 0.5134590729783037 0.8447449013157894 0.040927021696252515 0.03541677631578959
0 0.5525368589743589 0.8360827302631578 0.04051602564102566 0.03475888157894734
0 0.5912041420118344 0.8273110197368421 0.03961193293885606 0.03453980263157887
0 0.51584233234714 0.8717187500000001 0.04109146942800793 0.03519736842105263
0 0.5548789447731756 0.8630565789473684 0.04059812623274166 0.03519736842105263
0 0.593382026627219 0.8539557565789474 0.039694033530572055 0.03388190789473676
0 0.5182255917159763 0.8989118421052631 0.04092702169625241 0.03519736842105263
0 0.5571799802761341 0.8898108552631581 0.04059812623274166 0.03519736842105263
0 0.5206910749506902 0.9251179276315791 0.04092702169625241 0.03541677631578945
0 0.5594810157790927 0.9161266447368421 0.04059812623274166 0.03519736842105263
0 0.5978603303747534 0.9065871710526316 0.03944748520710054 0.034100657894736895
0 0.5226018244575937 0.951680427631579 0.040557199211045315 0.03459440789473681
0 0.5612684911242604 0.9421134868421054 0.04022830374753456 0.03453947368421052
0 0.5998327169625246 0.9325740131578949 0.03944748520710054 0.034100657894736895
0 0.5248207593688362 0.9778317434210527 0.040557199211045315 0.03459440789473681
0 0.5634874260355031 0.9681825657894738 0.04022830374753456 0.03503289473684211
0 0.6018051035502958 0.9583963815789475 0.03944748520710054 0.034100657894736895
0 0.8452545611439842 0.8328575657894738 0.035831607495068946 0.03388157894736842
0 0.8800589250493095 0.8234277960526316 0.035256410256410256 0.03410098684210523
0 0.9140003698224852 0.8139980263157895 0.03344847140039446 0.03388157894736842
0 0.8467338510848127 0.8585154605263158 0.035831607495068946 0.03388157894736842
0 0.8814150641025642 0.8486472039473685 0.03484541420118345 0.03410098684210523
0 0.9149865631163708 0.839107730263158 0.03344847140039446 0.03432006578947371
0 0.8477200443786982 0.8838442434210527 0.03533851084812614 0.03432006578947371
0 0.8820726084812625 0.8739761513157895 0.03484541420118345 0.03410098684210523
0 0.9157672583826428 0.8637787828947369 0.033366370808678464 0.03432006578947371
0 0.8490348865877712 0.9089539473684211 0.03484541420118345 0.03410065789473675
0 0.8829355276134123 0.8988664473684211 0.03361267258382645 0.03432039473684205
0 0.9162603550295857 0.8881758223684211 0.03287327416173566 0.03399111842105266
0 0.8496923076923077 0.934173355263158 0.03451676528599606 0.03410065789473675
0 0.8839217209072979 0.9232085526315791 0.03328377712031565 0.03432039473684205
0 0.8507607248520709 0.9588442434210527 0.034352317554240654 0.03497796052631581
0 0.884661365877712 0.9474411184210527 0.03328377712031565 0.03432039473684205
0 0.9172879684418145 0.9365860197368422 0.032133136094674636 0.03388190789473691
0 0.8516646942800788 0.9827302631578948 0.03353057199211045 0.03453947368421052
0 0.8852773668639053 0.971217105263158 0.03353057199211045 0.03453947368421052
0 0.9176984714003944 0.9601425986842107 0.03213362919132146 0.03432006578947371
0 0.9179861932938855 0.9831141447368421 0.03139398422090726 0.03377171052631584
0 0.7614563609467455 0.013370065789473685 0.04006410256410257 0.02674013157894737
0 0.7993015285996056 0.01271217105263158 0.03932445759368836 0.02542434210526316
0 0.8358523175542408 0.012136513157894739 0.03772189349112426 0.024273026315789478
0 0.603736932938856 0.9834195723684211 0.038461538461538464 0.03316085526315796
0 0.5653985453648915 0.9881620065789475 0.03928328402366855 0.023675986842105236
0 0.5262795857988165 0.9932606907894738 0.03928353057199218 0.0134786184210526
0 0.8536782544378698 0.9949651315789474 0.029914694280078966 0.01006973684210529
0 0.8857295364891519 0.9889891447368423 0.03254437869822485 0.02202171052631576
0 0.9192190581854043 0.9946909539473684 0.029503698224852163 0.010618092105263157
