0 0.09593589743589745 0.2530715460526316 0.0352569033530572 0.05098717105263157
0 0.12207026627218934 0.22741332236842104 0.035256903353057215 0.05098717105263157
0 0.11122214003944773 0.2001103618421053 0.035256903353057215 0.05098717105263157
0 0.08558086785009864 0.22675542763157897 0.0352569033530572 0.05098717105263157
0 0.10653772189349112 0.2797166118421053 0.0352569033530572 0.05098717105263161
0 0.13291863905325446 0.2540583881578947 0.0352569033530572 0.05098717105263157
0 0.14425986193293885 0.2830060855263158 0.035256903353057215 0.05098717105263161
0 0.11713929980276133 0.30833536184210525 0.035256903353057215 0.05098717105263157
0 0.12823397435897435 0.3349804276315789 0.035256903353057215 0.050987171052631536
0 0.15486143984220907 0.31096694078947373 0.035256903353057215 0.05098717105263157
0 0.1659561143984221 0.3379409539473684 0.035256903353057215 0.050987171052631536
0 0.13920537475345168 0.3622833881578948 0.035503451676528616 0.04901348684210533
0 0.1503000493096647 0.38892845394736847 0.035503451676528616 0.049013486842105256
0 0.17692751479289937 0.36557286184210525 0.036489644970414216 0.04901348684210533
0 0.18802218934911238 0.3928758223684211 0.036489644970414216 0.049013486842105256
0 0.16065507889546352 0.4159024671052632 0.036489644970414216 0.049013486842105256
0 0.1717497534516765 0.4428764802631579 0.036489644970414216 0.049013486842105256
0 0.20002083333333331 0.4200690789473684 0.03731139053254439 0.04791710526315794
0 0.21144428007889543 0.4486330592105264 0.03796893491124262 0.04671085526315789
0 0.18259787968441812 0.4706728618421053 0.03796893491124262 0.04671085526315789
0 0.19418565088757395 0.497646875 0.03796893491124262 0.04671085526315789
0 0.22204585798816565 0.4762649671052631 0.03796893491124262 0.04671085526315789
0 0.23388017751479287 0.5029100328947368 0.03796893491124259 0.04671085526315789
0 0.2057734220907298 0.5249498355263158 0.03796893491124262 0.04671085526315789
0 0.2161284516765286 0.5512659539473683 0.03796893491124262 0.04671085526315789
0 0.2447283037475345 0.5298840460526315 0.03796893491124259 0.04671085526315789
0 0.2558229783037475 0.5569128289473684 0.03895512820512819 0.04660131578947365
0 0.22673002958579883 0.5770886513157895 0.03846203155818542 0.04506611842105262
0 0.23782470414201182 0.6043916118421053 0.038462031558185394 0.045066118421052695
0 0.26691765285996055 0.5839965460526316 0.038462031558185394 0.04506611842105262
0 0.27801232741617354 0.6109705592105263 0.038462031558185394 0.045066118421052695
0 0.24891937869822484 0.6307077302631579 0.038462031558185394 0.04506611842105262
0 0.2601373274161735 0.6573527960526315 0.03821548323471399 0.04506611842105262
0 0.28898372781065085 0.637615625 0.03821548323471399 0.04506611842105262
0 0.30007840236686384 0.6639317434210527 0.03821548323471399 0.04506611842105262
0 0.27098545364891513 0.6830110197368421 0.03821548323471399 0.045066118421052556
0 0.2818335798816568 0.7086692434210526 0.03821548323471399 0.045066118421052695
0 0.3110498027613412 0.6904123355263158 0.039448224852070994 0.044737171052631496
0 0.05064607988165681 0.22590493421052632 0.03287352071005918 0.04956184210526316
0 0.06050801282051283 0.2522210526315789 0.03287352071005918 0.04956184210526316
0 0.0706988412228797 0.2780986842105263 0.03287352071005918 0.04956184210526316
0 0.08056077416173571 0.3048532894736842 0.03287352071005918 0.04956184210526316
0 0.09140890039447733 0.33226578947368424 0.03287352071005918 0.04956184210526316
0 0.10233937376725838 0.3590203947368421 0.034681706114398414 0.04912302631578946
0 0.11244785502958579 0.385665625 0.03517480276134122 0.04890361842105268
0 0.12354265285996055 0.4116529605263158 0.035339250493096636 0.04780723684210528
0 0.13406213017751478 0.4385172697368421 0.035339250493096636 0.04758782894736839
0 0.1449102564102564 0.464613980263158 0.03533925049309665 0.04627203947368418
0 0.15600505424063119 0.49180723684210526 0.03616099605522682 0.045394736842105265
0 0.1668531804733728 0.5183427631578946 0.03616099605522682 0.045394736842105265
0 0.17786575443786984 0.544878125 0.03616099605522682 0.04495624999999997
0 0.18822078402366865 0.570975 0.03616099605522682 0.044517763157894755
0 0.19906891025641027 0.5970717105263158 0.03616099605522682 0.044517763157894755
0 0.2096706114398422 0.6233879934210527 0.03698274161735699 0.04364046052631576
0 0.22117628205128204 0.6490462171052631 0.03698274161735699 0.04364046052631576
0 0.23194218441814593 0.6752527960526316 0.03681829388560156 0.042982565789473653
0 0.242954758382643 0.7011302631578947 0.03681829388560161 0.04210526315789474
0 0.2534742357001972 0.7263496710526316 0.03681829388560159 0.04210526315789474
0 0.07546560650887574 0.20035625 0.03385971400394477 0.051535526315789476
0 0.10094255424063117 0.17316315789473685 0.03517455621301775 0.05285131578947369
0 0.1277344674556213 0.14564095394736842 0.03616074950690334 0.05394769736842106
0 0.13833604536489152 0.1733825657894737 0.03665384615384614 0.05372828947368421
0 0.14918417159763314 0.20156266447368423 0.03764003944773176 0.05307006578947371
0 0.1603611932938856 0.22919457236842106 0.03764003944773176 0.053070065789473674
0 0.17194908777120316 0.25770378289473683 0.03846178500986196 0.053070065789473674
0 0.1830438856015779 0.28599358552631576 0.03862623274161736 0.051754276315789466
0 0.19438523175542408 0.3138449013157895 0.03895488165680473 0.0517542763157895
0 0.2057265779092702 0.34224440789473687 0.03862623274161736 0.051534868421052656
0 0.2169855769230769 0.37020509868421053 0.03944797830374756 0.05175427631578943
0 0.22849137080867846 0.3978371710526316 0.03911932938856016 0.05
0 0.24016148915187377 0.42612697368421054 0.039119329388560185 0.05
0 0.25191383136094675 0.4544169407894737 0.04026997041420119 0.04912269736842108
0 0.26333727810650887 0.4817200657894737 0.0404344181459566 0.04758749999999998
0 0.2746785009861933 0.5093519736842105 0.0404344181459566 0.04758749999999998
0 0.2861841715976331 0.5365453947368422 0.0404344181459566 0.04758749999999998
0 0.2971967455621302 0.5636291118421053 0.0404344181459566 0.04649111842105259
0 0.30853796844181464 0.5914804276315789 0.0404344181459566 0.046491118421052656
0 0.31938609467455625 0.6184544407894736 0.0404344181459566 0.046491118421052656
0 0.330398791913215 0.6452090460526316 0.04109196252465485 0.045614144736842076
0 0.34100049309664693 0.6717444078947368 0.04027021696252467 0.04517565789473686
0 0.11721499013806708 0.11844753289473685 0.03616074950690337 0.05394769736842106
0 0.09075197238658778 0.14629884868421053 0.03616074950690336 0.05394769736842106
0 0.06511070019723866 0.17332779605263157 0.03418836291913215 0.05361875000000001
0 0.041318540433925056 0.20013733552631582 0.032462524654832355 0.051316118421052624
0 0.031703155818540434 0.17447911184210524 0.03147633136094675 0.051316118421052645
0 0.05545414201183431 0.14695690789473684 0.032955621301775144 0.05285131578947366
0 0.08076676528599605 0.11954424342105262 0.03394181459566075 0.05328980263157896
0 0.10722990631163709 0.09125427631578947 0.03558555226824457 0.0541671052631579
0 0.022169871794871794 0.14750509868421055 0.03147633136094675 0.051316118421052645
0 0.04608518244575937 0.12031184210526315 0.032298076923076915 0.05219342105263158
0 0.07074013806706114 0.09224128289473685 0.03361291913214991 0.05307072368421052
0 0.09703883136094674 0.06373223684210526 0.034927761341222885 0.054825
0 0.03655189842209073 0.09487319078947369 0.032298076923076915 0.051754934210526314
0 0.06120697731755424 0.06636398026315787 0.033284270216962515 0.053070723684210515
0 0.08701269723865876 0.03763569078947368 0.03427046351084812 0.05307072368421052
0 0.027347263313609465 0.06965361842105264 0.032298076923076915 0.05263223684210526
0 0.0516736932938856 0.04048667763157895 0.03328427021696253 0.054386513157894736
0 0.017978427021696254 0.044105098684210524 0.03229807692307693 0.05372861842105263
0 0.016186883629191323 0.9825940789473684 0.03122978303747535 0.034430263157894776
0 0.17126701183431955 0.9826894736842106 0.03435256410256411 0.03462105263157896
0 0.19690828402366864 0.9715050986842108 0.03533875739644969 0.03637532894736846
0 0.22312487672583828 0.9586761513157895 0.03747559171597632 0.03703322368421057
0 0.13650332840236687 0.9705182565789475 0.03353081854043393 0.034401644736842145
0 0.1607475345167653 0.9587856907894736 0.034681459566074956 0.035059539473684107
0 0.18589558678500986 0.9457375 0.035996301775147954 0.0361559210526315
0 0.2124409516765286 0.9330182565789473 0.03747559171597632 0.037910197368421
0 0.2015106015779093 0.9072504934210527 0.037311143984220925 0.0385680921052631
0 0.16370623767258385 0.8950791118421052 0.035996301775147954 0.03703322368421057
0 0.14981706114398421 0.9343338815789474 0.03517455621301775 0.0361559210526315
0 0.1258194033530572 0.946395230263158 0.033530818540433924 0.034401644736842
0 0.11505350098619328 0.9220529605263158 0.03270907297830375 0.03527894736842107
0 0.13896881163708086 0.9093337171052631 0.03484590729783039 0.03703322368421057
0 0.17471881163708083 0.9209567434210525 0.035996301775147926 0.03703322368421042
0 0.19016937869822484 0.8811536184210527 0.037311143984220925 0.03944539473684217
0 0.10387660256410255 0.8977106907894735 0.03303772189349113 0.03615624999999999
0 0.12762758875739644 0.8847722039473686 0.03484590729783039 0.03703322368421057
0 0.15244699211045365 0.8698597039473684 0.035831854043392494 0.03834901315789478
0 0.1788280325443787 0.8550567434210526 0.036982495069033526 0.0403226973684211
0 0.09294600591715975 0.8731493421052631 0.03320216962524655 0.03659473684210528
0 0.1166150147928994 0.8591139802631579 0.03484590729783039 0.03703322368421042
0 0.14110576923076923 0.8444208881578946 0.035831854043392494 0.03834901315789478
0 0.16715791420118345 0.8287406249999999 0.036982495069033554 0.040322697368420944
0 0.08217998027613413 0.847491282894737 0.03270907297830375 0.0374720394736842
0 0.10502712031558185 0.8334557565789475 0.0340241617357002 0.038787828947368416
0 0.1296000986193294 0.8183240131578947 0.03583185404339252 0.04054210526315791
0 0.1561453402366864 0.8019860197368421 0.036982495069033526 0.0403226973684211
0 0.07149617850098619 0.8229297697368421 0.03238042406311637 0.03747203947368435
0 0.09450764299802762 0.8082363486842106 0.0340241617357002 0.038787828947368416
0 0.11834109960552268 0.7923370065789472 0.03501010848126232 0.040322697368420944
0 0.14455744575936882 0.7756699013157895 0.03714694280078896 0.04163848684210531
0 0.1335448717948718 0.7489152960526315 0.037146942800788944 0.04163848684210531
0 0.10749297337278106 0.766459375 0.035010108481262334 0.0403226973684211
0 0.0831664201183432 0.7827975328947369 0.0340241617357002 0.038787828947368416
0 0.06064805226824457 0.7977103618421052 0.03238042406311637 0.0374720394736842
0 0.04988202662721893 0.772710197368421 0.03188732741617357 0.0392263157894737
0 0.03903390039447732 0.7477098684210527 0.03188732741617357 0.039226315789473554
0 0.028432199211045363 0.7217225328947369 0.03172287968441815 0.04076151315789473
0 0.017583949704142014 0.6959546052631579 0.03139423076923077 0.04185789473684212
0 0.07256484220907299 0.7567006578947368 0.0335310650887574 0.04098092105263154
0 0.06188091715976332 0.7313715460526315 0.0335310650887574 0.042077302631579085
0 0.0505396942800789 0.705055427631579 0.0335310650887574 0.04207730263157894
0 0.04002021696252466 0.6784103618421053 0.0335310650887574 0.04273519736842097
0 0.029172090729783037 0.6520942434210527 0.0335310650887574 0.042735197368421046
0 0.01832396449704142 0.6257782894736843 0.032544871794871796 0.04448947368421054
0 0.04133542899408284 0.6066991776315789 0.03320241617357002 0.04536677631578953
0 0.05226577909270217 0.6337828947368422 0.03336686390532544 0.044270394736842064
0 0.09631595167652861 0.7402529605263157 0.035010108481262334 0.04141907894736849
0 0.11110909763313609 0.6957348684210527 0.035996301775147926 0.043611842105263136
0 0.07445537475345168 0.6872917763157894 0.03468145956607495 0.042953947368421105
0 0.06327835305719921 0.6603177631578947 0.03468145956607495 0.04295394736842103
0 0.12236785009861934 0.7221606907894736 0.03714694280078896 0.04295427631578952
0 0.08513905325443788 0.7139368421052631 0.034352564102564105 0.04229605263157892
0 0.09984997534516765 0.6687606907894738 0.03648939842209074 0.044489144736842054
0 0.0880977564102564 0.6414575657894737 0.035996301775147926 0.04470855263157895
0 0.07692073471400394 0.6144835526315789 0.035996301775147926 0.04470855263157895
0 0.0653328402366864 0.5873998355263157 0.03517455621301775 0.04580493421052634
0 0.05415594181459567 0.5602065789473685 0.034845907297830374 0.04668223684210526
0 0.030404955621301778 0.5801636513157894 0.03270931952662722 0.04536677631578946
0 0.019885478303747536 0.5536282894736841 0.03270931952662722 0.04624407894736838
0 0.04338979289940829 0.5331228618421053 0.034681459566074956 0.04690164473684207
0 0.03221289447731756 0.505929605263158 0.03435281065088757 0.04777894736842107
0 0.021118219921104537 0.4776398026315789 0.03353081854043393 0.04777894736842099
0 0.3422878451676529 0.3705725328947368 0.039447978303747536 0.0482463815789474
0 0.37253143491124263 0.34754605263157895 0.040434171597633135 0.048684868421052616
0 0.3611902120315582 0.32057203947368423 0.040434171597633135 0.048684868421052616
0 0.33143971893491125 0.3435985197368421 0.039447978303747536 0.04824638157894735
0 0.3199340483234714 0.3170629934210526 0.039447978303747536 0.048246381578947325
0 0.35001319033530576 0.2929401315789474 0.040434171597633135 0.048684868421052616
0 0.30925012327416174 0.2891021381578947 0.039447978303747536 0.0489042763157895
0 0.33916506410256414 0.2647600328947368 0.040434171597633135 0.04978125000000001
0 0.2980731015779093 0.2614702302631579 0.039447978303747536 0.04890427631578946
0 0.3279881656804734 0.23647023026315792 0.04010552268244573 0.04978125000000001
0 0.2873892998027613 0.23383815789473683 0.03911932938856012 0.049781578947368385
0 0.31689349112426035 0.2078516447368421 0.039612426035502926 0.050877631578947376
0 0.2767053747534517 0.20686414473684211 0.039119329388560185 0.04978157894736843
0 0.3062095660749507 0.18021973684210527 0.039612426035502926 0.05219342105263158
0 0.26610367357001974 0.17901299342105265 0.03895488165680473 0.050658881578947386
0 0.2552554240631164 0.15225822368421052 0.03862623274161739 0.05153618421052634
0 0.24490039447731757 0.12418782894736842 0.03862623274161739 0.051536184210526303
0 0.23397004437869826 0.09743322368421053 0.03780448717948719 0.05153618421052631
0 0.223450567061144 0.07034967105263158 0.03780448717948716 0.053071052631578956
0 0.21284886587771204 0.0438141447368421 0.03698274161735701 0.053071052631578956
0 0.29503254437869825 0.15258782894736841 0.03961242603550298 0.05219342105263158
0 0.2842665187376726 0.12517532894736844 0.03911932938856012 0.05219342105263158
0 0.2730894970414201 0.09710493421052632 0.03911932938856012 0.05219342105263158
0 0.26240557199211045 0.06947302631578947 0.039119329388560185 0.052193421052631576
0 0.2520504191321499 0.041950822368421056 0.03846178500986193 0.05372861842105263
0 0.4034324457593689 0.32473881578947367 0.04109171597633133 0.05000065789473686
0 0.39225542406311636 0.29644901315789474 0.04109171597633133 0.05000065789473686
0 0.3810784023668639 0.26793996710526313 0.04109171597633139 0.05043914473684212
0 0.36998360453648915 0.23975986842105262 0.04092726824457593 0.051535526315789476
0 0.3582315088757397 0.21092171052631578 0.04109171597633133 0.05219342105263154
0 0.34738338264299806 0.1824126644736842 0.04109171597633133 0.053070723684210515
0 0.3361242603550296 0.15412302631578947 0.04158481262327413 0.053509210526315805
0 0.32544045857988163 0.12605246710526316 0.041256163708086796 0.05438651315789475
0 0.3142634368836292 0.09754325657894736 0.04026997041420119 0.054386513157894736
0 0.3030864151873768 0.06892450657894736 0.04026997041420119 0.05504440789473683
0 0.2920738412228797 0.040854111842105266 0.04026997041420119 0.055044407894736844
0 0.43499100098619325 0.3002866776315789 0.0417492603550296 0.050220065789473675
0 0.4236497781065089 0.27133914473684206 0.0417492603550296 0.051974342105263145
0 0.4124727564102564 0.24261085526315787 0.0417492603550296 0.05197434210526318
0 0.401131533530572 0.2138824013157895 0.0417492603550296 0.05285164473684209
0 0.3896258629191322 0.18449621710526318 0.0417492603550296 0.05285164473684209
0 0.3786132889546351 0.15554851973684208 0.0417492603550296 0.054167434210526305
0 0.3672720660749507 0.1268202302631579 0.0417492603550296 0.054167434210526305
0 0.35625949211045366 0.09831101973684211 0.0417492603550296 0.054167434210526305
0 0.3453290187376726 0.06925378289473684 0.04125616370808674 0.05482532894736842
0 0.3341519970414201 0.04019638157894737 0.041256163708086796 0.055921710526315796
0 0.014383505917159764 0.12289243421052633 0.02876701183431953 0.05131644736842105
0 0.009534763313609468 0.09569934210526318 0.019069526627218936 0.048246052631578946
0 0.004932445759368836 0.06499703947368421 0.009864891518737672 0.03903552631578948
0 0.01216457100591716 0.022191447368421054 0.02432914201183432 0.04438289473684211
0 0.029013560157790927 0.007827302631578948 0.020545857988165682 0.015654605263157897
0 0.04273828895463511 0.020765953947368423 0.032873520710059174 0.04153190789473685
0 0.06295537475345167 0.006072861842105264 0.01577909270216962 0.012145723684210527
0 0.07758407297830373 0.019450164473684212 0.034188362919132145 0.038900328947368425
0 0.005463510848126232 0.9875141447368421 0.010927021696252464 0.02497171052631586
0 0.024733851084812623 0.9952993421052632 0.026627465483234716 0.00940131578947366
0 0.010148052268244575 0.9578131578947369 0.02029610453648915 0.03530723684210521
0 0.004559541420118343 0.9299620065789476 0.009119082840236686 0.027850986842105237
0 0.14677638067061144 0.9890493421052631 0.03303796844181461 0.02190131578947366
0 0.18121116863905323 0.9957379934210527 0.024655078895463534 0.00852401315789474
0 0.2070991124260355 0.9897072368421053 0.034681459566074956 0.02058552631578945
0 0.24564312130177512 0.9956282894736842 0.023339990138067066 0.008743421052631555
0 0.23446622287968438 0.9832378289473683 0.03714694280078896 0.03352434210526323
0 0.011044255424063117 0.6707164473684212 0.022088510848126235 0.04166710526315786
0 0.005784516765285995 0.6407819078947369 0.01156903353057199 0.03530723684210528
0 0.011783900394477317 0.6001016447368421 0.023567800788954634 0.04342171052631578
0 0.006524161735700197 0.570496052631579 0.013048323471400393 0.03640394736842109
0 0.0011821992110453649 0.5479080592105263 0.0023643984220907297 0.009649013157894765
0 0.012441321499013808 0.5270745065789473 0.024882642998027615 0.04561480263157898
0 0.007017258382642998 0.4959337171052631 0.014034516765285996 0.038597039473684217
0 0.0015109714003944774 0.47148174342105265 0.003021942800788955 0.012500328947368413
0 0.01326319033530572 0.44966134868421054 0.02652638067061144 0.0486845394736842
0 0.008085675542406311 0.42027516447368424 0.016171351084812623 0.04254440789473685
0 0.0029080374753451678 0.3927527960526316 0.0058160749506903356 0.022587828947368396
0 0.18926220414201184 0.009187828947368422 0.024655078895463502 0.018375657894736844
0 0.20274026134122292 0.02223634868421053 0.03648939842209075 0.04447269736842106
0 0.22681989644970416 0.0076527960526315796 0.0221895956607495 0.015305592105263159
0 0.24153081854043393 0.021139802631578948 0.03780424063116372 0.042279605263157896
0 0.2655284763313609 0.006665953947368422 0.019724112426035497 0.013331907894736844
0 0.2814718934911242 0.020372203947368422 0.03911932938856012 0.040744407894736843
0 0.3233856015779093 0.019933552631578946 0.0404344181459566 0.03986710526315789
0 0.3059626479289941 0.005898355263157896 0.018409023668639033 0.011796710526315791
