0 0.9493676035502959 0.04245723684210526 0.03648915187376726 0.08491447368421053
0 0.9771042899408285 0.045769736842105266 0.03673570019723866 0.08486842105263158
0 0.5613757396449703 0.14842302631578946 0.03517406311637085 0.08969276315789473
0 0.5935914694280078 0.14995822368421052 0.03517406311637085 0.08969276315789473
0 0.6264644970414202 0.150396875 0.03517406311637085 0.08925427631578947
0 0.6578583579881658 0.15160312499999998 0.036817800788954656 0.08859638157894736
0 0.6957446992110453 0.1523707236842105 0.03829709072978306 0.08837697368421052
0 0.7268921351084814 0.1535768092105263 0.037803994082840145 0.08728059210526315
0 0.7647783530571992 0.15511200657894736 0.03895463510848126 0.08728059210526315
0 0.7955147928994083 0.1566470394736842 0.03895463510848126 0.0868421052631579
0 0.8261690088757396 0.15829194078947367 0.03911908284023667 0.08574572368421053
0 0.8562479043392505 0.15993651315789473 0.03911908284023667 0.08552631578947369
0 0.8855050542406312 0.16245838815789473 0.03879018737672586 0.0844299342105263
0 0.9145155325443788 0.1646514802631579 0.03796844181459566 0.08442993421052633
0 0.9427041420118343 0.16706381578947366 0.03747534516765286 0.08355263157894736
0 0.975741617357002 0.17068240131578952 0.03648915187376726 0.08245625
0 0.8649589497041421 0.29019934210526316 0.03879018737672586 0.08026315789473684
0 0.8945447485207102 0.2915151315789474 0.03879018737672586 0.08026315789473684
0 0.9240484467455621 0.2923921052631579 0.03829709072978306 0.07982434210526318
0 0.9518261834319528 0.29348865131578944 0.03796844181459566 0.07938585526315789
0 0.9796040433925051 0.29546249999999996 0.03731114398422087 0.07894736842105264
0 0.854768244575937 0.41410279605263156 0.038132642998027655 0.07543848684210529
0 0.8845184911242604 0.41388338815789477 0.038132642998027655 0.07543848684210529
0 0.9137755177514794 0.41465082236842105 0.039447485207100653 0.0747805921052631
0 0.9421286982248522 0.4145411184210526 0.03928303747534513 0.075
0 0.9703173076923078 0.41508930921052634 0.038789940828402446 0.0747805921052632
0 0.9380194773175543 0.5361422697368421 0.03994082840236687 0.06995624999999997
0 0.9659615384615385 0.5363616776315789 0.03994082840236687 0.06995625000000005
0 0.8498821499013806 0.65674375 0.03920118343195266 0.06595394736842111
0 0.8790364891518737 0.6562503289473683 0.039817554240631166 0.06595394736842111
0 0.9076360946745561 0.6560858552631579 0.04031065088757397 0.06562500000000007
0 0.9353727810650886 0.6557569078947368 0.04006410256410257 0.06562500000000007
0 0.962801282051282 0.6554279605263158 0.04018737672583827 0.06496710526315796
0 0.8380478303747534 0.7689970394736843 0.036242603550295856 0.0625
0 0.8670172583826429 0.7697371710526316 0.036242603550295856 0.06233552631578947
0 0.8959250493096645 0.7690792763157895 0.03784516765285996 0.06200657894736842
0 0.9239082840236684 0.7687503289473685 0.03833826429980276 0.06233552631578947
0 0.951706607495069 0.7684213815789475 0.03895463510848126 0.06167763157894737
0 0.97919674556213 0.7674345394736842 0.03895463510848126 0.06167763157894737
0 0.9184842209072978 0.8790299342105266 0.03932445759368836 0.05756578947368421
0 0.9447416173570018 0.8775496710526317 0.03932445759368836 0.05756578947368421
0 0.9706291913214989 0.8756582236842108 0.039817554240631166 0.057072368421052636
0 0.359685650887574 0.029546052631578945 0.03266765285996055 0.05909210526315789
0 0.39198348126232746 0.029792763157894732 0.03242110453648915 0.059585526315789464
0 0.42458949704142007 0.02995723684210526 0.032051282051282055 0.05991447368421052
0 0.4570722386587771 0.030121710526315786 0.031681459566074946 0.06024342105263157
0 0.48992480276134126 0.030697368421052626 0.03205128205128211 0.06139473684210525
0 0.5227773668639054 0.03135526315789473 0.033160749506903356 0.06271052631578947
0 0.555445019723866 0.03168421052631579 0.03365384615384615 0.06336842105263157
0 0.5959405818540435 0.03151973684210526 0.03229783037475345 0.06303947368421052
0 0.6278685897435898 0.03151973684210526 0.03377712031558185 0.06303947368421052
0 0.6653439349112426 0.0320953947368421 0.035256410256410256 0.0641907894736842
0 0.6975801282051284 0.03283552631578947 0.03537968441814596 0.06567105263157894
0 0.7291999506903354 0.0336578947368421 0.03599605522682446 0.0673157894736842
0 0.7603883136094676 0.034480263157894736 0.03599605522682446 0.06896052631578947
0 0.7917615877712033 0.03530263157894736 0.03587278106508876 0.07060526315789473
0 0.8222103057199212 0.03653618421052631 0.036119329388560155 0.07307236842105262
0 0.8524741124260357 0.03760526315789473 0.03599605522682446 0.07521052631578946
0 0.8870525147928995 0.03916776315789473 0.036119329388560155 0.07833552631578947
0 0.9159603057199213 0.04056578947368421 0.036242603550295856 0.08113157894736842
0 0.9929283777120316 0.04856578947368421 0.014143244575936829 0.08322368421052631
0 0.9920620069033531 0.17232648026315792 0.015875986193293893 0.08048256578947369
0 0.993787845167653 0.29601052631578945 0.012424309664694287 0.07828947368421052
0 0.9890212031558185 0.4158570723684211 0.021957593688362906 0.07412269736842109
0 0.9863091715976332 0.5359230263157895 0.027381656804733714 0.06907894736842105
0 0.984667406311637 0.654852302631579 0.030665187376725876 0.06546052631578955
0 0.9977344674556213 0.675822697368421 0.0045310650887574345 0.020888157894736917
0 0.9928035009861932 0.7669411184210527 0.01439299802761345 0.06134868421052631
0 0.9879958086785009 0.8741779605263159 0.024008382642998063 0.05641447368421053
