0 0.12031348619329389 0.47677532894736835 0.032708826429980284 0.05592105263157895
0 0.14348902859960552 0.4758981907894737 0.032708826429980284 0.05548256578947374
0 0.16699334319526626 0.4751305921052632 0.032380177514792885 0.055701973684210544
0 0.1906619822485207 0.4740342105263158 0.032380177514792885 0.055701973684210544
0 0.21457704635108482 0.47282812500000004 0.03122953648915188 0.05592138157894737
0 0.23841013313609472 0.47173174342105273 0.03122953648915188 0.05592138157894737
0 0.26232532051282054 0.47041611842105263 0.03073643984220908 0.055482894736842064
0 0.28698015285996054 0.46953881578947365 0.03073643984220911 0.055482894736842064
0 0.31089534023668636 0.46888092105263157 0.029257149901380706 0.055482894736842064
0 0.33505707593688366 0.46734588815789474 0.029257149901380706 0.05504440789473679
0 0.35872571499013806 0.46668799342105266 0.028270956607495106 0.05504440789473679
0 0.3825586785009862 0.4658106907894737 0.026627218934911243 0.05504440789473686
0 0.40606286982248524 0.4651527960526316 0.026627218934911243 0.05504440789473686
0 0.4294028599605523 0.4636175986842106 0.026627218934911243 0.05504440789473686
0 0.4525784023668639 0.46285000000000004 0.02564102564102564 0.054824999999999964
0 0.476082593688363 0.46197269736842106 0.02564102564102564 0.054824999999999964
0 0.49892948717948726 0.46043750000000006 0.02366863905325444 0.05482500000000004
0 0.5221050295857989 0.4593411184210527 0.02366863905325444 0.054824999999999964
0 0.5456093441814596 0.45846398026315793 0.023011094674556233 0.05526348684210526
0 0.5687848865877713 0.45736759868421056 0.023011094674556233 0.05526348684210526
0 0.5924535256410256 0.4563809210526316 0.023668392504930916 0.055482894736842064
0 0.6161221646942802 0.45484572368421056 0.023668392504930916 0.05548289473684214
0 0.6393799309664695 0.4539684210526316 0.025476331360946715 0.055482894736842064
0 0.6635416666666667 0.4530911184210527 0.025476331360946715 0.055482894736842064
0 0.6875389546351086 0.45265263157894736 0.025476331360946715 0.055482894736842064
0 0.7117006903353057 0.45078865131578943 0.026462524654832318 0.05526348684210526
0 0.7361089743589743 0.44991134868421057 0.02695562130177512 0.05526348684210526
0 0.7599420611439842 0.4490340460526317 0.02695562130177512 0.05526348684210526
0 0.7836929240631165 0.44804736842105264 0.028106262327416122 0.055482894736842064
0 0.8075260108481263 0.44738947368421056 0.028106262327416122 0.055482894736842064
0 0.8310302021696253 0.44563519736842105 0.028106262327416122 0.05548289473684214
0 0.8548631656804735 0.44453881578947374 0.029421104536489124 0.055482894736842064
0 0.8783673570019724 0.44322302631578947 0.029421104536489124 0.055482894736842064
0 0.9012964743589744 0.44190723684210526 0.03024285009861932 0.055482894736842064
0 0.9238968195266272 0.44081069078947366 0.030735946745562123 0.05592138157894737
0 0.9464148175542406 0.43993338815789473 0.030735946745562123 0.05592138157894737
0 0.9686041666666666 0.43905608552631575 0.030735946745562123 0.05592138157894737
0 0.9781374506903353 0.3831350328947369 0.030735946745562123 0.05592138157894737
0 0.9555372287968441 0.38357368421052634 0.030900394477317523 0.05679868421052628
0 0.9330192307692309 0.3844509868421053 0.030900394477317635 0.056798684210526355
0 0.9096792406311636 0.38532828947368425 0.030900394477317523 0.05679868421052628
0 0.8857641765285996 0.386205427631579 0.02974975345167652 0.05723717105263158
0 0.8622598619329389 0.3870825657894737 0.030078402366863804 0.05811447368421056
0 0.8379336785009863 0.3883983552631579 0.030078402366863915 0.05811447368421056
0 0.8142650394477318 0.38927565789473684 0.030078402366863915 0.05811447368421049
0 0.7897745315581854 0.3909203947368421 0.028763560157790916 0.058772368421052594
0 0.7651196992110454 0.39201677631578946 0.028763560157790916 0.05877236842105267
0 0.7406293145956607 0.3926745065789473 0.027777366863905313 0.0592108552631579
0 0.7158100345167652 0.3942097039473684 0.027777366863905313 0.0592108552631579
0 0.6910731015779094 0.39530624999999997 0.027284270216962517 0.05877236842105267
0 0.6665825936883629 0.3964027960526316 0.025969428007889518 0.05833388157894738
0 0.6417633136094675 0.3972800986842105 0.025969428007889518 0.05833388157894732
0 0.6175193540433924 0.39859605263157893 0.02481878698224851 0.05789539473684209
0 0.5931931706114398 0.39991184210526315 0.02481878698224851 0.05789539473684209
0 0.5695246548323472 0.4010083881578948 0.023175049309664707 0.05745690789473687
0 0.5458560157790927 0.40232417763157896 0.023175049309664707 0.05745690789473687
0 0.5214473619329388 0.4032013157894737 0.023011094674556233 0.05789539473684209
0 0.49777872287968444 0.4046268092105263 0.023997287968441836 0.05767598684210528
0 0.4737814349112427 0.4059425986842105 0.023997287968441836 0.05767598684210528
0 0.44978414694280083 0.40681990131578954 0.02596967455621304 0.05767598684210528
0 0.4262799556213018 0.40703930921052633 0.025969674556212984 0.05767598684210528
0 0.4022004437869822 0.40901282894736846 0.02679142011834318 0.05811447368421049
0 0.3779564842209074 0.40967072368421054 0.027942061143984183 0.05811447368421049
0 0.3531372041420119 0.4103286184210527 0.02794206114398424 0.05811447368421049
0 0.32889336785009865 0.41109621710526323 0.029421351084812586 0.05833388157894738
0 0.304402983234714 0.41241200657894744 0.029421351084812645 0.05833388157894738
0 0.2793371548323471 0.4132893092105263 0.02991444773175539 0.05833388157894738
0 0.2546824457593688 0.4141666118421052 0.030571992110453645 0.05833388157894738
0 0.2298631656804734 0.4150439144736842 0.030571992110453645 0.05833388157894738
0 0.20537278106508874 0.41592105263157897 0.03155818540433925 0.05745657894736838
0 0.18137549309664694 0.4170174342105263 0.03155818540433925 0.057456578947368456
0 0.15696733234714005 0.41811398026315794 0.032708826429980284 0.05789506578947368
0 0.13297004437869822 0.4194297697368421 0.03270882642998027 0.05789506578947368
0 0.10897275641025642 0.4201973684210526 0.03270882642998027 0.05767565789473686
0 0.08563276627218935 0.42151315789473676 0.033695019723865884 0.05767565789473686
0 0.06204635108481263 0.4232675986842105 0.034516765285996065 0.05811414473684207
0 0.03969255424063116 0.4243639802631579 0.03451676528599606 0.05811414473684216
0 0.01725838264299803 0.4256797697368421 0.03451676528599606 0.05811414473684216
0 0.029750123274161735 0.48072351973684213 0.03385922090729783 0.05548256578947365
0 0.052103920118343194 0.47918832236842107 0.03385922090729783 0.05548256578947374
0 0.07478636587771202 0.47809194078947365 0.03385922090729783 0.05548256578947365
0 0.09746881163708085 0.47743404605263157 0.033859220907297836 0.05548256578947365
0 0.2744061883629191 0.20945164473684214 0.02991444773175539 0.06337763157894737
0 0.2500800049309665 0.21098684210526317 0.02991444773175542 0.06337763157894737
0 0.29889657297830374 0.2081358552631579 0.029914447731755445 0.06337763157894737
0 0.32346930473372776 0.20660065789473683 0.028435157790926986 0.06337763157894737
0 0.3479596893491124 0.20638125000000002 0.02843515779092704 0.06337763157894732
0 0.37228587278106506 0.20484605263157896 0.028435157790926986 0.06337763157894737
0 0.3968586045364892 0.20451726973684212 0.026955867850098642 0.0635970394736842
0 0.4210203402366864 0.20363996710526314 0.026955867850098642 0.0635970394736842
0 0.44567504930966473 0.20287253289473683 0.02629832347140038 0.06425493421052629
0 0.46975456114398423 0.20199539473684214 0.025476577909270236 0.06513223684210524
0 0.4941627218934912 0.2013375 0.02432593688362923 0.06513223684210524
0 0.5181600098619329 0.19980230263157894 0.02432593688362912 0.06513223684210524
0 0.5426503944773176 0.1987059210526316 0.02432593688362912 0.06513223684210527
0 0.5664836045364892 0.19760953947368426 0.023668392504931027 0.06513223684210527
0 0.5913028846153846 0.19629375000000002 0.023668392504931027 0.06513223684210527
0 0.6156290680473373 0.19541644736842106 0.023668392504930916 0.06513223684210527
0 0.6399551282051281 0.19333305921052635 0.024983234714003915 0.06491282894736841
0 0.6643634122287968 0.19223651315789472 0.025476331360946715 0.06403552631578946
0 0.6885251479289942 0.19092072368421054 0.025476331360946715 0.06403552631578946
0 0.7130156558185405 0.18960509868421052 0.026791173570019717 0.0635970394736842
0 0.7375060404339251 0.18850871710526318 0.026791173570019717 0.06359703947368422
0 0.7624072978303746 0.1876314144736842 0.027941814595660718 0.0635970394736842
0 0.7860759368836292 0.1869735197368421 0.027941814595660718 0.0635970394736842
0 0.810073224852071 0.18653503289473686 0.027941814595660718 0.06359703947368422
0 0.8339063116370807 0.18521924342105264 0.027941814595660718 0.06359703947368422
0 0.857821375739645 0.1851097039473684 0.029092455621301725 0.06293914473684209
0 0.881161365877712 0.18379391447368418 0.029092455621301725 0.06293914473684209
0 0.9042548076923077 0.18489046052631578 0.02958555226824464 0.062061842105263144
0 0.9272659023668639 0.18423256578947367 0.02958555226824453 0.062061842105263144
0 0.9492908037475344 0.18423256578947367 0.02958555226824453 0.062061842105263144
0 0.9710691568047338 0.18521940789473684 0.030078648915187325 0.06140394736842104
0 0.9629330621301774 0.2449779605263158 0.02892825443786984 0.05943026315789474
0 0.9839718934911242 0.2450876644736842 0.028599605522682446 0.0592108552631579
0 0.9410723619329389 0.2449779605263158 0.02892825443786984 0.05943026315789474
0 0.919047460552268 0.24475855263157892 0.02892825443786984 0.05943026315789474
0 0.8970225591715977 0.24541644736842105 0.02892825443786973 0.05943026315789474
0 0.8745045611439841 0.24607434210526316 0.02892825443786984 0.05943026315789474
0 0.8510003698224852 0.24673223684210524 0.02892825443786984 0.05943026315789474
0 0.8274139546351086 0.24771924342105264 0.028106508875739643 0.059649671052631595
0 0.8039097633136094 0.2481577302631579 0.028106508875739643 0.059649671052631595
0 0.7802411242603551 0.24925411184210527 0.028106508875739643 0.05964967105263156
0 0.7566545857988166 0.2502411184210526 0.026627218934911243 0.05986907894736844
0 0.7329038461538461 0.25111842105263155 0.026134122287968443 0.059869078947368405
0 0.7089065581854044 0.2526536184210526 0.026134122287968443 0.059869078947368405
0 0.6849914940828403 0.25396924342105265 0.024983481262327436 0.0603075657894737
0 0.6613228550295858 0.2548465460526316 0.024983481262327436 0.06030756578947367
0 0.6374898915187377 0.256271875 0.02366863905325444 0.0609654605263158
0 0.6134926035502959 0.25714917763157896 0.02366863905325444 0.06096546052631577
0 0.5901526134122289 0.2589034539473684 0.02366863905325444 0.0609654605263158
0 0.5664017504930967 0.2607674342105263 0.022517998027613433 0.06118486842105265
0 0.5427331114398423 0.26252171052631584 0.022517998027613433 0.06118486842105261
0 0.5192284270216962 0.26361825657894733 0.022188609467455583 0.06162335526315791
0 0.4955597879684418 0.26427615131578946 0.022188609467455638 0.06162335526315791
0 0.4719732495069034 0.26537269736842106 0.023667899408283986 0.06118486842105265
0 0.4483046104536489 0.26603059210526314 0.023667899408283986 0.06118486842105265
0 0.4249647435897436 0.26679819078947364 0.02498274161735698 0.06140427631578947
0 0.4012961045364891 0.26723667763157893 0.02498274161735698 0.06140427631578947
0 0.3772988165680473 0.26888075657894733 0.026955128205128187 0.0598674342105263
0 0.3536301775147929 0.26921052631578946 0.02794132149901379 0.06008815789473684
0 0.329797090729783 0.2700878289473684 0.02794132149901379 0.06008815789473684
0 0.3054709072978304 0.27074555921052634 0.02794132149901379 0.060526644736842106
0 0.2814734960552268 0.27228075657894735 0.02925616370808679 0.05964967105263156
0 0.2578048570019724 0.27271924342105264 0.02925616370808679 0.059649671052631595
0 0.23413621794871795 0.27403503289473685 0.02925616370808679 0.059649671052631595
0 0.21046757889546353 0.2750220394736842 0.03024235700197239 0.059869078947368405
0 0.18729203648915188 0.27655723684210526 0.03024235700197239 0.05986907894736844
0 0.16370562130177516 0.27743453947368424 0.031064102564102587 0.05986907894736844
0 0.1403656311637081 0.27896973684210524 0.031064102564102577 0.059869078947368405
0 0.11702576429980277 0.2800662828947368 0.0317216469428008 0.05943059210526315
0 0.0943433185404339 0.28116266447368415 0.03172164694280079 0.05943059210526315
0 0.0717430966469428 0.28269769736842104 0.03254339250493097 0.06030789473684211
0 0.049553747534516766 0.2851098684210526 0.03254339250493097 0.06030789473684211
0 0.027857495069033532 0.2866450657894737 0.03254339250493097 0.06030789473684211
0 0.016271696252465485 0.2272151315789474 0.03254339250493097 0.06030789473684211
0 0.03846104536489152 0.2248027960526316 0.03254339250493097 0.06118519736842107
0 0.060979043392504935 0.22195180921052632 0.03254339250493097 0.06118519736842107
0 0.08399026134122288 0.22019736842105264 0.03188584812623274 0.061623684210526324
0 0.10683715483234714 0.2186621710526316 0.03188584812623274 0.06162368421052628
0 0.13025924556213017 0.21701726973684213 0.031392751479289945 0.06272006578947367
0 0.15368133629191322 0.21613996710526318 0.03188584812623273 0.06272006578947367
0 0.17767862426035502 0.21482417763157893 0.03188584812623273 0.06272006578947367
0 0.20184048323471399 0.2132891447368421 0.03057100591715976 0.06315855263157893
0 0.22567357001972388 0.21197335526315791 0.030571005917159784 0.06315855263157893
0 0.030793885601577906 0.096846875 0.0302430966469428 0.06293848684210526
0 0.051668392504930966 0.09421529605263158 0.030243096646942795 0.06293848684210526
0 0.07320019723865877 0.09158371710526314 0.0302430966469428 0.06293848684210526
0 0.09514287475345168 0.08960986842105262 0.02942135108481262 0.0625
0 0.1171677761341223 0.0874167763157895 0.029421351084812634 0.0625
0 0.1399323224852071 0.08489490131578946 0.02991444773175542 0.06359638157894737
0 0.16228611932938855 0.0827018092105263 0.02991444773175542 0.06359638157894737
0 0.18529721400394478 0.08116661184210527 0.02991444773175542 0.06359638157894737
0 0.20904807692307692 0.07908338815789474 0.028763806706114385 0.06293848684210526
0 0.23205917159763315 0.0775481907894737 0.028763806706114413 0.06293848684210526
0 0.2553989151873768 0.07656134868421052 0.029749999999999985 0.06403519736842105
0 0.27890310650887573 0.07524555921052632 0.02975000000000004 0.06403519736842105
0 0.30216074950690336 0.07360098684210527 0.02925690335305718 0.06513157894736842
0 0.3253361686390533 0.07228503289473684 0.02859935897435898 0.06557006578947369
0 0.3494979043392505 0.07074983552631578 0.02859935897435898 0.06557006578947368
0 0.3732487672583827 0.06987269736842104 0.02679142011834318 0.06600855263157894
0 0.3967529585798817 0.06921480263157895 0.026791420118343238 0.06600855263157894
0 0.4205860453648915 0.06746052631578947 0.02679142011834318 0.06600855263157894
0 0.444254684418146 0.06680263157894736 0.02679142011834318 0.06600855263157894
0 0.4680055473372781 0.06548684210526315 0.025640779092702178 0.06600855263157894
0 0.49183851084812624 0.06428059210526316 0.02498323471400397 0.06666644736842105
0 0.5155071499013807 0.06329375 0.02498323471400397 0.06600855263157894
0 0.5395044378698225 0.06197796052631578 0.024983234714004026 0.06600855263157894
0 0.5630086291913214 0.06110065789473684 0.024983234714003915 0.06600855263157894
0 0.5867596153846154 0.06044292763157894 0.023832840236686432 0.0664470394736842
0 0.611085798816568 0.05945608552631579 0.024161735700197237 0.0657891447368421
0 0.6344257889546352 0.058140296052631574 0.024161735700197237 0.0657891447368421
0 0.6584230769230769 0.05726299342105263 0.024161735700197237 0.06578914473684211
0 0.6815986193293884 0.05671463815789473 0.02514792899408284 0.06513124999999999
0 0.7048562623274162 0.055947203947368414 0.02564102564102564 0.06578914473684211
0 0.7283604536489151 0.05561809210526315 0.026627218934911243 0.06469276315789473
0 0.7520290927021697 0.05517960526315789 0.026627218934911243 0.06469276315789473
0 0.7753690828402368 0.05474111842105263 0.026627218934911243 0.06469276315789473
0 0.7978051035502958 0.05463157894736841 0.026791666666666755 0.06403486842105263
0 0.8211450936883629 0.05441217105263157 0.026791666666666644 0.06403486842105263
0 0.8434987672583827 0.054631414473684206 0.027449211045364963 0.06315756578947368
0 0.8658525641025641 0.05441200657894736 0.027449211045364852 0.06315756578947368
0 0.8878775887573963 0.05496019736842105 0.026791666666666644 0.06206118421052631
0 0.9092451923076923 0.05539868421052631 0.026791666666666644 0.06206118421052631
0 0.9309414447731754 0.05638569078947368 0.026791666666666644 0.06228059210526316
0 0.9519802761341224 0.05704342105263157 0.027120315581854047 0.061842105263157886
0 0.9730189842209073 0.0578110197368421 0.027120315581854047 0.06206151315789473
0 0.020767628205128206 0.036101151315789476 0.030900641025641027 0.06293848684210526
0 0.04246388067061144 0.03314078947368421 0.03090064102564103 0.06403486842105263
0 0.007183555226824458 0.03807615131578947 0.014367110453648916 0.06403519736842105
0 0.01227896942800789 0.0995893092105263 0.02455793885601578 0.06206151315789473
0 0.001759492110453649 0.11790082236842105 0.003518984220907298 0.025438486842105253
0 0.06427268244575936 0.03137368421052632 0.03094181459566075 0.06274736842105264
0 0.0867085798816568 0.029811184210526316 0.02970907297830375 0.05962236842105263
0 0.10932938856015781 0.028906578947368426 0.02958579881656805 0.05781315789473685
0 0.13195019723865878 0.02775526315789474 0.029462524654832362 0.05551052631578948
0 0.15512573964497042 0.026603947368421057 0.028969428007889545 0.053207894736842114
0 0.17854783037475347 0.025370394736842106 0.028722879684418147 0.05074078947368421
0 0.20190828402366862 0.024383552631578948 0.028106508875739643 0.048767105263157896
0 0.22570019723865878 0.02339671052631579 0.028106508875739643 0.04679342105263158
0 0.24955374753451678 0.02232763157894737 0.027490138067061146 0.04465526315789474
0 0.2735922090729783 0.021505263157894736 0.026997041420118342 0.04301052631578947
0 0.29775394477317557 0.021176315789473685 0.02675049309664694 0.04235263157894737
0 0.3216074950690336 0.02035394736842105 0.026134122287968443 0.0407078947368421
0 0.3457692307692308 0.019449342105263154 0.026134122287968443 0.03889868421052631
0 0.3699309664694281 0.019202631578947367 0.02564102564102564 0.038405263157894734
0 0.3938461538461539 0.01854473684210526 0.02564102564102564 0.03708947368421052
0 0.41763806706114404 0.01796907894736842 0.02564102564102564 0.03593815789473684
0 0.4424161735700197 0.017640131578947366 0.02514792899408284 0.03528026315789473
0 0.4663929980276134 0.016817763157894735 0.02502465483234714 0.03363552631578947
0 0.49073964497041417 0.016324342105263154 0.02440828402366864 0.03264868421052631
0 0.5147164694280079 0.01566644736842105 0.024285009861932938 0.0313328947368421
0 0.538939842209073 0.014926315789473683 0.02391518737672584 0.029852631578947367
0 0.5628550295857988 0.014268421052631578 0.02391518737672584 0.028536842105263156
0 0.5868934911242604 0.014268421052631578 0.02391518737672584 0.028536842105263156
0 0.6110552268244576 0.013446052631578945 0.02391518737672584 0.02689210526315789
0 0.6350936883629191 0.013117105263157893 0.02391518737672584 0.026234210526315787
0 0.6595019723865877 0.012459210526315788 0.02391518737672584 0.024918421052631576
0 0.6835404339250493 0.0122125 0.02391518737672584 0.024425
0 0.707085798816568 0.01171907894736842 0.02391518737672584 0.02343815789473684
0 0.7310009861932939 0.011554605263157896 0.02465483234714004 0.02310921052631579
0 0.7549161735700197 0.011554605263157896 0.02465483234714004 0.02310921052631579
0 0.7782149901380672 0.011554605263157896 0.02465483234714004 0.02310921052631579
0 0.801267258382643 0.011554605263157896 0.02465483234714004 0.02310921052631579
0 0.8245660749506905 0.011554605263157896 0.02465483234714004 0.02310921052631579
0 0.8473717948717948 0.011554605263157896 0.02465483234714004 0.02310921052631579
0 0.8696844181459567 0.011554605263157896 0.02465483234714004 0.02310921052631579
0 0.891750493096647 0.0122125 0.02465483234714004 0.024425
0 0.9141863905325445 0.012705921052631578 0.02465483234714004 0.025411842105263156
0 0.9358826429980276 0.012705921052631578 0.02465483234714004 0.025411842105263156
0 0.9576405325443788 0.013363815789473682 0.02527120315581854 0.026727631578947364
0 0.9790902366863906 0.014186184210526313 0.02502465483234714 0.028372368421052625
0 0.9938905325443786 0.014432894736842105 0.012218934911242589 0.02886578947368421
0 0.9903772189349114 0.059046710526315785 0.019245562130177498 0.06069078947368421
0 0.012203648915187375 0.48130953947368416 0.02440729783037475 0.05592105263157895
0 0.00172534516765286 0.5017042763157895 0.00345069033530572 0.015789473684210527
0 0.006039940828402367 0.42571743421052627 0.012079881656804735 0.057236842105263155
0 0.011094181459566073 0.2886013157894737 0.022188362919132145 0.060526315789473685
0 0.005300295857988165 0.22930855263157893 0.01060059171597633 0.059375
0 0.9871861439842209 0.43856842105263155 0.025627712031558166 0.05526315789473684
0 0.9977877218934913 0.4523019736842106 0.00442455621301773 0.026151315789473682
0 0.9919321992110455 0.38215394736842107 0.016135601577909248 0.057236842105263155
0 0.9953222386587772 0.2451473684210526 0.009355522682445737 0.05822368421052631
0 0.988850345167653 0.18560789473684214 0.022299309664694258 0.06085526315789476
