0 0.33773878205128205 0.2518419407894737 0.022517998027613433 0.048464802631578936
0 0.35976368343195264 0.2520613486842106 0.022517998027613378 0.048464802631578936
0 0.3809668392504931 0.25228075657894744 0.022517998027613378 0.048464802631578936
0 0.40299174063116366 0.25250016447368423 0.022517998027613433 0.04846480263157897
0 0.42452354536489156 0.2529386513157895 0.022517998027613433 0.048464802631578936
0 0.4455622534516766 0.2527192434210527 0.022517998027613378 0.048464802631578936
0 0.4684091469428008 0.25337713815789475 0.022517998027613433 0.048464802631578936
0 0.42403044871794876 0.20315773026315787 0.022517998027613433 0.048464802631578936
0 0.4018410996055227 0.20206134868421055 0.022517998027613433 0.048464802631578936
0 0.3808023915187376 0.20249983552631579 0.022517998027613433 0.048464802631578936
0 0.3584485946745562 0.20271924342105263 0.022517998027613433 0.048464802631578936
0 0.3364236932938856 0.20184194078947368 0.022517998027613433 0.048464802631578936
0 0.31472744082840237 0.20249983552631579 0.022517998027613433 0.048464802631578936
0 0.3158780818540434 0.25052615131578954 0.022517998027613378 0.048464802631578936
0 0.2936887327416174 0.25140345394736846 0.022517998027613378 0.048464802631578936
0 0.2728142258382643 0.2520613486842106 0.022517998027613433 0.048464802631578936
0 0.2923738905325444 0.20206134868421055 0.022517998027613433 0.048464802631578936
0 0.27002009368836294 0.2022807565789474 0.022517998027613378 0.048464802631578936
0 0.24914558678500986 0.20250016447368424 0.02251799802761341 0.04846480263157897
0 0.22695623767258383 0.20271957236842106 0.02251799802761341 0.048464802631578936
0 0.20575308185404342 0.20293898026315793 0.02251799802761341 0.048464802631578936
0 0.1850430226824458 0.20337746710526317 0.02251799802761341 0.048464802631578936
0 0.16301812130177515 0.20381595394736843 0.022517998027613433 0.04846480263157897
0 0.12126935404339251 0.20381595394736843 0.02251799802761341 0.04846480263157897
0 0.14181496548323472 0.20447384868421054 0.022517998027613433 0.04846480263157897
0 0.10039484714003945 0.20535115131578946 0.02251799802761341 0.048464802631578936
0 0.080506533530572 0.2055705592105263 0.02251799802761342 0.048464802631578936
0 0.10318897928994082 0.252719572368421 0.02251799802761342 0.048464802631578936
0 0.12357038954635108 0.25206167763157894 0.02251799802761342 0.048464802631578936
0 0.14395179980276132 0.2522810855263158 0.02251799802761341 0.048464802631578936
0 0.16581249999999997 0.2514037828947368 0.02251799802761341 0.048464802631578936
0 0.1863581114398422 0.2516231907894737 0.02251799802761341 0.048464802631578936
0 0.2289288708086785 0.2514037828947368 0.02251799802761341 0.048464802631578936
0 0.2078901627218935 0.2507458881578947 0.022517998027613433 0.048464802631578936
0 0.2509537721893491 0.2516231907894737 0.022517998027613433 0.048464802631578936
0 0.4458913954635108 0.20337746710526317 0.022517998027613433 0.048464802631578936
0 0.4679162968441814 0.20271957236842106 0.022517998027613433 0.048464802631578936
0 0.4899411982248521 0.20315805921052632 0.022517998027613378 0.04846480263157897
0 0.4899411982248521 0.2531580592105263 0.022517998027613378 0.04846480263157897
0 0.5115553500986194 0.20326743421052632 0.021860700197238694 0.049342105263157895
0 0.5105691568047338 0.2530480263157895 0.021860700197238694 0.049342105263157895
0 0.05970808678500986 0.20649342105263158 0.02071005917159763 0.04671052631578947
0 0.06229684418145957 0.25435526315789475 0.02071005917159763 0.04671052631578947
0 0.0825138067061144 0.2538618421052632 0.02071005917159763 0.04671052631578947
0 0.028581360946745564 0.20813815789473683 0.02107988165680473 0.04769736842105263
0 0.030923570019723866 0.25550657894736845 0.02107988165680473 0.04769736842105263
0 0.012062623274161736 0.25682236842105266 0.021079881656804737 0.04769736842105263
0 0.00994526627218935 0.20937171052631579 0.0198905325443787 0.046875
0 0.09983382642998027 0.3607697368421053 0.023298816568047335 0.04703947368421053
0 0.07912376725838265 0.36142763157894736 0.023298816568047335 0.04703947368421053
0 0.05841370808678502 0.3620855263157895 0.023298816568047335 0.04703947368421053
0 0.03819674556213017 0.3625789473684211 0.02329881656804733 0.04703947368421053
0 0.04164842209072978 0.4086315789473684 0.02329881656804733 0.04703947368421053
0 0.06174211045364892 0.4081381578947369 0.023298816568047335 0.04703947368421053
0 0.08232889546351085 0.408467105263158 0.023298816568047335 0.04703947368421053
0 0.10303895463510848 0.4076447368421053 0.023298816568047335 0.04703947368421053
0 0.12337919132149901 0.4079736842105263 0.02329881656804735 0.04703947368421053
0 0.1202973372781065 0.36093421052631586 0.02329881656804735 0.04703947368421053
0 0.14174704142011835 0.3607697368421053 0.023298816568047335 0.04703947368421053
0 0.14470562130177517 0.40830263157894736 0.023298816568047335 0.04703947368421053
0 0.16566222879684417 0.40780921052631586 0.023298816568047335 0.04703947368421053
0 0.1625803747534517 0.36093421052631586 0.023298816568047335 0.04703947368421053
0 0.18439990138067058 0.36044078947368424 0.023298816568047335 0.04703947368421053
0 0.18711193293885603 0.40780921052631586 0.023298816568047335 0.04703947368421053
0 0.20868491124260352 0.4081381578947369 0.023298816568047335 0.04703947368421053
0 0.20597287968441813 0.35994736842105257 0.023298816568047335 0.04703947368421053
0 0.22754585798816568 0.36044078947368424 0.023298816568047335 0.04703947368421053
0 0.23038116370808678 0.4079736842105263 0.023298816568047335 0.04703947368421053
0 0.2518308678500986 0.40780921052631586 0.02329881656804731 0.04703947368421053
0 0.24985848126232743 0.3601118421052632 0.02329881656804731 0.04703947368421053
0 0.2719245562130177 0.3606052631578948 0.023298816568047335 0.04703947368421053
0 0.2735271203155818 0.4076447368421053 0.023298816568047335 0.04703947368421053
0 0.3380199704142011 0.36022171052631585 0.023422090729783036 0.04671052631578947
0 0.31607716962524657 0.3605506578947369 0.023422090729783036 0.04671052631578947
0 0.29327144970414204 0.35989276315789476 0.023422090729783036 0.04671052631578951
0 0.2956136587771203 0.408083552631579 0.023422090729783036 0.04671052631578947
0 0.3180495562130178 0.40824802631578944 0.023422090729783036 0.04671052631578947
0 0.3398690828402366 0.40841250000000007 0.023422090729783036 0.04671052631578947
0 0.36125714990138064 0.40890592105263157 0.02231262327416174 0.04671052631578947
0 0.3827068540433925 0.40890592105263157 0.02231262327416174 0.04671052631578947
0 0.38159738658777115 0.361208552631579 0.02231262327416174 0.04671052631578947
0 0.3597778599605522 0.36071513157894736 0.022805719921104535 0.04703947368421053
0 0.02155473372781065 0.4094815789473685 0.022559171597633133 0.04621710526315789
0 0.018349605522682444 0.36244210526315795 0.022559171597633137 0.04621710526315789
0 0.11920833333333333 0.5163894736842105 0.02391518737672584 0.04523026315789473
0 0.14024704142011835 0.5168279605263157 0.02391518737672584 0.04523026315789473
0 0.16095710059171597 0.5170473684210527 0.02391518737672584 0.04523026315789473
0 0.18248890532544376 0.5168279605263157 0.02391518737672584 0.04523026315789473
0 0.20418515779092702 0.5174858552631578 0.02391518737672584 0.04523026315789473
0 0.2255527613412229 0.5174858552631578 0.02391518737672584 0.04523026315789473
0 0.1854474852071006 0.5633190789473684 0.02391518737672584 0.04523026315789473
0 0.16440877712031557 0.5624417763157895 0.02391518737672584 0.04523026315789473
0 0.14320562130177514 0.5622223684210526 0.02391518737672584 0.04523026315789473
0 0.12233111439842209 0.5626608552631579 0.023915187376725825 0.04523026315789473
0 0.10162105522682446 0.562441447368421 0.02391518737672584 0.04523026315789473
0 0.08140409270216963 0.561783552631579 0.02391518737672584 0.04523026315789473
0 0.0777879684418146 0.5168273026315789 0.02391518737672584 0.04523026315789473
0 0.09866247534516767 0.5166078947368422 0.02391518737672584 0.04523026315789473
0 0.057077909270216956 0.5166078947368422 0.02391518737672583 0.04523026315789473
0 0.06085823471400394 0.5617832236842105 0.02391518737672584 0.04523026315789473
0 0.20730793885601578 0.562879605263158 0.02391518737672584 0.04523026315789473
0 0.2283466469428008 0.5633180921052632 0.02391518737672584 0.04523026315789473
0 0.25037154832347136 0.5639759868421053 0.023915187376725863 0.04523026315789473
0 0.24807051282051282 0.5174848684210527 0.02391518737672584 0.04523026315789473
0 0.269766765285996 0.5177042763157894 0.02391518737672584 0.04523026315789473
0 0.27173915187376724 0.5630990131578947 0.02391518737672584 0.04523026315789473
0 0.2916688856015779 0.5174585526315789 0.023339743589743632 0.045394736842105265
0 0.2931481755424063 0.5632917763157894 0.023339743589743632 0.045394736842105265
0 0.01756878698224852 0.5159233552631578 0.023052268244575937 0.04506578947368421
0 0.03729265285996055 0.5164167763157894 0.023052268244575933 0.04506578947368421
0 0.041114151873767255 0.5616470394736841 0.023052268244575933 0.04506578947368421
0 0.021760108481262325 0.5611536184210526 0.023052268244575933 0.04506578947368421
0 0.06052983234714004 0.6711317434210528 0.02383284023668639 0.04451743421052634
0 0.08074679487179487 0.6720090460526317 0.02383284023668639 0.04451743421052634
0 0.1014568540433925 0.6724475328947369 0.02383284023668639 0.04451743421052634
0 0.12150936883629192 0.6724475328947369 0.023832840236686376 0.04451743421052634
0 0.14238387573964498 0.6728860197368421 0.023832840236686376 0.04451743421052627
0 0.16325838264299805 0.6735439144736842 0.023832840236686408 0.04451743421052627
0 0.16671005917159765 0.7180613486842105 0.023832840236686408 0.04451743421052634
0 0.1463286489151874 0.716964967105263 0.023832840236686376 0.044517434210526195
0 0.12528994082840236 0.7160876644736842 0.02383284023668639 0.04451743421052634
0 0.10457988165680474 0.7160876644736842 0.02383284023668639 0.04451743421052634
0 0.08485601577909271 0.7154297697368419 0.02383284023668639 0.04451743421052634
0 0.06496770216962525 0.7147718749999998 0.02383284023668639 0.04451743421052634
0 0.04064176528599606 0.670692927631579 0.023832840236686383 0.04451743421052627
0 0.0212465483234714 0.6704735197368421 0.023832840236686383 0.04451743421052627
0 0.025684418145956605 0.7134560855263157 0.023832840236686383 0.04451743421052634
0 0.04524383629191321 0.7136754934210525 0.023832840236686397 0.044517434210526195
0 0.02467751479289941 0.8194868421052631 0.02329881656804734 0.04210526315789474
0 0.044278106508875745 0.8212960526315788 0.023298816568047335 0.04210526315789474
0 0.06313905325443787 0.822611842105263 0.023298816568047328 0.04210526315789474
0 0.06794674556213018 0.8638947368421052 0.023298816568047328 0.04210526315789474
0 0.04908579881656805 0.8617565789473682 0.023298816568047335 0.04210526315789474
0 0.03010157790927022 0.8607697368421051 0.02329881656804734 0.04210526315789474
0 0.011589990138067061 0.8597828947368419 0.023052268244575937 0.040460526315789475
0 0.42515877712031563 0.09310493421052632 0.021696252465483234 0.049835526315789476
0 0.4467317554240632 0.09261151315789472 0.021696252465483234 0.049835526315789476
0 0.4685512820512821 0.09277598684210525 0.021696252465483234 0.049835526315789476
0 0.5126834319526627 0.09211809210526314 0.021696252465483234 0.049835526315789476
0 0.4908639053254439 0.09211809210526314 0.021696252465483234 0.049835526315789476
0 0.4686745562130178 0.04162467105263158 0.021696252465483234 0.049835526315789476
0 0.44697830374753456 0.04146019736842106 0.021696252465483234 0.049835526315789476
0 0.4249122287968442 0.042447039473684216 0.021696252465483234 0.049835526315789476
0 0.4030927021696253 0.04277598684210527 0.021696252465483234 0.049835526315789476
0 0.38102662721893493 0.042447039473684216 0.021696252465483234 0.049835526315789476
0 0.3816429980276134 0.09310493421052632 0.021696252465483234 0.049835526315789476
0 0.4035857988165681 0.09277598684210525 0.021696252465483234 0.049835526315789476
0 0.3601932938856016 0.09326940789473684 0.021696252465483234 0.049835526315789476
0 0.3594536489151874 0.042940460526315796 0.021696252465483234 0.049835526315789476
0 0.33751084812623283 0.04392730263157895 0.021696252465483234 0.049835526315789476
0 0.33800394477317564 0.09294046052631579 0.021696252465483234 0.049835526315789476
0 0.3172938856015779 0.09392730263157893 0.021696252465483234 0.049835526315789476
0 0.31606114398422086 0.04458519736842105 0.021696252465483234 0.049835526315789476
0 0.2938717948717949 0.04491414473684211 0.021696252465483234 0.049835526315789476
0 0.29510453648915186 0.09392730263157893 0.021696252465483234 0.049835526315789476
0 0.2729151873767258 0.045243092105263165 0.021696252465483234 0.049835526315789476
0 0.27365483234714005 0.09425625 0.021696252465483234 0.049835526315789476
0 0.2522051282051282 0.0949141447368421 0.021696252465483234 0.049835526315789476
0 0.25097238658777116 0.045900986842105265 0.021696252465483234 0.049835526315789476
0 0.23174161735700194 0.09524309210526315 0.021696252465483234 0.049835526315789476
0 0.22952268244575935 0.045900986842105265 0.021696252465483234 0.049835526315789476
0 0.2105384615384615 0.09524309210526315 0.021696252465483234 0.049835526315789476
0 0.4908639053254439 0.04129572368421053 0.021696252465483234 0.049835526315789476
0 0.5129299802761342 0.04080230263157895 0.021696252465483234 0.049835526315789476
0 0.5349960552268245 0.0404733552631579 0.021696252465483234 0.049835526315789476
0 0.5341331360946746 0.09211809210526314 0.021696252465483234 0.049835526315789476
0 0.5783518244575937 0.09204967105263158 0.021696252465483234 0.049013157894736856
0 0.5564090236686391 0.09254309210526317 0.021696252465483234 0.049013157894736856
0 0.5571486686390533 0.04106282894736842 0.021696252465483234 0.04901315789473684
0 0.5792147435897437 0.04073388157894737 0.021696252465483234 0.04901315789473684
0 0.6014040927021697 0.04040493421052631 0.021696252465483234 0.04901315789473684
0 0.6235934418145956 0.04040493421052631 0.021696252465483234 0.04901315789473684
0 0.6222374260355029 0.09155625 0.021696252465483234 0.049013157894736856
0 0.6005411735700197 0.0922141447368421 0.021696252465483234 0.049013157894736856
0 0.1879188856015779 0.047948355263157896 0.021696252465483234 0.047807236842105263
0 0.16720882642998028 0.0498125 0.021696252465483234 0.047807236842105263
0 0.20862894477317553 0.04718092105263158 0.021696252465483234 0.047807236842105263
0 0.1688525641025641 0.09783881578947368 0.021696252465483234 0.04780723684210526
0 0.18906952662721893 0.09652302631578946 0.021696252465483234 0.04780723684210526
0 0.07565717455621303 0.10304703947368421 0.020545611439842203 0.04627171052631578
0 0.09587413708086785 0.10151184210526315 0.020545611439842203 0.046271710526315776
0 0.11609109960552269 0.10063453947368421 0.020545611439842217 0.04627171052631578
0 0.13565051775147932 0.09931875 0.020545611439842217 0.04627171052631578
0 0.13417122781065088 0.051292434210526316 0.020545611439842217 0.04627171052631578
0 0.11378981755424061 0.052608223684210524 0.020545611439842203 0.04627171052631578
0 0.09455904832347138 0.054143421052631584 0.020545611439842203 0.04627171052631578
0 0.07450653353057199 0.055678618421052636 0.020545611439842217 0.04627171052631578
0 0.05494711538461538 0.057213815789473675 0.020545611439842203 0.04627171052631578
0 0.03522324950690336 0.05896809210526315 0.020545611439842213 0.04627171052631578
0 0.016485576923076926 0.06159967105263158 0.020545611439842206 0.04627171052631578
0 0.0182935157790927 0.10721381578947368 0.020545611439842206 0.046271710526315776
0 0.03703118836291913 0.10589802631578947 0.020545611439842213 0.046271710526315776
0 0.05593330867850098 0.10480164473684211 0.020545611439842203 0.04627171052631578
0 0.0037254684418145953 0.062034375 0.007450936883629191 0.04649111842105262
0 0.004465113412228796 0.10874490131578946 0.008930226824457592 0.04692993421052632
0 0.0016709812623274163 0.25731940789473684 0.0033419625246548326 0.04714934210526318
0 0.00504043392504931 0.36269210526315787 0.01008086785009862 0.04605263157894737
0 0.006601947731755425 0.40929309210526316 0.01320389546351085 0.04583355263157889
0 0.004793885601577909 0.5158720394736842 0.009587771203155819 0.044517763157894685
0 0.007012820512820512 0.5610475328947369 0.014025641025641024 0.04364046052631576
0 0.006786858974358974 0.6689148026315791 0.013573717948717949 0.0439144736842106
0 0.009498890532544381 0.7125003289473685 0.018997781065088763 0.04325657894736842
0 0.00869760848126233 0.8185036184210527 0.01739521696252466 0.041118421052631575
0 0.002287352071005917 0.8605266447368423 0.004574704142011834 0.03503289473684211
