0 0.7691348619329388 0.07592894736842105 0.02576429980276134 0.05361842105263158
0 0.7921871301775147 0.07609342105263159 0.02576429980276134 0.05361842105263158
0 0.8153626725838264 0.07666907894736842 0.026010848126232743 0.05345394736842105
0 0.837736932938856 0.07683355263157896 0.02539447731755424 0.05345394736842105
0 0.8601728303747534 0.07749144736842105 0.02539447731755424 0.052796052631578945
0 0.8822389053254438 0.07814934210526317 0.02539447731755424 0.052138157894736845
0 0.9046748027613413 0.07888947368421052 0.024901380670611442 0.052302631578947364
0 0.9263094181459567 0.08004078947368422 0.02502465483234714 0.052302631578947364
0 0.9473276627218935 0.08135657894736842 0.024901380670611442 0.05197368421052632
0 0.9682842702169624 0.08242565789473685 0.02539447731755424 0.05148026315789474
0 0.9737083333333333 0.23579736842105262 0.02465483234714004 0.04802631578947369
0 0.9534913708086784 0.23530394736842103 0.02465483234714004 0.04802631578947369
0 0.9327813116370809 0.2344815789473684 0.02465483234714004 0.04802631578947369
0 0.9121945266272189 0.23423486842105265 0.024901380670611442 0.049177631578947376
0 0.890744822485207 0.23407039473684213 0.024901380670611442 0.049177631578947376
0 0.868555473372781 0.23407039473684213 0.024901380670611442 0.049177631578947376
0 0.8471057692307691 0.23431710526315788 0.02539447731755424 0.049342105263157895
0 0.8247931459566075 0.23464605263157892 0.02539447731755424 0.049342105263157895
0 0.8030352564102563 0.23497499999999996 0.026010848126232743 0.049342105263157895
0 0.7589031065088757 0.23587960526315788 0.02477810650887574 0.05016447368421052
0 0.7808459072978303 0.2352217105263158 0.02477810650887574 0.05016447368421052
0 0.7621082347140038 0.1834947368421053 0.02477810650887574 0.0513157894736842
0 0.7845441321499014 0.18316578947368425 0.02477810650887574 0.0513157894736842
0 0.8072265779092701 0.18316578947368425 0.02477810650887574 0.0513157894736842
0 0.8296624753451677 0.18333026315789477 0.02477810650887574 0.0513157894736842
0 0.8516052761341222 0.18316578947368425 0.02477810650887574 0.0513157894736842
0 0.873548076923077 0.1827546052631579 0.02502465483234714 0.05115131578947367
0 0.8959839743589744 0.18324802631578951 0.02502465483234714 0.05115131578947367
0 0.9172487672583826 0.18390592105263157 0.02539447731755424 0.05049342105263156
0 0.9381437376725839 0.18464605263157893 0.02502465483234714 0.050328947368421036
0 0.9589770710059172 0.18530394736842107 0.02502465483234714 0.050328947368421036
0 0.9790707593688364 0.18612631578947367 0.02502465483234714 0.050328947368421036
0 0.7655599112426035 0.13045197368421052 0.02477810650887574 0.05180921052631579
0 0.7884889053254438 0.13012302631578948 0.02551775147928994 0.05180921052631579
0 0.811048076923077 0.13020526315789474 0.02551775147928994 0.05197368421052632
0 0.8337305226824457 0.1302875 0.02477810650887574 0.05148026315789474
0 0.8560431459566076 0.13061644736842107 0.02527120315581854 0.05148026315789474
0 0.8781092209072979 0.13094539473684214 0.02502465483234714 0.05115131578947369
0 0.9000520216962525 0.13160328947368422 0.02502465483234714 0.05115131578947369
0 0.9215633629191321 0.1325901315789474 0.02539447731755424 0.05049342105263158
0 0.9428281558185405 0.13333026315789473 0.02502465483234714 0.05032894736842105
0 0.9636614891518739 0.1343171052631579 0.02502465483234714 0.05032894736842105
0 0.9842482741617358 0.1354684210526316 0.02502465483234714 0.05032894736842105
0 0.8300734714003946 0.37336759868421054 0.027531065088757325 0.05043848684210522
0 0.8532490138067061 0.3727097039473684 0.027531065088757325 0.05043848684210522
0 0.876794378698225 0.3725452302631579 0.027531065088757325 0.05043848684210522
0 0.8997233727810651 0.37238075657894737 0.028024161735700125 0.05076743421052627
0 0.9222825443786983 0.37205180921052633 0.028024161735700125 0.05076743421052627
0 0.9442869822485207 0.3722985197368421 0.027161242603550226 0.05027401315789469
0 0.9667228796844181 0.3718050986842105 0.027407790927021627 0.04961611842105258
0 0.9681405325443786 0.5170628289473684 0.02638067061143984 0.045394736842105265
0 0.9471839250493096 0.5175562499999999 0.02638067061143984 0.045394736842105265
0 0.9538407297830374 0.4703523026315789 0.02638067061143984 0.045394736842105265
0 0.9745507889546351 0.47002335526315786 0.02638067061143984 0.045394736842105265
0 0.960127712031558 0.42183256578947376 0.026627218934911243 0.04802631578947369
0 0.9813308678500985 0.42133914473684214 0.026627218934911243 0.04802631578947369
0 0.9378150887573964 0.42249046052631584 0.026627218934911243 0.04802631578947369
0 0.9320212031558184 0.47150361842105265 0.026627218934911243 0.04802631578947369
0 0.9254876725838262 0.518460855263158 0.02638067061143984 0.04588815789473684
0 0.9036681459566075 0.5186253289473685 0.02638067061143984 0.04588815789473684
0 0.9097085798816568 0.4719970394736842 0.026627218934911243 0.04802631578947369
0 0.9162421104536489 0.4223807565789474 0.028270710059171526 0.049780592105263116
0 0.89355966469428 0.423203125 0.028270710059171526 0.049780592105263116
0 0.887765779092702 0.47216151315789473 0.026627218934911243 0.04802631578947369
0 0.8819718934911241 0.5189542763157895 0.02638067061143984 0.04588815789473684
0 0.8596592702169624 0.5194476973684211 0.02638067061143984 0.04588815789473684
0 0.8380862919132149 0.5201878289473684 0.02638067061143984 0.045394736842105265
0 0.8432638067061143 0.47298388157894744 0.026627218934911243 0.04736842105263158
0 0.8656997041420117 0.4728194078947369 0.026627218934911243 0.04736842105263158
0 0.8483180473372781 0.423203125 0.027531065088757325 0.05043848684210522
0 0.8707539447731757 0.423203125 0.027531065088757325 0.05043848684210522
0 0.9882101824457593 0.08374144736842105 0.02357963510848129 0.05180921052631579
0 0.9985035749506904 0.09615921052631579 0.00299285009861936 0.026973684210526316
0 0.9959148175542405 0.13612631578947368 0.008170364891518768 0.05
0 0.9933876972386588 0.18711315789473687 0.013224605522682478 0.048684210526315774
0 0.9907989398422091 0.2367019736842105 0.018402120315581885 0.04819078947368421
0 0.9873370315581853 0.3716680921052632 0.025325936883629243 0.049342105263157895
0 0.997753698224852 0.37874046052631577 0.004492603550295909 0.034210526315789476
0 0.9944869329388559 0.42133914473684214 0.011026134122288018 0.04901315789473684
0 0.991158530571992 0.46936546052631584 0.01768293885601583 0.04736842105263158
0 0.9876452169625245 0.5160759868421052 0.024709566074950742 0.04506578947368421
0 0.9978769723865877 0.5225726973684212 0.004246055226824508 0.03174342105263158
