0 0.16805793885601578 0.4464960526315789 0.023175542406311637 0.04605263157894737
0 0.18942554240631163 0.4464960526315789 0.023175542406311637 0.04605263157894737
0 0.21128624260355028 0.4462766447368421 0.023175542406311637 0.04605263157894737
0 0.14652613412228793 0.4464960526315789 0.023175542406311637 0.04605263157894737
0 0.12598052268244575 0.4467154605263157 0.023175542406311637 0.04605263157894737
0 0.10461291913214989 0.4467154605263157 0.023175542406311637 0.04605263157894737
0 0.12877465483234712 0.49386447368421044 0.023175542406311624 0.04605263157894737
0 0.14960798816568044 0.4941934210526315 0.023175542406311637 0.04605263157894737
0 0.17105769230769227 0.49386447368421044 0.023175542406311637 0.04605263157894737
0 0.19300049309664694 0.4941934210526315 0.023175542406311637 0.04605263157894737
0 0.21420364891518734 0.49386447368421044 0.023175542406311637 0.04605263157894737
0 0.23553007889546348 0.49424835526315797 0.023175542406311637 0.04561381578947366
0 0.23269477317554238 0.4466605263157894 0.023175542406311637 0.04605263157894737
0 0.25722633136094675 0.49391940789473693 0.023175542406311637 0.04561381578947366
0 0.27879930966469424 0.4944128289473685 0.023175542406311637 0.04561381578947366
0 0.3007421104536489 0.49408388157894745 0.023175542406311637 0.04561381578947366
0 0.3223150887573964 0.4941661184210527 0.022435897435897436 0.04512039473684208
0 0.3440113412228797 0.49402894736842096 0.021942800788954633 0.04506578947368421
0 0.254637573964497 0.44693470394736845 0.023175542406311637 0.0459430921052632
0 0.27670364891518734 0.44693470394736845 0.023175542406311637 0.0459430921052632
0 0.298646449704142 0.44693470394736845 0.023175542406311637 0.0459430921052632
0 0.320835798816568 0.44693470394736845 0.023175542406311637 0.0459430921052632
0 0.34271696252465483 0.44698963815789483 0.022805719921104535 0.04616217105263161
0 0.10822904339250491 0.49364506578947365 0.023175542406311637 0.04605263157894737
0 0.08751886094674556 0.49380953947368417 0.022846893491124266 0.045284868421052615
0 0.06713757396449704 0.4940837171052631 0.023175542406311637 0.04517532894736845
0 0.04708505917159763 0.4941932565789473 0.023175542406311637 0.04517532894736838
0 0.027772189349112426 0.49397384868421046 0.023175542406311637 0.04517532894736845
0 0.08369723865877711 0.44698947368421044 0.023422090729783036 0.04572368421052631
0 0.0632337278106509 0.44720888157894734 0.023422090729783036 0.04572368421052631
0 0.04334541420118343 0.4473184210526315 0.023422090729783036 0.04572368421052631
0 0.023375 0.4473184210526315 0.023422090729783036 0.04572368421052631
0 0.37951429980276136 0.49600263157894725 0.021942800788954633 0.04506578947368421
0 0.40088190335305723 0.49578322368421046 0.021942800788954633 0.04506578947368421
0 0.42224950690335306 0.4955638157894736 0.021942800788954633 0.04506578947368421
0 0.4436171104536489 0.4960023026315789 0.021942800788954633 0.04506578947368421
0 0.46465594181459563 0.4960574013157894 0.021614151873767293 0.04451743421052634
0 0.48569464990138067 0.4960574013157894 0.021614151873767237 0.04451743421052634
0 0.5067334812623274 0.4960574013157894 0.021285502958579897 0.04451743421052634
0 0.5279366370808678 0.49583799342105256 0.021285502958579953 0.04451743421052627
0 0.5489754684418146 0.49589276315789466 0.020956854043392554 0.044407894736842105
0 0.570096523668639 0.49589276315789466 0.021449950690335246 0.044407894736842105
0 0.5915875246548323 0.495947697368421 0.021203155818540435 0.04473684210526316
0 0.6131193293885601 0.49616710526315777 0.021203155818540435 0.04473684210526316
0 0.6362948717948718 0.49616710526315777 0.021203155818540435 0.04473684210526316
0 0.6581554487179487 0.49649621710526315 0.02284689349112424 0.04495624999999997
0 0.6801803500986192 0.49649621710526315 0.02284689349112424 0.04495624999999997
0 0.7026983481262328 0.4962768092105262 0.02284689349112424 0.044956250000000045
0 0.7250521449704141 0.49649621710526315 0.02284689349112424 0.04495624999999997
0 0.7470770463510849 0.4959480263157895 0.02284689349112424 0.04517565789473679
0 0.7694308431952662 0.49616743421052634 0.02284689349112424 0.04517565789473686
0 0.7917846400394477 0.49561907894736845 0.02284689349112424 0.045394736842105265
0 0.8139739891518738 0.49583848684210524 0.02284689349112424 0.045394736842105265
0 0.8356702416173569 0.49540000000000006 0.02284689349112424 0.045394736842105265
0 0.8382179487179486 0.4471544407894737 0.02366863905325444 0.04627203947368418
0 0.8160285996055225 0.4467159539473684 0.02366863905325444 0.04627203947368418
0 0.7938392504930966 0.4473738486842105 0.02366863905325444 0.04627203947368418
0 0.7716499013806705 0.4473738486842105 0.02366863905325444 0.04627203947368418
0 0.7492961045364891 0.44759325657894744 0.02366863905325444 0.04627203947368426
0 0.7267781065088756 0.44759325657894744 0.02366863905325444 0.04627203947368426
0 0.7040135601577909 0.4474289473684211 0.023504437869822557 0.04616250000000002
0 0.6813311143984221 0.4480868421052632 0.023504437869822557 0.04616250000000002
0 0.6593062130177516 0.4478674342105263 0.023504437869822557 0.04616250000000002
0 0.636788214990138 0.4480868421052632 0.023504437869822443 0.04616250000000002
0 0.6142702169625247 0.4485253289473684 0.023504437869822443 0.04616250000000002
0 0.5926563116370809 0.4482513157894737 0.02202514792899415 0.04583355263157896
0 0.5709600591715976 0.4486898026315789 0.02202514792899415 0.04583355263157896
0 0.5492638067061144 0.4482513157894737 0.02202514792899415 0.04583355263157896
0 0.5275675542406313 0.4484707236842105 0.02202514792899415 0.04583355263157896
0 0.5061999506903353 0.4484707236842105 0.02202514792899404 0.04583355263157896
0 0.4843392504930967 0.44814194078947367 0.02103895463510844 0.045614144736842076
0 0.46313609467455624 0.4479225328947369 0.02103895463510844 0.045614144736842076
0 0.441439842209073 0.44770312500000004 0.02103895463510844 0.04561414473684215
0 0.41978451676528594 0.44748388157894736 0.020957100591715964 0.04561447368421049
0 0.3986635848126232 0.4477032894736842 0.021778846153846163 0.045614473684210566
0 0.37704967948717943 0.4473743421052632 0.021614644970414168 0.04583355263157889
0 0.8702692307692309 0.4956192434210527 0.023997534516765246 0.04627203947368426
0 0.8914723865877713 0.4960577302631579 0.023997534516765246 0.04627203947368418
0 0.9133330867850098 0.4960577302631579 0.023997534516765357 0.04627203947368418
0 0.9348648915187378 0.4960577302631579 0.023997534516765246 0.04627203947368418
0 0.9557393984220907 0.49627713815789476 0.023997534516765357 0.04627203947368426
0 0.9766139053254439 0.49627713815789476 0.023997534516765357 0.04627203947368426
0 0.8728991617357001 0.44781233552631583 0.023997534516765357 0.04627203947368418
0 0.8947598619329388 0.4482508223684211 0.023997534516765357 0.04627203947368426
0 0.9166205621301776 0.4480314144736842 0.023997534516765246 0.04627203947368418
0 0.9384812623274162 0.4480314144736842 0.023997534516765246 0.04627203947368418
0 0.9593557692307692 0.4482508223684211 0.023997534516765246 0.04627203947368426
0 0.9797371794871795 0.44847023026315797 0.023997534516765357 0.04627203947368418
0 0.027678007889546347 0.3404621710526316 0.022189349112426034 0.04605263157894741
0 0.047073224852071 0.3402427631578947 0.022189349112426034 0.04605263157894737
0 0.06646844181459567 0.3398042763157895 0.022189349112426034 0.04605263157894741
0 0.0866854043392505 0.33914638157894744 0.022189349112426034 0.04605263157894741
0 0.10706681459566074 0.33914638157894744 0.022189349112426034 0.04605263157894741
0 0.12777687376725838 0.3384884868421053 0.022189349112426045 0.04605263157894741
0 0.14848705621301772 0.33815953947368427 0.022846893491124266 0.0453947368421053
0 0.16952576429980276 0.33815953947368427 0.02284689349112424 0.0453947368421053
0 0.19040027120315584 0.3377208881578948 0.022846893491124266 0.045833223684210514
0 0.2122609714003945 0.3373917763157894 0.022846893491124266 0.04605263157894737
0 0.2332996794871795 0.3373917763157894 0.022846893491124266 0.04605263157894737
0 0.25499593195266274 0.3380495065789474 0.022846893491124266 0.04649111842105262
0 0.27619908777120317 0.3380495065789474 0.02284689349112424 0.04649111842105262
0 0.29756669132149904 0.33783009868421054 0.02284689349112424 0.046491118421052656
0 0.3199204881656804 0.3382685855263158 0.022846893491124294 0.04649111842105262
0 0.34161674063116365 0.3384879934210527 0.022846893491124294 0.046491118421052656
0 0.3636416420118343 0.3389264802631579 0.02284689349112424 0.04649111842105262
0 0.38484479783037473 0.33914588815789476 0.02284689349112424 0.046491118421052656
0 0.4063766025641026 0.33881710526315784 0.02284689349112424 0.04671052631578944
0 0.4279084072978303 0.3392555921052632 0.022846893491124294 0.04671052631578947
0 0.4489471153846154 0.3392555921052632 0.02186070019723864 0.04671052631578947
0 0.47031471893491117 0.3392555921052632 0.021860700197238694 0.04671052631578947
0 0.44828957100591715 0.2899134868421053 0.02186070019723864 0.04671052631578947
0 0.46998582347140044 0.29057138157894735 0.02186070019723864 0.04671052631578947
0 0.4267576429980276 0.29057138157894735 0.022189349112426034 0.04802631578947369
0 0.4052258382642998 0.2903519736842105 0.022189349112426034 0.04802631578947369
0 0.3828720414201184 0.2901325657894737 0.022189349112426034 0.04802631578947369
0 0.3613402366863905 0.2901325657894737 0.022189349112426034 0.04802631578947369
0 0.3394795364891519 0.2896940789473684 0.022189349112426034 0.04802631578947369
0 0.3172080867850099 0.2896940789473684 0.022682445759368838 0.04802631578947369
0 0.2953473865877712 0.28925559210526314 0.022682445759368838 0.04802631578947369
0 0.27381558185404337 0.2896940789473684 0.022682445759368838 0.04802631578947369
0 0.2522837771203156 0.2894746710526316 0.02268244575936881 0.04802631578947369
0 0.2304230769230769 0.289475 0.022682445759368838 0.04802631578947369
0 0.2093021449704142 0.28980411184210525 0.02383308678500987 0.0482457236842105
0 0.18777034023668637 0.29024259868421054 0.02383308678500984 0.04824572368421053
0 0.16656718441814597 0.29002319078947364 0.02383308678500984 0.04824572368421053
0 0.14552847633136093 0.2909004934210526 0.02383308678500987 0.04824572368421053
0 0.12473619329388559 0.2907909539473684 0.023668639053254427 0.04758782894736839
0 0.10369748520710058 0.2914488486842105 0.02366863905325444 0.04758782894736839
0 0.08397361932938854 0.2918873355263158 0.02366863905325444 0.047587828947368425
0 0.063756533530572 0.2925452302631579 0.02333999013806706 0.047587828947368425
0 0.0437862426035503 0.293203125 0.022518244575936888 0.04671085526315789
0 0.02439114891518738 0.29364161184210524 0.02186070019723866 0.04671085526315793
0 0.5046670364891519 0.3396940789473684 0.02186070019723864 0.04671052631578951
0 0.5265277366863905 0.33947467105263157 0.02186070019723864 0.04671052631578944
0 0.5475665680473373 0.33903618421052634 0.02186094674556216 0.04758749999999998
0 0.5690983727810651 0.33903618421052634 0.02186094674556216 0.04758749999999998
0 0.5907945019723866 0.33859769736842105 0.02251849112426036 0.04758750000000002
0 0.6126552021696253 0.33815904605263153 0.02251849112426036 0.04802598684210523
0 0.6348445512820514 0.3377205592105263 0.02251849112426036 0.048025986842105274
0 0.6568694526627219 0.33750115131578945 0.02251849112426036 0.04802598684210523
0 0.6791410256410256 0.3372817434210526 0.023669132149901483 0.048025986842105274
0 0.7014125986193295 0.3370623355263157 0.024490877712031567 0.04802598684210531
0 0.7234375 0.33662384868421047 0.024490877712031567 0.048025986842105274
0 0.745955744575937 0.33662384868421047 0.024490877712031567 0.048025986842105274
0 0.7679806459566075 0.33662384868421047 0.024490877712031567 0.048025986842105274
0 0.7901699950690335 0.33662384868421047 0.024490877712031567 0.048025986842105274
0 0.8123593441814596 0.3364044407894736 0.024490877712031567 0.04802598684210531
0 0.8340555966469428 0.33662384868421047 0.024490877712031567 0.048025986842105274
0 0.8560804980276134 0.33662384868421047 0.024490877712031567 0.048025986842105274
0 0.878105399408284 0.33651430921052633 0.024490877712031567 0.047806907894736864
0 0.8999660996055228 0.3367337171052632 0.024490877712031567 0.047806907894736836
0 0.9206761587771204 0.3371722039473684 0.024490877712031567 0.047806907894736864
0 0.9417970907297831 0.3378299342105263 0.024326429980276162 0.047368421052631546
0 0.962260724852071 0.338378125 0.023504684418145964 0.04758782894736839
0 0.9652193047337279 0.28991332236842104 0.023504684418145964 0.04758782894736839
0 0.9448380177514794 0.2891458881578947 0.023176035502958568 0.047806907894736836
0 0.9239635108481263 0.2887074013157894 0.02317603550295868 0.047806907894736836
0 0.9029248027613412 0.2882689144736842 0.023176035502958568 0.047806907894736836
0 0.8812285502958581 0.28804950657894735 0.023176035502958568 0.047806907894736836
0 0.8588747534516765 0.2876110197368421 0.02317603550295868 0.047806907894736836
0 0.8371785009861933 0.28783042763157896 0.02317603550295868 0.047806907894736864
0 0.8154822485207102 0.2873919407894737 0.02317603550295868 0.047806907894736836
0 0.7929641272189348 0.2876113486842105 0.023833579881656887 0.047806907894736836
0 0.7706103303747535 0.2873919407894737 0.023833579881656772 0.047806907894736836
0 0.7479278846153845 0.2871725328947369 0.023833579881656772 0.047806907894736864
0 0.7255740877712031 0.2876110197368421 0.023833579881656772 0.047806907894736836
0 0.7030560897435897 0.28739161184210527 0.023833579881656772 0.047806907894736836
0 0.6808667406311636 0.28739161184210527 0.023833579881656772 0.047806907894736836
0 0.6585129437869823 0.2876110197368421 0.023833579881656772 0.047806907894736836
0 0.6362413708086785 0.2883786184210526 0.023669132149901368 0.04802631578947369
0 0.6138876972386588 0.2888171052631579 0.023011587771203164 0.04846447368421052
0 0.5918627958579882 0.2892555921052632 0.023011587771203164 0.04846447368421052
0 0.5700022189349112 0.289803947368421 0.02235404339250496 0.04868421052631579
0 0.5479773175542406 0.29002335526315787 0.02235404339250485 0.04868421052631579
0 0.5264455128205128 0.2902427631578947 0.02235404339250496 0.04868421052631579
0 0.5044204881656804 0.29068125 0.021696499013806644 0.04868421052631579
0 0.10922744082840236 0.18465625 0.021531804733727806 0.04736842105263158
0 0.12944440335305718 0.18377894736842101 0.021531804733727806 0.04736842105263158
0 0.15015446252465484 0.18334046052631578 0.021531804733727806 0.04736842105263158
0 0.17070007396449702 0.18290180921052632 0.021531804733727806 0.04692993421052632
0 0.19182100591715978 0.18246332236842105 0.022353550295858005 0.04692993421052632
0 0.2131886094674556 0.1822439144736842 0.022353550295857973 0.04692993421052632
0 0.23406311637080865 0.18180542763157895 0.022353550295857973 0.04692993421052632
0 0.2554307199211045 0.18114753289473684 0.022353550295857973 0.04692993421052632
0 0.27679832347140043 0.180928125 0.022353550295857973 0.04692993421052632
0 0.29865902366863906 0.18048963815789476 0.022353550295857973 0.04692993421052632
0 0.3203552761341223 0.180928125 0.022353550295857973 0.04692993421052632
0 0.34188708086785013 0.18048963815789476 0.022353550295857973 0.04692993421052632
0 0.363254684418146 0.18070904605263155 0.022353550295857973 0.046929934210526304
0 0.3851974852071006 0.1804896381578947 0.02186045364891517 0.04824572368421053
0 0.40689373767258386 0.180928125 0.02186045364891517 0.04824572368421053
0 0.42817911735700204 0.18070904605263155 0.02169600591715977 0.0486845394736842
0 0.45020401873767263 0.18070904605263155 0.02169600591715977 0.0486845394736842
0 0.47140717455621306 0.18081875 0.02169600591715977 0.04846513157894737
0 0.49359652366863915 0.18059934210526313 0.02169600591715977 0.04846513157894735
0 0.515375 0.1803799342105263 0.02120315581854038 0.048465131578947385
0 0.5370712524654832 0.1801605263157895 0.021203155818540435 0.04846513157894737
0 0.5587675049309664 0.17972203947368423 0.021203155818540435 0.048465131578947385
0 0.5590140532544379 0.1296123355263158 0.02136735700197243 0.049122697368421044
0 0.5371533530571992 0.12939292763157895 0.02136735700197243 0.04912269736842106
0 0.5149640039447733 0.1298314144736842 0.021367357001972374 0.049122697368421044
0 0.49326775147929003 0.1296120065789474 0.021367357001972374 0.04912269736842106
0 0.4712426035502959 0.12939259868421055 0.021367357001972374 0.049122697368421044
0 0.44938178007889545 0.12983125 0.022024901380670574 0.04956118421052631
0 0.42768552761341216 0.12983125 0.022024901380670574 0.04956118421052631
0 0.40598927514792893 0.12983125 0.022024901380670574 0.04956118421052631
0 0.38363547830374756 0.1303794407894737 0.02202490138067063 0.04978059210526315
0 0.3619392258382643 0.1305988486842105 0.02202490138067063 0.049780592105263165
0 0.34024297337278103 0.13092796052631578 0.02202490138067063 0.04956118421052631
0 0.3182180719921105 0.13114736842105262 0.022024901380670574 0.04956118421052631
0 0.2965218195266272 0.13136677631578947 0.022024901380670574 0.04956118421052631
0 0.274825567061144 0.1315861842105263 0.022024901380670574 0.04956118421052631
0 0.2532937623274162 0.13246348684210524 0.02202490138067063 0.04956118421052631
0 0.23176183431952663 0.13246348684210524 0.022353550295858005 0.04956118421052631
0 0.21088732741617358 0.13312138157894735 0.022353550295858005 0.04956118421052631
0 0.18960194773175543 0.13366973684210526 0.02251799802761341 0.048903289473684206
0 0.1688918885601578 0.1338891447368421 0.02251799802761341 0.048903289473684206
0 0.14801738165680473 0.13476644736842108 0.02251799802761341 0.048903289473684206
0 0.12747177021696252 0.13564375 0.02251799802761342 0.048903289473684206
0 0.10717270710059171 0.136959375 0.021367603550295863 0.04846480263157896
0 0.5932842702169625 0.1790641447368421 0.021203155818540435 0.048465131578947385
0 0.6147339743589744 0.17873519736842106 0.021203155818540435 0.048465131578947385
0 0.6371698717948718 0.17807713815789475 0.022189349112426034 0.048464802631578936
0 0.659194896449704 0.17763848684210526 0.02202490138067063 0.04890328947368423
0 0.6815486932938856 0.17785789473684208 0.02202490138067052 0.04890328947368419
0 0.703573594674556 0.17763848684210526 0.02202490138067063 0.04890328947368423
0 0.7257629437869823 0.1772 0.02202490138067063 0.04890328947368419
0 0.748198717948718 0.17687121710526316 0.022189349112426034 0.0486845394736842
0 0.770388067061144 0.17730970394736845 0.022189349112426034 0.04868453947368422
0 0.7920843195266272 0.1770902960526316 0.022189349112426034 0.04868453947368422
0 0.814109220907298 0.1770902960526316 0.022189349112426034 0.04868453947368422
0 0.8360520216962525 0.1770904605263158 0.022682445759368838 0.048246052631578926
0 0.8577482741617358 0.1770904605263158 0.022682445759368838 0.048246052631578926
0 0.8796088510848126 0.17807730263157895 0.023011094674556233 0.048465131578947385
0 0.9004833579881656 0.17873519736842106 0.023011094674556233 0.048465131578947385
0 0.9212753944773174 0.17972187499999998 0.022846646942800718 0.04868453947368422
0 0.9421499013806708 0.18059917763157893 0.02284664694280083 0.04868453947368422
0 0.9624490877712032 0.18158601973684213 0.021696005917159825 0.048026644736842115
0 0.9827482741617358 0.18257302631578948 0.02153155818540442 0.04824605263157895
0 0.9848028846153845 0.13432730263157897 0.021367110453649016 0.04824605263157895
0 0.9644214743589744 0.13301151315789475 0.021367110453648905 0.04824605263157895
0 0.9442045118343196 0.13191513157894735 0.021367110453648905 0.04824605263157895
0 0.9233300049309664 0.130928125 0.021367110453648905 0.0480266447368421
0 0.9022912968441814 0.12939292763157895 0.021367110453648905 0.048026644736842115
0 0.881088141025641 0.128515625 0.021367110453648905 0.0480266447368421
0 0.8593918885601577 0.12785756578947366 0.022353303747534508 0.04846513157894737
0 0.8375311883629191 0.12741907894736842 0.022353303747534508 0.04846513157894737
0 0.8159993836291913 0.12665148026315787 0.022353303747534508 0.04824572368421051
0 0.7941386834319525 0.12643207236842105 0.022353303747534508 0.04824572368421053
0 0.7717848865877712 0.12621266447368418 0.022353303747534508 0.04824572368421051
0 0.7494310897435897 0.12665115131578947 0.022353303747534508 0.04824572368421053
0 0.72707741617357 0.12719917763157895 0.022024654832347113 0.0484654605263158
0 0.704888067061144 0.1269797697368421 0.022024654832347113 0.04846546052631578
0 0.6828631656804733 0.12741825657894737 0.022024654832347113 0.04846546052631578
0 0.6606738165680474 0.12741825657894737 0.022024654832347113 0.04846546052631578
0 0.6381556952662721 0.12807615131578948 0.021696005917159714 0.04978124999999999
0 0.6159663461538462 0.12873404605263158 0.021696005917159714 0.04978124999999999
0 0.5939414447731756 0.12829555921052632 0.021696005917159714 0.04978124999999999
0 0.026822731755424063 0.6459611842105263 0.023011341222879685 0.04342105263157895
0 0.046382149901380676 0.6466190789473684 0.023011341222879685 0.04342105263157895
0 0.06610601577909271 0.6474963815789473 0.023011341222879685 0.04342105263157895
0 0.08648730276134123 0.6477157894736842 0.02366888560157792 0.04342105263157895
0 0.10703291420118342 0.6483736842105263 0.023668885601577903 0.04342105263157895
0 0.12823607001972384 0.6488121710526316 0.023668885601577903 0.04342105263157895
0 0.14878168145956605 0.6488121710526316 0.023668885601577903 0.04342105263157895
0 0.1699848372781065 0.6488121710526316 0.023668885601577903 0.04385986842105265
0 0.19102354536489155 0.6494700657894736 0.023668885601577903 0.04385986842105265
0 0.21222670118343198 0.6492508223684209 0.023668885601577903 0.043421381578947364
0 0.23359405818540438 0.6492508223684209 0.023668885601577903 0.043421381578947364
0 0.23145722386587775 0.603636677631579 0.023668885601577934 0.043421381578947364
0 0.2099254191321499 0.6034172697368421 0.023668885601577903 0.043421381578947364
0 0.18855781558185405 0.6038557565789474 0.023668885601577934 0.043421381578947364
0 0.1671902120315582 0.6036363486842106 0.023668885601577903 0.043421381578947364
0 0.14565840729783036 0.6029784539473685 0.023668885601577934 0.043421381578947364
0 0.12445525147928996 0.6030881578947368 0.02366888560157792 0.043640789473684174
0 0.10308789447731755 0.6030878289473685 0.023668885601577903 0.04407960526315788
0 0.08254228303747534 0.6030878289473685 0.023668885601577903 0.04407960526315788
0 0.06216087278106509 0.6024299342105264 0.023668885601577913 0.04407960526315788
0 0.042601454635108484 0.6017720394736842 0.023668885601577913 0.04407960526315788
0 0.022548939842209074 0.6012238486842105 0.023668885601577913 0.04386019736842099
0 0.26794637573964497 0.6488120065789473 0.022682692307692303 0.04429835526315787
0 0.2893137327416173 0.6490314144736841 0.02268269230769236 0.04429835526315787
0 0.3108455374753451 0.6490314144736841 0.022682692307692303 0.04429835526315787
0 0.33270623767258384 0.6487026315789474 0.02268269230769236 0.044517763157894755
0 0.35440249013806707 0.6482641447368421 0.02268269230769236 0.044517763157894755
0 0.37642739151873766 0.6482641447368421 0.022682692307692303 0.044517763157894755
0 0.3977949950690336 0.6482641447368421 0.02268269230769236 0.044517763157894755
0 0.41899802761341226 0.6478256578947368 0.022025147928994095 0.044517763157894755
0 0.44036563116370814 0.64760625 0.022025147928994095 0.044517763157894755
0 0.461733234714004 0.64760625 0.022025147928994095 0.044517763157894755
0 0.48310083826429984 0.64760625 0.022025147928994095 0.044517763157894755
0 0.5044684418145957 0.6480447368421053 0.022025147928994095 0.044517763157894755
0 0.5257538214990138 0.6489217105263158 0.02186070019723875 0.04407894736842106
0 0.5469569773175542 0.6489217105263158 0.02186070019723875 0.04407894736842106
0 0.5686532297830375 0.6491411184210526 0.02186070019723875 0.04407894736842106
0 0.5905139299802762 0.6496894736842105 0.02186070019723864 0.04473684210526316
0 0.6123746301775148 0.6510052631578946 0.02186070019723864 0.04473684210526316
0 0.634070882642998 0.6512246710526315 0.02186070019723864 0.04473684210526316
0 0.6563425788954637 0.6517730263157895 0.022682199211045313 0.04539473684210519
0 0.6785319280078898 0.6524309210526316 0.022682199211045313 0.04539473684210519
0 0.7008857248520711 0.6530888157894736 0.022682199211045313 0.04539473684210519
0 0.7230750739644971 0.6533082236842105 0.022682199211045313 0.04539473684210519
0 0.7247186883629191 0.6070361842105263 0.023010848126232712 0.045394736842105265
0 0.7023648915187377 0.6068167763157895 0.023010848126232712 0.045394736842105265
0 0.6800110946745563 0.6059394736842105 0.023010848126232827 0.045394736842105265
0 0.6576572978303747 0.6055009868421052 0.023010848126232712 0.045394736842105265
0 0.6349748520710059 0.604843092105263 0.023010848126232712 0.045394736842105265
0 0.6127032790927022 0.6046238486842105 0.022189102564102517 0.04539506578947368
0 0.5907603550295858 0.6037465460526316 0.022353550295857918 0.04495624999999997
0 0.5690641025641026 0.6037465460526316 0.022353550295857918 0.04495624999999997
0 0.5473678500986193 0.6033080592105263 0.022353550295857918 0.044956250000000045
0 0.5256714743589743 0.6029792763157895 0.021696005917159825 0.04517565789473679
0 0.504468318540434 0.6025407894736843 0.02169600591715977 0.04517565789473686
0 0.4829365138067061 0.602760197368421 0.02169600591715977 0.04517565789473686
0 0.46132236193293885 0.6019925986842106 0.021532297830374764 0.044956250000000045
0 0.43995475838264303 0.6022120065789474 0.021532297830374764 0.04495624999999997
0 0.41842295364891524 0.6024314144736842 0.021532297830374764 0.04495624999999997
0 0.3969732495069034 0.6024315789473685 0.022025394477317564 0.04495657894736846
0 0.3754414447731756 0.6026509868421053 0.022025394477317564 0.04495657894736846
0 0.35325209566074955 0.6026509868421053 0.022025394477317564 0.04495657894736846
0 0.3312271942800789 0.602541282894737 0.022025394477317564 0.04517598684210527
0 0.3095309418145957 0.602541282894737 0.022025394477317564 0.04517598684210527
0 0.28767024161735705 0.6029797697368422 0.022025394477317564 0.04517598684210527
0 0.2660562130177515 0.603199177631579 0.022847140039447763 0.04517598684210527
0 0.7586601331360947 0.6537467105263157 0.024161489151873716 0.04539473684210519
0 0.7806850345167653 0.654185197368421 0.024161489151873827 0.045394736842105265
0 0.802709935897436 0.6537467105263157 0.024161489151873827 0.04539473684210519
0 0.824899285009862 0.6538564144736841 0.024161489151873827 0.045614144736842
0 0.8465134368836291 0.6538562499999999 0.02465458579881663 0.04473684210526316
0 0.8682096893491124 0.6540756578947368 0.02465458579881663 0.04473684210526308
0 0.8899059418145956 0.6538562499999999 0.02465458579881663 0.04473684210526316
0 0.9116842948717949 0.6536371710526315 0.024161489151873827 0.04517565789473686
0 0.9328874506903353 0.6534177631578947 0.024161489151873827 0.04517565789473679
0 0.9539261587771203 0.6534177631578947 0.024161489151873716 0.04517565789473679
0 0.9746362179487178 0.6523213815789474 0.024161489151873716 0.04517565789473686
0 0.9792385355029587 0.6064881578947369 0.024161489151873827 0.04517565789473686
0 0.9585284763313611 0.6071460526315791 0.024161489151873827 0.04517565789473686
0 0.9368322238658778 0.6078039473684211 0.024161489151873827 0.04517565789473686
0 0.9154646203155818 0.6073654605263158 0.024161489151873716 0.04517565789473686
0 0.893603920118343 0.6073654605263158 0.024161489151873716 0.04517565789473686
0 0.8720721153846154 0.6078039473684211 0.024161489151873716 0.04517565789473686
0 0.849554117357002 0.6074751644736842 0.024161489151873827 0.04627203947368418
0 0.827364768244576 0.6074751644736842 0.024161489151873827 0.04627203947368418
0 0.8051754191321501 0.6074751644736842 0.024161489151873827 0.04627203947368418
0 0.782986070019724 0.6072557565789475 0.024161489151873827 0.04627203947368426
0 0.7606323964497042 0.6068172697368421 0.023503944773175627 0.04627203947368418
0 0.16238104043392504 0.8028345394736842 0.023011094674556205 0.04276315789473684
0 0.18309109960552267 0.8034924342105263 0.023011094674556205 0.04276315789473684
0 0.20462290433925048 0.8039309210526315 0.023011094674556205 0.04276315789473684
0 0.2254972879684418 0.8041501644736841 0.02366863905325444 0.04232467105263155
0 0.2470290927021696 0.8045886513157895 0.02366863905325444 0.04232467105263155
0 0.268314349112426 0.8046983552631579 0.023175542406311637 0.04254407894736837
0 0.2896819526627219 0.8053562500000001 0.023175542406311637 0.04254407894736837
0 0.3110495562130178 0.8051368421052632 0.023175542406311637 0.04254407894736837
0 0.33266370808678514 0.8055753289473684 0.022682445759368838 0.04254407894736837
0 0.35435996055226837 0.8057947368421053 0.022682445759368838 0.04254407894736837
0 0.37572744082840237 0.8060139802631578 0.022353796844181498 0.042982565789473653
0 0.39684837278106505 0.8060138157894736 0.021203155818540435 0.04342105263157895
0 0.41805152859960554 0.8060138157894736 0.021203155818540435 0.04342105263157895
0 0.44056952662721893 0.8060138157894736 0.021203155818540435 0.04342105263157895
0 0.4616082347140039 0.8060138157894736 0.021203155818540435 0.04342105263157895
0 0.4836331360946746 0.8066717105263158 0.021203155818540435 0.04342105263157895
0 0.5050007396449704 0.8064523026315787 0.021203155818540435 0.04342105263157895
0 0.5266969921104536 0.8068907894736841 0.021203155818540435 0.04342105263157895
0 0.548393244575937 0.8071101973684208 0.021203155818540435 0.04342105263157895
0 0.5700894970414201 0.8071101973684208 0.021203155818540435 0.04342105263157895
0 0.5916213017751479 0.8073296052631579 0.021203155818540435 0.04342105263157895
0 0.6138928747534517 0.808207072368421 0.02136760355029584 0.04342138157894729
0 0.614221523668639 0.7628123355263158 0.02136760355029584 0.04342138157894729
0 0.5930183678500985 0.7621544407894737 0.02136760355029584 0.04342138157894729
0 0.570582593688363 0.7619348684210526 0.021203155818540435 0.04473684210526316
0 0.5487218934911243 0.7619348684210526 0.021203155818540435 0.04473684210526316
0 0.5268611932938856 0.7619348684210526 0.021203155818540435 0.04473684210526316
0 0.5051649408284024 0.7617154605263157 0.021203155818540435 0.04473684210526316
0 0.4834686883629191 0.7614960526315788 0.021203155818540435 0.04473684210526316
0 0.4617724358974359 0.7608381578947367 0.021203155818540435 0.04473684210526316
0 0.41854437869822486 0.7612769736842105 0.021203155818540435 0.04473684210526316
0 0.4402406311637081 0.7612769736842105 0.021203155818540435 0.04473684210526316
0 0.3963550295857988 0.7611674342105262 0.021203155818540435 0.04495657894736846
0 0.37474112426035505 0.7612769736842104 0.022025147928994095 0.04429868421052636
0 0.3530448717948718 0.7610575657894737 0.022025147928994095 0.04429868421052636
0 0.33118417159763325 0.7614960526315789 0.022025147928994095 0.04429868421052636
0 0.3094879191321499 0.760838322368421 0.022025147928994095 0.04386019736842106
0 0.2876272189349112 0.7609478618421052 0.023011341222879643 0.043202302631578954
0 0.26609541420118343 0.7605093749999999 0.0230113412228797 0.043202302631578954
0 0.24423471400394478 0.7602899671052631 0.02301134122287967 0.043202302631578954
0 0.22303155818540432 0.7600705592105264 0.0230113412228797 0.043202302631578954
0 0.2013353057199211 0.7600705592105264 0.0230113412228797 0.043202302631578954
0 0.17996770216962527 0.7594126644736843 0.02301134122287967 0.043202302631578954
0 0.15892887080867849 0.7590833881578949 0.023668885601577903 0.043859539473684234
0 0.6475877712031559 0.8085360197368421 0.02202514792899404 0.04364046052631576
0 0.6691195759368838 0.8089745065789473 0.02202514792899404 0.04364046052631576
0 0.6909802761341223 0.8091939144736842 0.02202514792899404 0.04364046052631576
0 0.7133339497041421 0.8094131578947368 0.02333999013806704 0.04407894736842106
0 0.7351946499013807 0.8096325657894737 0.02333999013806704 0.04407894736842106
0 0.756890902366864 0.8096325657894737 0.02333999013806704 0.04407894736842106
0 0.7787516025641026 0.8098519736842105 0.02333999013806704 0.04407894736842106
0 0.8006944033530571 0.810181085526316 0.02383308678500984 0.043859539473684234
0 0.8223906558185404 0.809523519736842 0.02383308678500984 0.042982565789473653
0 0.8441690088757396 0.8097429276315791 0.02432618343195264 0.042982565789473806
0 0.8655366124260353 0.809523519736842 0.02432618343195264 0.042982565789473653
0 0.8865753205128205 0.8087557565789474 0.02432618343195264 0.04276348684210518
0 0.9072853796844181 0.8083172697368421 0.02432618343195264 0.04276348684210518
0 0.9281598865877712 0.8078787828947369 0.02432618343195264 0.04276348684210533
0 0.9488699457593687 0.807001480263158 0.02432618343195264 0.04276348684210518
0 0.9688403599605522 0.8064531249999999 0.024819280078895445 0.04342138157894729
0 0.9739357741617357 0.763032072368421 0.024819280078895556 0.04342138157894729
0 0.9533901627218935 0.763689967105263 0.024819280078895445 0.04342138157894729
0 0.9326801035502957 0.7643478618421052 0.024819280078895445 0.04342138157894729
0 0.9116412721893491 0.7650057565789473 0.024490631163708157 0.04342138157894729
0 0.8906025641025642 0.7654442434210527 0.024490631163708046 0.04342138157894744
0 0.8690707593688364 0.7656636513157894 0.024490631163708046 0.04342138157894729
0 0.8472100591715976 0.7654442434210527 0.024490631163708046 0.04342138157894744
0 0.8254317061143985 0.7654440789473683 0.023997534516765246 0.04342105263157895
0 0.8037354536489153 0.7654440789473683 0.023997534516765246 0.04342105263157895
0 0.7817105522682446 0.7652246710526316 0.023997534516765246 0.04342105263157895
0 0.7590281065088758 0.765005427631579 0.023997534516765246 0.04342072368421046
0 0.7371674063116372 0.7643475328947369 0.023997534516765246 0.04342072368421046
0 0.7151423816568048 0.7641281249999999 0.02333999013806704 0.043420723684210606
0 0.6928709319526626 0.7639087171052631 0.02284689349112424 0.043420723684210606
0 0.6705173816568049 0.7637995065789475 0.02284689349112435 0.04407927631578955
0 0.6484923570019723 0.7633608552631579 0.022518244575936954 0.04495657894736846
0 0.06587352071005917 0.9461470394736842 0.023422090729783036 0.040460526315789475
0 0.08498101577909269 0.9474628289473684 0.023422090729783036 0.040460526315789475
0 0.10519797830374752 0.9489430921052631 0.023422090729783036 0.040460526315789475
0 0.12492184418145956 0.9505878289473683 0.023422090729783036 0.040460526315789475
0 0.14476898422090728 0.9520680921052631 0.023422090729783036 0.040460526315789475
0 0.16523249506903354 0.9533838815789473 0.023422090729783036 0.040460526315789475
0 0.1856960059171598 0.9550286184210525 0.023422090729783036 0.040460526315789475
0 0.20659097633136095 0.9558509868421052 0.023052268244575937 0.040460526315789475
0 0.2274243096646943 0.95733125 0.023052268244575937 0.040460526315789475
0 0.24838091715976332 0.957660197368421 0.023052268244575937 0.040460526315789475
0 0.26976898422090734 0.9582358552631578 0.022928994082840236 0.039967105263157894
0 0.2907872287968442 0.9588115131578948 0.022559171597633137 0.04013157894736842
0 0.31211365877712033 0.9588937499999999 0.02231262327416174 0.039967105263157894
0 0.33344008875739645 0.959222697368421 0.02231262327416174 0.039967105263157894
0 0.3547665187376726 0.9594694078947369 0.021326429980276135 0.04013157894736842
0 0.37609294871794874 0.9599628289473684 0.021326429980276135 0.04013157894736842
0 0.3976659270216963 0.96045625 0.021326429980276135 0.04013157894736842
0 0.41948545364891515 0.960785197368421 0.021326429980276135 0.04013157894736842
0 0.44099679487179494 0.961114144736842 0.02071005917159763 0.041118421052631575
0 0.4625697731755425 0.9616075657894736 0.02071005917159763 0.041118421052631575
0 0.4843892998027614 0.9619365131578946 0.02071005917159763 0.041118421052631575
0 0.5054691814595661 0.9625944078947367 0.02071005917159763 0.041118421052631575
0 0.5054691814595661 0.9191733552631578 0.02071005917159763 0.041118421052631575
0 0.4835880177514793 0.9190088815789472 0.020833333333333332 0.041118421052631575
0 0.46176849112426044 0.9188444078947368 0.020833333333333332 0.041118421052631575
0 0.43994896449704146 0.9186799342105262 0.020833333333333332 0.041118421052631575
0 0.4182527120315582 0.9181865131578947 0.020833333333333332 0.041118421052631575
0 0.3966180966469428 0.9179398026315789 0.021203155818540435 0.04226973684210526
0 0.37479857001972383 0.9179398026315789 0.021203155818540435 0.04226973684210526
0 0.3531023175542406 0.9174463815789474 0.021203155818540435 0.04226973684210526
0 0.331590976331361 0.9169529605263158 0.022066074950690334 0.04226973684210526
0 0.3098947238658777 0.9164595394736843 0.022066074950690334 0.04226973684210526
0 0.28856829388560157 0.9166240131578948 0.023052268244575937 0.04226973684210526
0 0.26687204142011833 0.9166240131578948 0.023052268244575937 0.04226973684210526
0 0.24554561143984222 0.9159661184210527 0.023052268244575937 0.04226973684210526
0 0.2239726331360947 0.9154726973684212 0.023052268244575937 0.04226973684210526
0 0.20313929980276133 0.9148148026315789 0.023298816568047335 0.04194078947368421
0 0.1818128698224852 0.9138279605263158 0.023298816568047335 0.04194078947368421
0 0.16134935897435895 0.9125121710526316 0.023298816568047335 0.04194078947368421
0 0.14063929980276135 0.9115253289473684 0.023298816568047335 0.04194078947368421
0 0.1201757889546351 0.9102095394736842 0.024285009861932938 0.04226973684210526
0 0.09995882642998027 0.9088937500000001 0.024285009861932938 0.04226973684210526
0 0.0801733234714004 0.9076601973684212 0.02539447731755424 0.04243421052631579
0 0.06051109467455621 0.9056865131578947 0.023791913214990138 0.041447368421052636
0 0.5393079388560158 0.9196667763157895 0.020586785009861934 0.04243421052631579
0 0.583193540433925 0.9203246710526316 0.020586785009861934 0.04243421052631579
0 0.5611274654832348 0.9203246710526316 0.020586785009861934 0.04243421052631579
0 0.6053212524654833 0.9204891447368422 0.021449704142011836 0.04243421052631579
0 0.6270175049309665 0.9206536184210528 0.021449704142011836 0.04243421052631579
0 0.6491452169625246 0.9208180921052632 0.02231262327416174 0.04243421052631579
0 0.6710880177514793 0.9213115131578948 0.02231262327416174 0.04243421052631579
0 0.6929075443786983 0.9219694078947368 0.022805719921104535 0.04276315789473684
0 0.714727071005917 0.9221338815789474 0.022805719921104535 0.04276315789473684
0 0.7371629684418146 0.9225450657894736 0.022805719921104535 0.04259868421052631
0 0.7586126725838265 0.9221338815789473 0.02354536489151874 0.04177631578947368
0 0.7803089250493097 0.9216404605263158 0.02354536489151874 0.04177631578947368
0 0.8020051775147929 0.9213115131578948 0.02354536489151874 0.04177631578947368
0 0.8234548816568048 0.9211470394736843 0.02403846153846154 0.04177631578947368
0 0.8447813116370809 0.9199957236842103 0.02403846153846154 0.04177631578947368
0 0.8656762820512822 0.9193378289473683 0.02440828402366864 0.04177631578947368
0 0.8865096153846154 0.9183509868421053 0.02440828402366864 0.04177631578947368
0 0.9071580374753452 0.9167062500000001 0.02502465483234714 0.041447368421052636
0 0.9276215483234715 0.916377302631579 0.02502465483234714 0.041447368421052636
0 0.9479617850098621 0.9147325657894736 0.02502465483234714 0.041447368421052636
0 0.9678089250493097 0.91358125 0.02502465483234714 0.041447368421052636
0 0.9874876725838265 0.9125944078947369 0.02502465483234714 0.041447368421052636
0 0.9816527366863905 0.9525067434210528 0.025189102564102544 0.04100888157894749
0 0.9619288708086784 0.953822532894737 0.025189102564102544 0.04100888157894749
0 0.9422050049309665 0.9551383223684211 0.025189102564102544 0.04100888157894749
0 0.9223989151873766 0.9568927631578947 0.024367357001972345 0.0405703947368422
0 0.9023464003944773 0.9582085526315789 0.024367357001972345 0.0405703947368422
0 0.8818828895463511 0.9593049342105263 0.023874260355029545 0.0405703947368422
0 0.8611728303747535 0.9604013157894737 0.023874260355029545 0.040570394736842055
0 0.8401341222879685 0.9612786184210526 0.023874260355029656 0.0405703947368422
0 0.8196704881656804 0.9623753289473685 0.02403870808678495 0.040570394736842055
0 0.79846733234714 0.9628138157894738 0.02403870808678495 0.0405703947368422
0 0.7774286242603551 0.9634717105263159 0.02403870808678506 0.0405703947368422
0 0.7558968195266272 0.9641296052631579 0.02403870808678506 0.0405703947368422
0 0.7344471153846155 0.9646777960526317 0.02354561143984226 0.04035098684210539
0 0.7127508629191323 0.9646777960526317 0.02354561143984226 0.04035098684210539
0 0.6912190581854044 0.9644583881578946 0.02354561143984226 0.04035098684210524
0 0.669111932938856 0.9645402960526318 0.022723865877712062 0.04095361842105272
0 0.6475801282051283 0.9636629934210525 0.022723865877711948 0.040953618421052565
0 0.6259659763313609 0.9634712171052632 0.02223076923076926 0.04057006578947371
0 0.6040231755424063 0.9632518092105263 0.02173767258382646 0.04057006578947371
0 0.582326923076923 0.9628133223684211 0.02173767258382646 0.04057006578947371
0 0.5608772189349112 0.9626763157894739 0.021244575936883656 0.04117302631578953
0 0.5391809664694279 0.9624569078947368 0.021244575936883656 0.04117302631578953
0 0.23485404339250493 0.027938157894736842 0.021696252465483234 0.04819078947368421
0 0.2559339250493097 0.027280263157894738 0.021696252465483234 0.04819078947368421
0 0.2770138067061144 0.02662236842105263 0.021696252465483234 0.04819078947368421
0 0.29821696252465485 0.025799999999999997 0.021942800788954633 0.048848684210526315
0 0.31991321499013803 0.02497763157894737 0.021942800788954633 0.048848684210526315
0 0.3414861932938856 0.024424342105263157 0.021942800788954633 0.048848684210526315
0 0.3627509861932939 0.024424342105263157 0.021819526627218935 0.048848684210526315
0 0.38444723865877706 0.024095394736842104 0.021819526627218935 0.04819078947368421
0 0.4061434911242603 0.024095394736842104 0.021819526627218935 0.04819078947368421
0 0.8328160749506903 0.023741611842105263 0.021942800788954633 0.047483223684210527
0 0.8541425049309664 0.024399506578947367 0.021942800788954633 0.047483223684210527
0 0.9361198224852072 0.029662664473684208 0.020956607495069033 0.048470065789473674
0 0.8747292899408284 0.025550822368421048 0.020956607495069033 0.048470065789473674
0 0.8951928007889547 0.027031085526315786 0.020956607495069033 0.048470065789473674
0 0.9156563116370809 0.028346874999999997 0.020956607495069033 0.048470065789473674
0 0.9562135108481263 0.031142927631578943 0.020956607495069033 0.048470065789473674
0 0.9765537475345168 0.032623190789473684 0.020956607495069033 0.048470065789473674
0 0.23428920118343197 0.0018802631578947369 0.020278599605522682 0.0037605263157894737
0 0.25503007889546353 0.001304605263157895 0.02021696252465483 0.00260921052631579
0 0.2765414201183432 0.000893421052631579 0.020340236686390532 0.001786842105263158
0 0.42749063116370817 0.023741611842105263 0.021942800788954633 0.047483223684210527
0 0.4492485207100592 0.023659375 0.022066074950690334 0.04731875
0 0.47106804733727814 0.023659375 0.022066074950690334 0.04731875
0 0.49282593688362925 0.02349490131578947 0.021942800788954633 0.04698980263157894
0 0.5145221893491125 0.02349490131578947 0.021942800788954633 0.04698980263157894
0 0.5359718934911244 0.02349490131578947 0.021942800788954633 0.04698980263157894
0 0.5579763313609468 0.023083717105263156 0.022066074950690334 0.04616743421052631
0 0.5799191321499014 0.023083717105263156 0.022066074950690334 0.04616743421052631
0 0.6019852071005918 0.023083717105263156 0.022066074950690334 0.04616743421052631
0 0.6238047337278106 0.023083717105263156 0.022066074950690334 0.04616743421052631
0 0.6462406311637081 0.023001480263157896 0.022066074950690334 0.04600296052631579
0 0.6681834319526628 0.023001480263157896 0.022066074950690334 0.04600296052631579
0 0.689879684418146 0.023001480263157896 0.022066074950690334 0.04600296052631579
0 0.7250128205128206 0.022425822368421052 0.02231262327416174 0.044851644736842104
0 0.7468323471400394 0.022425822368421052 0.02231262327416174 0.044851644736842104
0 0.7682820512820514 0.022425822368421052 0.02231262327416174 0.044851644736842104
0 0.7899166666666667 0.023001480263157896 0.021696252465483234 0.04600296052631579
0 0.8113663708086787 0.023001480263157896 0.022189349112426034 0.04600296052631579
0 0.9930023422090729 0.033996217105263155 0.01399531558185401 0.04758782894736841
0 0.9937009368836291 0.0047174342105263155 0.012598126232741607 0.009434868421052631
0 0.9771701183431952 0.0043337171052631575 0.019970414201183433 0.008667434210526315
0 0.9568297583826431 0.003620888157894737 0.019888313609467433 0.007241776315789474
0 0.9366127958579883 0.0027985197368421053 0.019888313609467433 0.005597039473684211
0 0.9164368836291914 0.0019761513157894738 0.019970414201183433 0.0039523026315789475
0 0.8959734960552268 0.0015924342105263158 0.020134861932938838 0.0031848684210526315
0 0.8754689349112427 0.0006055921052631578 0.019230769230769232 0.0012111842105263157
0 0.9970964003944773 0.13509374999999998 0.005807199211045387 0.04753289473684211
0 0.9961718441814594 0.18353124999999998 0.007656311637080889 0.04769736842105261
0 0.9933365384615384 0.29002796052631574 0.013326923076923099 0.04819078947368421
0 0.9920421597633134 0.3387121710526315 0.015915680473372804 0.046875
0 0.007389792899408284 0.4473194078947369 0.014779585798816568 0.04555921052631579
0 0.009300542406311637 0.4941944078947369 0.018601084812623275 0.04358552631578948
0 0.9944038461538462 0.4485919407894737 0.01119230769230774 0.04649111842105259
0 0.9925957840236687 0.49596052631578946 0.014808431952662748 0.04605263157894737
0 0.9934997534516766 0.6063223684210526 0.013000493096646946 0.045394736842105265
0 0.9910342702169626 0.6521555921052632 0.017931459566074955 0.04407894736842098
0 0.990767258382643 0.7621335526315789 0.01846548323471405 0.04407894736842106
0 0.9883017751479289 0.8060480263157894 0.02339644970414206 0.041447368421052636
0 0.9984102564102564 0.8118868421052632 0.0031794871794872254 0.028124999999999997
0 0.007274038461538462 0.6011730263157895 0.014548076923076924 0.04506578947368421
0 0.009616247534516767 0.6454164473684211 0.019232495069033535 0.04375
