0 0.02145586785009862 0.2257657894736842 0.04240631163708087 0.030592105263157896
0 0.02223668639053255 0.2552065789473684 0.04298175542406312 0.030921052631578946
0 0.023181829388560157 0.2844830592105263 0.043556952662721894 0.03048256578947369
0 0.02429117357001972 0.31425279605263157 0.04314595660749507 0.030372697368421044
0 0.02556508875739645 0.34336463815789475 0.04355670611439842 0.03070164473684206
0 0.06143786982248522 0.10591940789473682 0.04224211045364891 0.03070197368421053
0 0.10413178007889545 0.10317812499999998 0.04232421104536489 0.030263486842105256
0 0.06180781558185404 0.1349217105263158 0.042653106508875736 0.03103092105263158
0 0.10487142504930966 0.13234457236842107 0.042817307692307696 0.030263486842105256
0 0.062218811637080866 0.16441743421052632 0.042653106508875736 0.03103092105263158
0 0.10552884615384617 0.16200476973684214 0.04314595660749507 0.029934539473684203
0 0.06320512820512822 0.19374851973684212 0.04281755424063117 0.03092138157894736
0 0.06410922090729783 0.22324424342105262 0.04281755424063116 0.030263486842105256
0 0.06538301282051281 0.2523560855263158 0.043392751479289934 0.030592434210526306
0 0.10926873767258384 0.2504373355263158 0.04405029585798817 0.030263486842105298
0 0.06653353057199211 0.28223552631578946 0.04405029585798817 0.030701973684210546
0 0.11074802761341224 0.2798235197368421 0.04405029585798817 0.030263486842105256
0 0.06788966962524655 0.31145690789473685 0.04347509861932938 0.030592105263157896
0 0.11181644477317554 0.3094837171052631 0.04437894477317555 0.030153618421052637
0 0.0691225345167653 0.34100723684210527 0.04413264299802762 0.030482236842105246
0 0.11341900887573964 0.338760197368421 0.04413239644970415 0.029934210526315754
0 0.10688486193293886 0.19133569078947368 0.043228303747534516 0.030263486842105256
0 0.37880991124260355 0.10430871710526315 0.04544723865877708 0.03410098684210527
0 0.4231475591715976 0.09964868421052632 0.04528279092702167 0.03399144736842105
0 0.466211291913215 0.095153125 0.04495414201183428 0.033772039473684214
0 0.38193293885601576 0.13522993421052631 0.045940335305719934 0.034320394736842105
0 0.4259828648915187 0.1301860197368421 0.04528279092702167 0.03475888157894736
0 0.4688412228796844 0.12508717105263156 0.044954142011834335 0.034210526315789476
0 0.3848915187376726 0.1657125 0.045940335305719934 0.034320394736842105
0 0.4286127958579881 0.16044934210526318 0.045282790927021734 0.034320394736842105
0 0.47143010355029585 0.15556957236842106 0.04388584812623279 0.03442993421052631
0 0.38772694773175537 0.19614029605263156 0.04536513806706119 0.03442993421052632
0 0.4317358234714004 0.1907125 0.04528279092702167 0.034320394736842084
0 0.4741421351084813 0.18561332236842104 0.04388584812623279 0.03442993421052631
0 0.39105535009861936 0.22651299342105258 0.04561168639053259 0.03442993421052632
0 0.4343245808678501 0.22119506578947368 0.045036242603550276 0.034320394736842126
0 0.39417837771203157 0.2571598684210526 0.04561168639053254 0.03453947368421052
0 0.4372008136094674 0.2518967105263158 0.04454314595660747 0.034320394736842084
0 0.4798536735700197 0.24619490131578947 0.043885848126232745 0.03475888157894734
0 0.3973835059171597 0.28720361842105263 0.04561168639053254 0.03453947368421052
0 0.4404880424063116 0.2819404605263158 0.04454314595660747 0.03497828947368419
0 0.4825657051282051 0.27607417763157893 0.043885848126232745 0.03508782894736843
0 0.4003420857988165 0.3174120065789473 0.04561168639053254 0.03399111842105266
0 0.443159023668639 0.31181990131578946 0.044461045364891476 0.034429934210526286
0 0.4852365631163708 0.3059536184210527 0.04314620315581853 0.03453947368421052
0 0.40354709072978306 0.347236677631579 0.0447899408284024 0.03399111842105266
0 0.4460353796844181 0.3412608552631579 0.04363929980276134 0.03388157894736842
0 0.48770192307692306 0.33517516447368423 0.04298175542406313 0.03442993421052632
0 0.6986328895463512 0.3502957236842106 0.02465483234714004 0.04999999999999997
0 0.7186854043392505 0.3502957236842106 0.02465483234714004 0.04999999999999997
0 0.7388202662721893 0.3501314144736841 0.02514792899408284 0.049890460526315766
0 0.7590372287968441 0.3501314144736841 0.02514792899408284 0.049890460526315766
0 0.7793364151873767 0.35024111842105266 0.025805473372781045 0.05010986842105265
0 0.7993889299802762 0.3501863486842105 0.026791666666666755 0.05021940789473689
0 0.8189895216962525 0.3501314144736841 0.026545118343195357 0.049890460526315766
0 0.8424116124260355 0.3504601973684211 0.02703821499013816 0.04967105263157891
0 0.861560157790927 0.3505697368421053 0.02687376725838264 0.04967105263157894
0 0.8850643491124259 0.3512276315789474 0.02687376725838264 0.04967105263157894
0 0.9041306706114398 0.3513371710526316 0.02687376725838264 0.04967105263157894
0 0.9231559418145956 0.3515565789473684 0.027284763313609448 0.04901315789473684
0 0.9418115138067061 0.35215970394736834 0.026791666666666644 0.048903618421052605
0 0.9601794871794872 0.3525434210526316 0.027366863905325445 0.04879407894736836
0 0.9782596153846153 0.35287220394736846 0.02687376725838264 0.04835559210526315
0 0.6962905571992108 0.4322036184210526 0.024736932938856038 0.04802631578947369
0 0.7165075197238658 0.4319842105263158 0.024736932938856038 0.04802631578947369
0 0.736642258382643 0.43181990131578946 0.02539447731755424 0.047916776315789514
0 0.7571057692307691 0.43181990131578946 0.02539447731755424 0.047916776315789514
0 0.7770760601577908 0.4317103618421052 0.026052021696252446 0.04791677631578945
0 0.7969230769230767 0.4319845394736842 0.02646301775147936 0.04780723684210528
0 0.8164414447731756 0.4321491776315789 0.026380917159763366 0.04769769736842104
0 0.8396169871794872 0.43203963815789476 0.026380917159763366 0.04769769736842104
0 0.8589709072978304 0.43203980263157893 0.02679191321499017 0.04791710526315786
0 0.8818588510848127 0.4322592105263158 0.02720290927021697 0.04791710526315794
0 0.9010896203155819 0.43236874999999997 0.02720290927021697 0.04791710526315786
0 0.9198272928994082 0.4323138157894737 0.02720290927021697 0.047588157894736804
0 0.938400641025641 0.43258766447368424 0.027038461538461567 0.04725888157894741
0 0.9571383136094676 0.43258766447368424 0.027038461538461567 0.04725888157894741
0 0.9746432445759368 0.4329713815789474 0.026545364891518767 0.04714934210526318
0 0.6935374753451675 0.5110414473684209 0.023997534516765357 0.04517565789473686
0 0.7136723372781065 0.5111509868421052 0.023997534516765357 0.04517565789473686
0 0.7336428747534516 0.5111509868421052 0.024819280078895445 0.04517565789473686
0 0.7536953895463511 0.5110412828947368 0.024819280078895445 0.04539506578947368
0 0.778021449704142 0.5110412828947368 0.02514792899408284 0.045614144736842076
0 0.797786365877712 0.5109315789473684 0.025558925049309754 0.04583355263157889
0 0.8203455374753452 0.5108768092105263 0.02629857001972396 0.045943092105263136
0 0.8398229783037476 0.5108769736842105 0.026627218934911243 0.045504605263157916
0 0.8590947978303749 0.5108223684210527 0.02720241617357004 0.04561447368421049
0 0.8785309418145956 0.5108223684210527 0.02744896449704133 0.04561447368421049
0 0.8973507149901381 0.5107675986842105 0.027448964497041442 0.0455042763157895
0 0.9163350591715976 0.5106582236842104 0.027120315581854047 0.045504605263157916
0 0.9346618589743589 0.510603289473684 0.026791666666666644 0.045394736842105265
0 0.9564403353057199 0.5105486842105262 0.027613412228796843 0.04528552631578951
0 0.9737396449704142 0.5106034539473684 0.02687376725838264 0.04517598684210527
0 0.013381040433925047 0.6681016447368422 0.026762080867850094 0.0408993421052631
0 0.021091346153846155 0.7414569078947368 0.027038214990138067 0.03936381578947374
0 0.013031681459566076 0.8104261513157895 0.026063362919132152 0.037609539473684235
0 0.033577292899408286 0.8116324013157895 0.026063362919132152 0.037609539473684235
0 0.05108234714003945 0.8120161184210526 0.026885108481262333 0.038157894736842106
0 0.06883382642998027 0.8127835526315791 0.02639201183431953 0.038157894736842106
0 0.08674975345167654 0.8138799342105264 0.026392011834319527 0.038157894736842106
0 0.10487105522682445 0.8143185855263158 0.026145463510848125 0.037719407894736816
0 0.12319785502958579 0.8149215460526315 0.026309911242603554 0.038048355263158015
0 0.1415655818540434 0.8153052631578946 0.02589891518737671 0.038157894736842106
0 0.019324457593688362 0.8786279605263156 0.026134122287968443 0.03596513157894731
0 0.03600764299802761 0.8796148026315789 0.026134122287968443 0.03596513157894731
0 0.05696437376725839 0.8809855263157894 0.026298570019723858 0.035636184210526264
0 0.07438720414201183 0.8817529605263157 0.02629857001972387 0.035636184210526264
0 0.09526158777120315 0.8830687499999998 0.02596992110453649 0.035636184210526264
0 0.11293084319526628 0.8837268092105265 0.025641272189349106 0.03585559210526323
0 0.13092887080867852 0.8843847039473686 0.025641272189349106 0.03585559210526323
0 0.14900912228796848 0.8850425986842106 0.02531262327416174 0.03585559210526323
0 0.1672536982248521 0.8854810855263158 0.02531262327416174 0.035855592105263075
0 0.1858270463510848 0.8859197368421052 0.024490877712031543 0.03607500000000004
0 0.20431817061143984 0.8864680921052632 0.024490877712031543 0.03607500000000004
0 0.013037475345167653 0.943430592105263 0.02596992110453649 0.033333552631578896
0 0.029597386587771203 0.9445817434210526 0.026709566074950692 0.03410098684210523
0 0.04648570019723866 0.9460618421052632 0.02596992110453649 0.03333355263157904
0 0.0634564842209073 0.9474325657894735 0.025887820512820514 0.033662500000000095
0 0.08046831854043393 0.948528947368421 0.025887820512820507 0.033662500000000095
0 0.09760342702169625 0.9498447368421054 0.02580547337278107 0.033662500000000095
0 0.1182313856015779 0.951379769736842 0.025312376725838255 0.03388190789473691
0 0.13553094181459566 0.9523666118421054 0.02506582840236687 0.03388190789473691
0 0.15689854536489156 0.9535728618421053 0.024572731755424067 0.03388190789473691
0 0.1748965729783038 0.9543402960526316 0.024572731755424067 0.03388190789473691
0 0.1927302761341223 0.9549432565789474 0.02391518737672584 0.033552960526315706
0 0.2110569526627219 0.9556008223684211 0.02440828402366864 0.033772039473684186
0 0.22926060157790928 0.956258717105263 0.02399753451676527 0.03355296052631586
0 0.24758727810650888 0.956752302631579 0.0230113412228797 0.03344342105263147
0 0.26591407790927024 0.9569166118421053 0.022682692307692303 0.03355296052631586
0 0.5325045611439843 0.9549300986842103 0.019066321499013827 0.03399111842105266
0 0.551160009861933 0.9551495065789474 0.019394970414201223 0.03399111842105266
0 0.5698566321499015 0.9549302631578946 0.019312869822485226 0.034429605263157796
0 0.5883477564102565 0.9550674342105263 0.02005251479289943 0.034703947368421056
0 0.6104446499013807 0.9549302631578946 0.020730522682445778 0.034429605263157796
0 0.6289974112426037 0.9546013157894736 0.020730522682445778 0.03393618421052622
0 0.6504471153846153 0.9546424342105262 0.02122361932938858 0.034347368421052536
0 0.6688766025641025 0.954560197368421 0.02171671597633138 0.03401842105263148
0 0.6872752712031557 0.95423125 0.022271449704142035 0.03401842105263148
0 0.7058896696252466 0.9536555921052632 0.022271449704142035 0.03401842105263148
0 0.7242575197238659 0.9534088815789474 0.022517998027613433 0.03401842105263148
0 0.7425945512820513 0.9530388157894737 0.023319280078895485 0.03410065789473675
0 0.760777490138067 0.9523809210526315 0.023319280078895485 0.03360723684210517
0 0.7820731015779092 0.9515996710526315 0.023874013806706135 0.03385394736842096
0 0.7997937623274161 0.9505717105263157 0.024058925049309683 0.033771710526315696
0 0.8177916666666667 0.8821506578947369 0.024223372781065088 0.03640328947368411
0 0.8213975591715976 0.9492970394736843 0.024243836291913234 0.03401842105263148
0 0.8389641272189349 0.9485157894736841 0.024613658777120337 0.03410065789473675
0 0.8565306952662722 0.947528947368421 0.025230029585798838 0.03410065789473675
0 0.873850714990138 0.9462542763157895 0.025353303747534535 0.03401842105263148
0 0.8911399161735699 0.9449384868421051 0.025538214990138086 0.03352499999999991
0 0.907997657790927 0.943499342105263 0.025230029585798838 0.033771710526315696
0 0.9246088510848126 0.9421424342105263 0.025538214990138086 0.03385394736842096
0 0.9444868096646943 0.9402509868421052 0.02572312623274164 0.03385394736842096
0 0.9605124506903352 0.9387296052631577 0.02572312623274164 0.033771710526315696
0 0.9804212278106508 0.9365914473684209 0.025846400394477338 0.03344276315789464
0 0.3906462031558186 0.8851549342105264 0.020134615384615424 0.03585526315789474
0 0.4097126479289941 0.8852646381578947 0.019970167652859968 0.03629375000000003
0 0.42845032051282045 0.8853743421052632 0.019477071005917165 0.03673223684210532
0 0.4475579388560158 0.8852646381578947 0.019394970414201167 0.03629375000000003
0 0.4662545611439842 0.8852098684210526 0.018983974358974365 0.036403289473684264
0 0.48532088264299805 0.8849904605263158 0.018983974358974365 0.036403289473684264
0 0.5040176282051282 0.8850453947368422 0.018409023668639033 0.03673223684210532
0 0.5259604289940829 0.8849906249999999 0.018902120315581833 0.03662269736842108
0 0.5447802021696252 0.8851549342105263 0.018902120315581833 0.036293421052631544
0 0.5672159763313609 0.8848809210526316 0.02005276134122295 0.03618421052631579
0 0.5859536489151874 0.8850452302631578 0.02005276134122295 0.03607401315789473
0 0.6049378698224852 0.884825822368421 0.02005276134122295 0.03607401315789473
0 0.6236344921104536 0.8848809210526316 0.020627958579881638 0.03618421052631579
0 0.6422899408284024 0.8849902960526316 0.020956607495069033 0.035964144736842146
0 0.6612331114398423 0.8847164473684211 0.02136760355029584 0.03607434210526321
0 0.6801349852071006 0.8847162828947369 0.02186070019723864 0.036074671052631554
0 0.7024887820512821 0.8844419407894738 0.022353796844181553 0.03640296052631578
0 0.7211852810650888 0.8841677631578949 0.02309344181459564 0.03585460526315791
0 0.744196375739645 0.8838388157894739 0.02309344181459564 0.03585460526315791
0 0.7627697238658775 0.8836194078947369 0.023750986193293848 0.03585460526315791
0 0.781137573964497 0.8832904605263159 0.024490631163708046 0.03585460526315791
0 0.7995465976331361 0.8828519736842106 0.024490631163708157 0.03585460526315791
0 0.8358308678500987 0.8816023026315789 0.024963017751479293 0.036403289473684264
0 0.8535823471400394 0.8810539473684209 0.024963017751479293 0.036403289473684264
0 0.8750320512820513 0.8797379934210525 0.02545611439842209 0.035525986842105194
0 0.8922495069033529 0.8786416118421052 0.02520956607495069 0.035525986842105346
0 0.9130007396449703 0.877325822368421 0.02545611439842209 0.036183881578947454
0 0.9300947978303747 0.8762842105263158 0.025620562130177493 0.0354164473684211
0 0.9473531804733728 0.8748588815789474 0.025620562130177493 0.0354164473684211
0 0.9638717948717949 0.8737075657894736 0.0262781065088757 0.035745394736842157
0 0.9803494822485206 0.8721177631578947 0.026689102564102504 0.03563552631578944
0 0.7054885355029585 0.8151715460526314 0.02284689349112424 0.03755493421052629
0 0.32885539940828407 0.8154171052631578 0.021614151873767293 0.03782894736842105
0 0.34833271696252466 0.815526644736842 0.021614151873767293 0.03782894736842105
0 0.3671935404339251 0.8154717105263158 0.021203155818540435 0.038157894736842106
0 0.38634233234714005 0.815471875 0.020874506903353036 0.038377302631578916
0 0.4054087771203156 0.8152524671052632 0.02021696252465483 0.038377302631578916
0 0.42455744575936893 0.8150881578947368 0.019723865877712028 0.03826776315789468
0 0.44362389053254436 0.814923355263158 0.019395216962524633 0.03837697368421043
0 0.4663884368836292 0.8147588815789474 0.01890212031558189 0.03870592105263149
0 0.485413708086785 0.8148136513157895 0.01849112426035503 0.03881546052631572
0 0.5084248027613413 0.8149231907894736 0.018491124260354975 0.03881546052631572
0 0.5273682199211045 0.8148134868421053 0.018901627218935017 0.038596052631578906
0 0.5464346646942801 0.8148136513157895 0.0192302761341223 0.03881546052631572
0 0.5656243836291913 0.8148684210526317 0.019641272189349104 0.03892499999999996
0 0.5846908284023669 0.8149231907894736 0.0199699211045365 0.03881546052631572
0 0.6037160996055227 0.8153616776315789 0.020380917159763305 0.03881546052631587
0 0.622905818540434 0.8155809210526316 0.020791913214990108 0.03859605263157906
0 0.6450539940828401 0.8153616776315789 0.021202662721893504 0.03815756578947377
0 0.6641614891518738 0.815416447368421 0.021449211045364902 0.038267105263158005
0 0.6864739891518737 0.8153618421052632 0.021860207100591705 0.03793881578947378
0 0.7244726331360947 0.8150616776315789 0.023011341222879754 0.03821217105263157
0 0.7434979043392504 0.8148970394736842 0.023422337278106557 0.038321710526315805
0 0.7623178007889547 0.8147327302631578 0.02375098619329396 0.03821217105263157
0 0.7813018984220907 0.8142940789473685 0.02440853057199205 0.03799276315789475
0 0.799751849112426 0.8139649671052631 0.02416198224852065 0.03821217105263157
0 0.8220644723865878 0.8133069078947369 0.02490162721893485 0.03799276315789475
0 0.8403911489151875 0.8129779605263159 0.02490162721893485 0.03799276315789475
0 0.8623751232741618 0.8124845394736843 0.02613436883629185 0.0376638157894737
0 0.8807430966469428 0.8117717105263158 0.02621646942800785 0.037334868421052644
0 0.898741124260355 0.8113332236842107 0.02621646942800785 0.037334868421052644
0 0.9162871055226824 0.8102916118421053 0.026298570019723848 0.037883223684210515
0 0.9338742603550295 0.8093595394736843 0.02695611439842205 0.037334868421052644
0 0.9509271449704142 0.8083725328947368 0.027038214990138046 0.03755427631578946
0 0.9679389792899408 0.8074952302631578 0.027038214990138046 0.03755427631578946
0 0.6859397189349111 0.7418692434210528 0.021860207100591705 0.04029572368421061
0 0.2660055473372781 0.7424245065789474 0.02284689349112424 0.039912171052631604
0 0.28535959072978306 0.742588980263158 0.02284689349112424 0.039912171052631604
0 0.30467258382643 0.7421501644736842 0.022682445759368838 0.04035098684210524
0 0.32414990138067057 0.7421501644736842 0.022189349112426034 0.04035098684210524
0 0.34675012327416166 0.7418761513157895 0.02153180473372783 0.040241776315789485
0 0.3660631163708086 0.7412731907894737 0.021203155818540435 0.04057072368421054
0 0.38936193293885596 0.741328125 0.020463510848126233 0.04089967105263159
0 0.4087571499013807 0.7410541118421053 0.020463510848126233 0.04122861842105264
0 0.4280700197238658 0.7406702302631578 0.01947731755424063 0.04089967105263159
0 0.44713634122287965 0.7403412828947368 0.01947731755424063 0.04089967105263159
0 0.4665726084812623 0.7402863486842105 0.019066321499013827 0.04057072368421054
0 0.4856390532544378 0.7401766447368422 0.01873767258382643 0.04100921052631583
0 0.504951923076923 0.7401766447368422 0.01873767258382643 0.04100921052631583
0 0.5277576429980276 0.7400118421052633 0.01898422090729783 0.04067960526315795
0 0.5469063116370808 0.7400118421052633 0.01898422090729783 0.04067960526315795
0 0.5699175295857989 0.7403407894736843 0.01980596646942803 0.04067960526315795
0 0.5893948471400395 0.7406697368421054 0.01980596646942803 0.04067960526315795
0 0.608543392504931 0.7408891447368421 0.020463510848126233 0.04067960526315795
0 0.6279386094674557 0.7411083881578947 0.020956607495069033 0.04046019736842114
0 0.6473338264299802 0.7414373355263156 0.020956607495069033 0.04046019736842114
0 0.6666468195266272 0.7416565789473684 0.02177835305719912 0.04024078947368432
0 0.7090120808678502 0.7418217105263157 0.022682445759368838 0.04013223684210525
0 0.7284484714003945 0.7418212171052632 0.023422090729783036 0.04013124999999994
0 0.7516240138067063 0.7413276315789473 0.02440828402366864 0.04024078947368432
0 0.7708546597633136 0.741382894736842 0.02457273175542404 0.04013223684210525
0 0.7898390039447732 0.7411634868421052 0.02440828402366864 0.04013223684210525
0 0.8090285996055226 0.7408345394736842 0.02564102564102564 0.04013223684210525
0 0.8276841715976331 0.7406700657894737 0.02564102564102564 0.039803289473684195
0 0.8465862919132149 0.7402315789473685 0.02564102564102564 0.039803289473684195
0 0.865159516765286 0.7396286184210527 0.02564102564102564 0.040132236842105394
0 0.8874721400394479 0.7390254934210526 0.02638067061143984 0.040241776315789485
0 0.9053467702169625 0.738257730263158 0.026298570019723848 0.040241776315789485
0 0.9276593934911243 0.7371611842105263 0.026545118343195246 0.039803289473684195
0 0.9454108727810652 0.7366128289473686 0.026545118343195246 0.039803289473684195
0 0.9629159270216961 0.7357355263157896 0.027202662721893447 0.039803289473684195
0 0.9797221400394476 0.7349129934210527 0.02646301775147936 0.039254934210526324
0 0.6269114891518737 0.6656699013157895 0.020874260355029515 0.04221414473684215
0 0.20162290433925045 0.6683789473684212 0.02449038461538461 0.04199539473684209
0 0.22126466962524652 0.6681595394736843 0.02449038461538461 0.04199539473684209
0 0.24094748520710058 0.6684884868421054 0.024079388560157775 0.04199539473684209
0 0.2607534516765286 0.6679950657894737 0.024079388560157806 0.04232434210526314
0 0.2804773175542406 0.6679402960526316 0.02407938856015783 0.0422148026315789
0 0.30024223372781067 0.6677208881578948 0.02317529585798817 0.04221480263157898
0 0.3200483234714004 0.6674467105263158 0.022517751479289912 0.04210526315789474
0 0.3437169625246549 0.6669531249999999 0.021860453648915226 0.04221480263157898
0 0.36327638067061147 0.6668435855263157 0.02186045364891517 0.04221480263157898
0 0.3866162475345168 0.6663503289473685 0.020709812623274166 0.04210526315789474
0 0.4062168392504931 0.6659118421052631 0.020463264299802768 0.04210526315789466
0 0.42581730769230763 0.6656924342105264 0.019888067061144026 0.04210526315789474
0 0.44513030078895455 0.6653634868421053 0.019559418145956627 0.04210526315789474
0 0.4645255177514793 0.6650345394736843 0.019559418145956572 0.04210526315789474
0 0.48400295857988174 0.6649248355263159 0.019230769230769232 0.04188585526315792
0 0.5028639053254438 0.6649248355263159 0.019148422090729825 0.04188585526315792
0 0.5263680966469428 0.6649248355263159 0.019148422090729825 0.04188585526315792
0 0.5455167652859961 0.6650889802631579 0.019148422090729825 0.041995065789473665
0 0.568527983234714 0.6651985197368421 0.01980596646942803 0.041995065789473665
0 0.5877587524654833 0.6651988486842105 0.01980596646942803 0.0419957236842105
0 0.6074003944773175 0.6654179276315789 0.020627712031558224 0.041995065789473665
0 0.6464709072978304 0.6662182565789473 0.020874260355029515 0.04221414473684215
0 0.6661535996055226 0.6664376644736841 0.02210700197238663 0.042214144736842076
0 0.6857952416173568 0.6666569078947367 0.022435650887574026 0.041775657894736855
0 0.7094228303747534 0.6667671052631577 0.023010848126232712 0.04199605263157898
0 0.7289823717948718 0.6668213815789473 0.02383259368836291 0.042104605263157915
0 0.7526098372781066 0.6667121710526316 0.024572238658777112 0.041667105263157936
0 0.7719228303747534 0.666821875 0.024900887573964508 0.042105592105263226
0 0.7913180473372782 0.6667123355263158 0.024900887573964508 0.04210559210526315
0 0.810548939842209 0.6666026315789474 0.025229536489151907 0.04188618421052633
0 0.8299029832347139 0.6663832236842104 0.02596918145956611 0.04188618421052641
0 0.8488461538461538 0.6660537828947368 0.02654437869822479 0.04166611842105262
0 0.8677071005917159 0.6656702302631581 0.026297830374753393 0.0419963815789474
0 0.8900608974358973 0.6656703947368422 0.026462031558185387 0.042215789473684213
0 0.9081821992110454 0.6652317434210526 0.02670857988165679 0.0419963815789474
0 0.9299195019723866 0.6648480263157895 0.02711957593688359 0.04144802631578954
0 0.9482461785009861 0.6638611842105264 0.02711957593688359 0.04144802631578954
0 0.9658332100591717 0.6635322368421053 0.027119575936883702 0.04144802631578954
0 0.983256040433925 0.6628743421052632 0.02711957593688359 0.04144802631578954
0 0.5861664201183433 0.5883756578947368 0.020689349112426075 0.04328355263157891
0 0.13400024654832346 0.5924881578947369 0.02638067061143984 0.044407894736842105
0 0.15401171104536487 0.5925429276315789 0.026462771203155815 0.04429835526315787
0 0.17406434911242605 0.5923786184210527 0.02580522682445758 0.04418881578947371
0 0.19411686390532548 0.5921592105263157 0.02580522682445761 0.04418881578947363
0 0.21412832840236687 0.5921044407894738 0.025394230769230773 0.04429835526315787
0 0.2343452909270217 0.5919949013157895 0.025394230769230773 0.044298355263157944
0 0.25460330374753454 0.5918302631578947 0.024490138067061143 0.04418881578947363
0 0.27847744082840237 0.5913916118421053 0.02358604536489151 0.04440822368421052
0 0.2988588510848126 0.5910626644736843 0.02358604536489151 0.04440822368421052
0 0.3235959072978304 0.5907335526315789 0.02292850098619325 0.04418881578947371
0 0.34389509368836296 0.5903498355263158 0.022599852071005906 0.044298355263157944
0 0.3637010601577909 0.5898565789473683 0.021613658777120306 0.04418881578947363
0 0.38367135108481265 0.5894180921052632 0.021449211045364902 0.04418881578947371
0 0.40347744082840237 0.5893083881578948 0.020627465483234703 0.04375032894736841
0 0.42311920611439835 0.5891988486842106 0.020627465483234703 0.04375032894736841
0 0.4427609714003945 0.5887052631578948 0.019641272189349104 0.04364078947368425
0 0.46544341715976334 0.5883215460526315 0.0191481755424063 0.043531250000000014
0 0.4848383875739645 0.5881569078947368 0.01898397435897431 0.04342171052631578
0 0.5084248027613412 0.588540625 0.018819526627218905 0.04331217105263162
0 0.5276967455621302 0.5883212171052631 0.019066074950690307 0.043312171052631535
0 0.5471330128205127 0.5879921052631579 0.019641272189349104 0.04353157894736843
0 0.5664869329388561 0.588046875 0.020052268244575906 0.043641118421052665
0 0.6056847879684418 0.5884853618421052 0.021264546351084875 0.0437220394736842
0 0.6253265532544379 0.5884853618421052 0.021264546351084875 0.0437220394736842
0 0.6484199950690335 0.5887595394736841 0.022250739644970367 0.04361249999999996
0 0.6682670118343196 0.5889238486842105 0.02266173570019728 0.0437220394736842
0 0.6925930719921105 0.5890333881578947 0.022990384615384676 0.0437220394736842
0 0.7124813856015779 0.5891574013157894 0.02348348126232748 0.04353124999999994
0 0.7324516765285997 0.5893623355263158 0.02414102564102568 0.0437220394736842
0 0.752339990138067 0.5892527960526316 0.02414102564102568 0.0437220394736842
0 0.7720226824457594 0.5891432565789473 0.024387573964497086 0.0437220394736842
0 0.7917053747534516 0.5889789473684212 0.025620315581853972 0.04427039473684214
0 0.8112647928994083 0.5889930921052631 0.025620315581853972 0.04407960526315788
0 0.8341115631163709 0.5888284539473684 0.02594896449704137 0.04353124999999994
0 0.853301282051282 0.5886090460526315 0.026524161735700165 0.043531250000000014
0 0.8765590483234715 0.5884993421052631 0.026852810650887567 0.0439697368421053
0 0.8952555473372782 0.5884993421052631 0.02726356015779096 0.0439697368421053
0 0.9140342702169626 0.5880465460526316 0.026852564102564154 0.0435029605263158
0 0.9325253944773176 0.5879370065789473 0.026852564102564154 0.0435029605263158
0 0.9507289201183433 0.5876493421052631 0.02677046351084816 0.043476315789473724
0 0.9688090483234715 0.587320394736842 0.02677046351084816 0.043476315789473724
0 0.9866147682445761 0.5867720394736842 0.02677046351084816 0.043476315789473724
0 0.019953032544378697 0.10909934210526315 0.039906065088757395 0.030592105263157896
0 0.020014669625246548 0.13777253289473684 0.040029339250493096 0.030482565789473674
0 0.02022004437869823 0.1669939144736842 0.04044008875739646 0.030811513157894745
0 0.020795364891518738 0.19665394736842104 0.041590729783037475 0.030921052631578946
0 0.9913693293885601 0.3532014802631579 0.017261341222879725 0.048574671052631586
0 0.9897257149901381 0.43297121710526315 0.02054857001972382 0.04692993421052637
0 0.9908762327416173 0.5104384868421052 0.018247534516765328 0.045504605263157916
0 0.004751849112426035 0.6694722039473684 0.00950369822485207 0.03662269736842108
0 0.008593811637080867 0.7411828947368421 0.017187623274161734 0.03881578947368421
0 0.004731262327416174 0.8110292763157895 0.009462524654832348 0.034210526315789476
0 0.0077308925049309665 0.8779700657894736 0.015461785009861933 0.03530723684210521
0 0.004710675542406312 0.9433758223684211 0.009421351084812624 0.03081151315789471
0 0.004885355029585799 0.9964411184210527 0.009770710059171598 0.00711776315789471
0 0.01698224852071006 0.9966878289473684 0.01861439842209073 0.006624342105263132
0 0.03334689349112426 0.9971401315789473 0.018059664694280077 0.005719736842105237
0 0.05005054240631164 0.997839144736842 0.017566568047337278 0.004321710526315763
0 0.06681582840236687 0.9985381578947368 0.017443293885601577 0.0029236842105262893
0 0.08320106015779093 0.9991001644736842 0.015943540433925055 0.0017996710526315802
0 0.8497608481262328 0.9989356907894738 0.01668293885601582 0.002128618421052633
0 0.870275641025641 0.9981202302631579 0.01725838264299803 0.003759539473684239
0 0.8869022435897436 0.9975240131578946 0.017227564102564104 0.0049519736842105555
0 0.906965113412229 0.9966194078947368 0.018152120315581853 0.0067611842105263446
0 0.9233759861932938 0.9956736842105263 0.01910749506903353 0.008652631578947396
0 0.9396173570019724 0.9949746710526315 0.01886094674556213 0.01005065789473687
0 0.9558587278106508 0.9940083881578947 0.019847140039447733 0.011983223684210556
0 0.9719614151873768 0.9933504934210526 0.02006286982248521 0.013299013157894767
0 0.9879716469428007 0.9925281249999999 0.021079881656804737 0.01494375000000003
0 0.9967594921104536 0.9924458881578946 0.006481015779092655 0.015108223684210555
0 0.9915357495069034 0.9357003289473684 0.016928500986193248 0.03297697368421053
0 0.9918180473372782 0.8711197368421053 0.016363905325443746 0.03453947368421052
0 0.9873854783037476 0.8060421052631579 0.025229043392504976 0.0375
0 0.9956858974358974 0.8086189144736842 0.008628205128205151 0.029714802631578975
0 0.9918127465483235 0.7340911184210527 0.01637450690335305 0.03947368421052632
0 0.9933574950690336 0.6622934210526316 0.013285009861932944 0.04078947368421045
0 0.9967954881656806 0.5942973684210527 0.006409023668639027 0.02763157894736842
