0 0.9055061637080868 0.2990069078947369 0.027366863905325445 0.034868421052631576
0 0.929667899408284 0.29966480263157896 0.027366863905325445 0.034868421052631576
0 0.8823306213017752 0.3003226973684211 0.027366863905325445 0.034868421052631576
0 0.9020544871794871 0.33288848684210526 0.027366863905325445 0.034868421052631576
0 0.8781392998027613 0.33354638157894734 0.027366863905325445 0.034868421052631576
0 0.9254765779092703 0.33124375 0.027366863905325445 0.034868421052631576
0 0.9554321992110454 0.26561875 0.026627218934911243 0.03388157894736842
0 0.9485288461538463 0.3317371710526316 0.026627218934911243 0.03388157894736842
0 0.9524736193293886 0.29884243421052636 0.026627218934911243 0.03388157894736842
0 0.9332428500986194 0.26594769736842105 0.026627218934911243 0.03388157894736842
0 0.9085880177514795 0.26561875 0.026627218934911243 0.03388157894736842
0 0.8849193786982249 0.26594769736842105 0.026627218934911243 0.03388157894736842
0 0.9714578402366865 0.3310792763157895 0.026627218934911243 0.03388157894736842
0 0.9751560650887575 0.2985134868421053 0.026627218934911243 0.03388157894736842
0 0.9783611932938856 0.26594769736842105 0.026627218934911243 0.03388157894736842
0 0.8982329881656804 0.36479638157894734 0.027613412228796843 0.031578947368421054
0 0.8745643491124261 0.3654542763157895 0.027613412228796843 0.031578947368421054
0 0.9216550788954636 0.3644674342105263 0.027613412228796843 0.031578947368421054
0 0.9445840729783037 0.3638095394736842 0.027613412228796843 0.031578947368421054
0 0.967513067061144 0.3636450657894737 0.026627218934911243 0.03256578947368421
0 0.8921232741617356 0.13245164473684212 0.02564102564102564 0.033223684210526315
0 0.9146824457593689 0.1329450657894737 0.02564102564102564 0.033223684210526315
0 0.8689477317554241 0.13261611842105264 0.02564102564102564 0.033223684210526315
0 0.9373648915187377 0.13261611842105264 0.02564102564102564 0.033223684210526315
0 0.8457721893491125 0.13261611842105264 0.02564102564102564 0.033223684210526315
0 0.8948353057199211 0.0985700657894737 0.02564102564102564 0.03322368421052633
0 0.8716597633136095 0.09758322368421053 0.02564102564102564 0.03322368421052633
0 0.8482376725838265 0.09774769736842105 0.02564102564102564 0.03322368421052633
0 0.91751775147929 0.09824111842105264 0.02564102564102564 0.03322368421052633
0 0.8890414201183432 0.16534638157894738 0.02564102564102564 0.033223684210526315
0 0.866112426035503 0.1655108552631579 0.02564102564102564 0.033223684210526315
0 0.843060157790927 0.16616875 0.02564102564102564 0.033223684210526315
0 0.9119704142011835 0.16567532894736842 0.02564102564102564 0.033223684210526315
0 0.9345295857988165 0.16518190789473686 0.02564102564102564 0.033223684210526315
0 0.8973007889546352 0.06435953947368421 0.02440828402366864 0.03355263157894737
0 0.8738786982248522 0.06468848684210526 0.02440828402366864 0.03355263157894737
0 0.8499635108481264 0.06403059210526316 0.02440828402366864 0.03355263157894737
0 0.9202297830374755 0.06534638157894737 0.02440828402366864 0.03355263157894737
0 0.9425424063116371 0.06616875 0.02440828402366864 0.03355263157894737
0 0.9399536489151875 0.09955690789473684 0.02440828402366864 0.03355263157894738
0 0.962327909270217 0.09988585526315791 0.024285009861932938 0.03421052631578948
0 0.9647933925049311 0.06748453947368421 0.024285009861932938 0.03421052631578948
0 0.9840241617357003 0.10103717105263157 0.024285009861932938 0.03421052631578948
0 0.9867361932938856 0.06764901315789475 0.024285009861932938 0.03421052631578948
0 0.9594926035502959 0.13261611842105264 0.024285009861932938 0.034210526315789476
0 0.9809423076923077 0.13376743421052634 0.024531558185404336 0.03355263157894737
0 0.9562874753451678 0.16575756578947368 0.024285009861932938 0.03273026315789474
0 0.9776139053254439 0.16657993421052633 0.024285009861932938 0.03273026315789474
0 0.9980998520710058 0.06845 0.003800295857988218 0.032894736842105275
0 0.9965383382642998 0.10101562500000003 0.006923323471400427 0.03267532894736843
0 0.9949769477317555 0.13445855263157896 0.010046104536489114 0.03289473684210526
0 0.9934154339250493 0.16625690789473685 0.013169132149901433 0.03245592105263158
0 0.9941344921104537 0.26562631578947365 0.011731015779092736 0.03338815789473684
0 0.9921621055226825 0.29868552631578943 0.01567578895463514 0.03338815789473684
0 0.9901280818540434 0.3310046052631579 0.019743836291913248 0.03256578947368417
0 0.9884022435897436 0.3626657894736842 0.023195512820512854 0.032072368421052634
0 0.9991270956607495 0.3709169407894736 0.0017458086785010186 0.01458322368421048
