0 0.295340483234714 0.8312868421052632 0.04684418145956607 0.044407894736842105
0 0.33719206114398426 0.8140993421052631 0.04598126232741617 0.043914473684210524
0 0.3781807199211045 0.7963361842105263 0.045118343195266274 0.043914473684210524
0 0.3011343688362919 0.8594118421052632 0.04684418145956607 0.044407894736842105
0 0.34310922090729784 0.841895394736842 0.04598126232741617 0.043914473684210524
0 0.3839746055226824 0.8239677631578947 0.045118343195266274 0.043914473684210524
0 0.30705152859960555 0.8873723684210527 0.04684418145956607 0.044407894736842105
0 0.34828673570019725 0.869691447368421 0.04598126232741617 0.043914473684210524
0 0.3896452169625247 0.851599342105263 0.045118343195266274 0.043914473684210524
0 0.3129686883629192 0.914675 0.04684418145956607 0.044407894736842105
0 0.3543271696252465 0.8968296052631578 0.04598126232741617 0.043914473684210524
0 0.39519255424063116 0.8790664473684209 0.045118343195266274 0.043914473684210524
0 0.31913239644970415 0.9423065789473685 0.04610453648915187 0.04375
0 0.3606141518737673 0.9244611842105263 0.04598126232741617 0.04424342105263158
0 0.3251728303747535 0.9696092105263159 0.04610453648915187 0.04375
0 0.36653131163708086 0.9514348684210526 0.045241617357001974 0.04358552631578948
0 0.40745833333333337 0.9330138157894736 0.045241617357001974 0.04358552631578948
0 0.3723251972386588 0.9782072368421052 0.045241617357001974 0.04358552631578948
0 0.4134371301775148 0.959658552631579 0.04487179487179487 0.04358552631578948
0 0.6337559171597634 0.8477338815789472 0.02440828402366864 0.05065789473684211
0 0.6552056213017752 0.848885197368421 0.02440828402366864 0.05065789473684211
0 0.6769018737672584 0.8502009868421052 0.02440828402366864 0.05065789473684211
0 0.697611932938856 0.8515167763157894 0.02440828402366864 0.05065789473684211
0 0.7190616370808679 0.8528325657894735 0.02440828402366864 0.05065789473684211
0 0.740388067061144 0.8538194078947368 0.02440828402366864 0.05065789473684211
0 0.761344674556213 0.8551351973684209 0.02440828402366864 0.05065789473684211
0 0.7824861932938857 0.8563687499999999 0.02551775147928994 0.05082236842105263
0 0.803257889546351 0.8571088815789474 0.02514792899408284 0.05
0 0.6304891518737672 0.8987207236842104 0.024285009861932938 0.05065789473684211
0 0.6513224852071006 0.9000365131578947 0.023791913214990138 0.05065789473684211
0 0.6727721893491124 0.9013523026315788 0.023791913214990138 0.05065789473684211
0 0.6939753451676528 0.902668092105263 0.023791913214990138 0.05065789473684211
0 0.7148703155818541 0.9036549342105263 0.024901380670611442 0.05065789473684211
0 0.7360734714003946 0.9043128289473684 0.024901380670611442 0.05065789473684211
0 0.7566602564102565 0.9055463815789473 0.02564102564102564 0.05016447368421052
0 0.7774319526627219 0.90636875 0.02527120315581854 0.049177631578947376
0 0.7976489151873767 0.9071911184210527 0.02477810650887574 0.048848684210526315
0 0.6271607495069034 0.9484740131578947 0.02403846153846154 0.048848684210526315
0 0.6479940828402367 0.9499542763157895 0.02403846153846154 0.048848684210526315
0 0.66882741617357 0.9511055921052631 0.02403846153846154 0.048848684210526315
0 0.6895991124260357 0.9522569078947368 0.02440828402366864 0.048848684210526315
0 0.7315739644970415 0.9545595394736843 0.02527120315581854 0.049177631578947376
0 0.7517292899408284 0.9549707236842105 0.02440828402366864 0.04802631578947369
0 0.7722544378698225 0.9559575657894737 0.02527120315581854 0.04736842105263158
0 0.7921015779092702 0.95636875 0.02477810650887574 0.047203947368421054
0 0.41904610453648916 0.9821730263157894 0.044008875739644966 0.03565394736842103
0 0.4324829881656805 0.9953309210526314 0.02231262327416174 0.009338157894736816
0 0.37805744575936884 0.9913013157894736 0.043885601577909265 0.017397368421052606
0 0.33108999013806706 0.9874361842105264 0.04561143984220907 0.025127631578947342
