0 0.021539817554240632 0.6631065789473685 0.04216000986193294 0.05493486842105254
0 0.042003574950690334 0.6545539473684211 0.04216000986193294 0.05493486842105254
0 0.06320697731755423 0.6456723684210528 0.04216000986193294 0.05493486842105262
0 0.08416383136094675 0.6371197368421053 0.04216000986193295 0.05493486842105262
0 0.10561378205128205 0.6275802631578948 0.04314620315581853 0.05559276315789473
0 0.12731028106508877 0.6183697368421053 0.04314620315581853 0.05559276315789473
0 0.14962315088757394 0.6091592105263158 0.04191346153846154 0.05625065789473683
0 0.17156619822485208 0.5999486842105264 0.04240655818540436 0.056908552631578936
0 0.194002342209073 0.5910671052631579 0.042406558185404335 0.056908552631578936
0 0.2160686637080868 0.5815276315789474 0.04166691321499014 0.058224342105263144
0 0.2382582593688363 0.5714947368421053 0.04117381656804734 0.05723749999999998
0 0.28362339743589743 0.5530733552631578 0.040187623274161734 0.0585532894736842
0 0.26118749999999996 0.5619552631578948 0.04117381656804734 0.05723749999999998
0 0.30667591222879687 0.5432049342105263 0.03895488165680473 0.05789539473684209
0 0.3293586045364891 0.5339944078947367 0.03895488165680473 0.05789539473684209
0 0.35241111932938857 0.5241259868421052 0.03821523668639058 0.05789539473684209
0 0.37460071499013814 0.5145865131578946 0.037722140039447724 0.0585532894736842
0 0.39691358481262334 0.5053759868421053 0.03648939842209072 0.0585532894736842
0 0.4184868096646943 0.4960009868421053 0.035749753451676525 0.05888223684210525
0 0.44042985700197235 0.48711940789473684 0.03427046351084812 0.05954013157894736
0 0.0396612426035503 0.5971519736842105 0.04339299802761342 0.05921118421052639
0 0.0616042899408284 0.5872835526315789 0.043392998027613414 0.05789539473684217
0 0.0830542406311637 0.5782375 0.04437919132149902 0.05822434210526322
0 0.10598348126232741 0.5690269736842105 0.04437919132149902 0.05822434210526322
0 0.12817307692307695 0.5591585526315789 0.044379191321499 0.05822434210526322
0 0.15060922090729784 0.5497835526315789 0.0433929980276134 0.05986907894736849
0 0.17316863905325444 0.5405730263157894 0.04265335305719923 0.05986907894736849
0 0.19585133136094673 0.5305401315789473 0.04265335305719923 0.06085592105263164
0 0.21927366863905326 0.5210006578947367 0.0426533530571992 0.06085592105263164
0 0.24244945759368838 0.5108032894736841 0.041667159763313595 0.06151381578947375
0 0.26550197238658774 0.5015927631578947 0.041913708086785 0.06151381578947375
0 0.28892430966469423 0.49188881578947363 0.041913708086785 0.0611848684210527
0 0.3123466469428008 0.48218486842105257 0.0404344181459566 0.06085592105263164
0 0.33527588757396454 0.47198749999999995 0.040434418145956656 0.06085592105263164
0 0.3589447731755424 0.4631059210526315 0.03944822485207105 0.06085592105263164
0 0.38125764299802767 0.453566447368421 0.03772238658777119 0.06085592105263164
0 0.40431015779092705 0.4436980263157894 0.03698274161735699 0.06085592105263164
0 0.4269928500986193 0.43432302631578945 0.035010355029585785 0.0618427631578948
0 0.022014176528599605 0.46089177631578954 0.04166691321499014 0.06085592105263164
0 0.04223138560157791 0.451352302631579 0.04166691321499014 0.06085592105263164
0 0.06368133629191321 0.44148388157894736 0.04166691321499014 0.06085592105263164
0 0.08562438362919132 0.4319444078947368 0.04166691321499015 0.06085592105263164
0 0.10756743096646942 0.42207598684210523 0.042653106508875736 0.06085592105263164
0 0.12877083333333333 0.4122075657894736 0.042653106508875736 0.06151381578947375
0 0.15170007396449703 0.40283256578947374 0.04216000986193296 0.06250065789473691
0 0.17339657297830377 0.3939509868421052 0.04216000986193294 0.0618427631578948
0 0.19607926528599606 0.3844115131578947 0.04216000986193294 0.0618427631578948
0 0.21802231262327415 0.37520098684210523 0.04216000986193294 0.0618427631578948
0 0.24095155325443784 0.36500361842105267 0.04216000986193294 0.061842763157894755
0 0.26252477810650887 0.3561220394736842 0.04092726824457593 0.061842763157894755
0 0.28594711538461537 0.3467470394736842 0.04092726824457593 0.06414539473684212
0 0.3077668885601578 0.3375365131578948 0.04018762327416178 0.06414539473684212
0 0.33094267751479295 0.32799703947368425 0.040187623274161734 0.06414539473684212
0 0.35325554733727815 0.3194444078947368 0.03846178500986193 0.06546118421052634
0 0.3753216222879685 0.31006907894736846 0.037722140039447724 0.06579013157894739
0 0.3973879437869823 0.3005296052631579 0.035996301775147926 0.06513223684210524
0 0.020930719921104537 0.39789769736842107 0.041861439842209074 0.06381644736842104
0 0.04164102564102565 0.3883582236842105 0.041861439842209074 0.06381644736842104
0 0.06284442800788954 0.37848980263157894 0.04186143984220907 0.06381644736842104
0 0.08454092702169626 0.36829243421052626 0.04186143984220909 0.06381644736842104
0 0.10759344181459568 0.3584240131578947 0.04309418145956607 0.06381644736842104
0 0.13027613412228797 0.347897697368421 0.04309418145956607 0.06513223684210524
0 0.15271227810650886 0.33802927631578944 0.04309418145956609 0.06513223684210524
0 0.1753949704142012 0.3283253289473684 0.04309418145956609 0.0661190789473684
0 0.19832421104536488 0.31878585526315784 0.04309418145956607 0.0661190789473684
0 0.2213767258382643 0.3095753289473684 0.04136834319526626 0.0661190789473684
0 0.24430596646942798 0.2990490131578947 0.04136834319526626 0.06611907894736845
0 0.26723520710059173 0.28934506578947367 0.040382149901380664 0.06710592105263159
0 0.2904109960552268 0.2798055921052631 0.040382149901380664 0.06710592105263159
0 0.31358678500986187 0.26993717105263154 0.04038214990138071 0.06710592105263159
0 0.33684467455621303 0.2607266447368421 0.039395956607495064 0.06710592105263159
0 0.3596506410256409 0.25118717105263155 0.03865631163708086 0.06710592105263159
0 0.38245660749506905 0.2423055921052631 0.03742357001972386 0.06842171052631581
0 0.025743343195266277 0.2575575657894737 0.040680966469428016 0.0654611842105263
0 0.04645364891518737 0.2476891447368421 0.040680966469427995 0.0654611842105263
0 0.06691740631163709 0.23716282894736843 0.040680966469428016 0.0654611842105263
0 0.08861390532544379 0.22729440789473682 0.040680966469428016 0.0654611842105263
0 0.11055695266272189 0.21726151315789474 0.0411740631163708 0.06644802631578946
0 0.1320069033530572 0.20722861842105264 0.04068096646942802 0.0661190789473684
0 0.1541964990138067 0.19736019736842106 0.04068096646942802 0.06611907894736843
0 0.17613954635108484 0.1881496710526316 0.040680966469427995 0.06743486842105263
0 0.19808259368836295 0.17861019736842107 0.040680966469427995 0.06743486842105263
0 0.22051873767258384 0.16907072368421056 0.040680966469427995 0.06743486842105263
0 0.2424617850098619 0.1593667763157895 0.03920167652859959 0.06776381578947369
0 0.26514447731755425 0.14916940789473684 0.03920167652859959 0.06710592105263159
0 0.2878271696252465 0.14061677631578948 0.039201676528599655 0.0690796052631579
0 0.30964694280078897 0.13107730263157896 0.03846203155818544 0.0690796052631579
0 0.33183653846153854 0.12186677631578947 0.038462031558185394 0.0690796052631579
0 0.3546425049309665 0.11265624999999999 0.03722928994082839 0.07039539473684212
0 0.02549679487179488 0.1904516447368421 0.040680966469428016 0.06546118421052634
0 0.04670019723865877 0.1799253289473684 0.040680966469427995 0.06546118421052634
0 0.06827342209072979 0.1698924342105263 0.04191370808678501 0.06710592105263159
0 0.08996992110453648 0.15887269736842105 0.04191370808678501 0.06677697368421055
0 0.11178969428007889 0.14851085526315788 0.040680966469427995 0.0677638157894737
0 0.13397928994082842 0.13831348684210526 0.04068096646942802 0.0677638157894737
0 0.1561688856015779 0.1286095394736842 0.04018786982248523 0.07006644736842106
0 0.17860502958579882 0.11808322368421052 0.0401878698224852 0.07006644736842105
0 0.20153427021696255 0.10854375 0.0401878698224852 0.07006644736842105
0 0.22471005917159764 0.0978529605263158 0.03920167652859959 0.0703953947368421
0 0.24665310650887573 0.08864243421052631 0.03920167652859959 0.0703953947368421
0 0.2695823471400394 0.0791029605263158 0.03920167652859959 0.0703953947368421
0 0.2925115877712031 0.06857664473684211 0.039201676528599655 0.07039539473684212
0 0.31544082840236687 0.05936611842105263 0.037722386587771245 0.07039539473684212
0 0.3378769723865878 0.04916875 0.03772238658777119 0.0703953947368421
0 0.030571375739644968 0.062027302631578955 0.039201429980276134 0.06644802631578949
0 0.05152822978303748 0.05117203947368421 0.03920142998027614 0.06776381578947369
0 0.07211526134122288 0.04130361842105263 0.038461785009861936 0.06710592105263158
0 0.010215236686390534 0.618204769736842 0.020430473372781068 0.05065822368421052
0 0.011571252465483236 0.6710013157894736 0.023142504930966472 0.056250657894736746
0 0.020323717948717953 0.6060335526315789 0.040647435897435906 0.05789539473684217
0 0.01119206114398422 0.46944440789473685 0.02238412228796844 0.06151381578947375
0 0.01045241617357002 0.40875296052631577 0.02090483234714004 0.06184276315789472
0 0.0028247041420118345 0.29275542763157897 0.005649408284023669 0.02072401315789473
0 0.013179857001972385 0.2677552631578947 0.02635971400394477 0.0641453947368421
0 0.0023245808678500988 0.2279180921052632 0.0046491617357001976 0.019407894736842107
0 0.012803007889546351 0.2014375 0.025606015779092703 0.06513223684210524
0 0.004992233727810652 0.092784375 0.009984467455621303 0.03782927631578948
0 0.014977564102564104 0.07222483552631578 0.029955128205128207 0.06644835526315788
0 0.004992233727810652 0.026829605263157894 0.009984467455621303 0.036184868421052625
0 0.015593934911242604 0.01950032894736842 0.03118786982248521 0.03900065789473684
0 0.03735157790927021 0.014072697368421054 0.029092702169625242 0.02814539473684211
0 0.06028069526627219 0.00880953947368421 0.026134368836291923 0.01761907894736842
0 0.08049778106508874 0.003217269736842105 0.01775147928994083 0.00643453947368421
0 0.09319514299802761 0.032658388157894735 0.03870833333333333 0.06531677631578947
0 0.11476836785009861 0.026901809210526317 0.03846178500986193 0.053803618421052635
0 0.13732753944773177 0.021967598684210523 0.03427046351084812 0.043935197368421046
0 0.16087315088757398 0.017197697368421052 0.032051528599605514 0.034395394736842104
0 0.18367899408284022 0.012263486842105263 0.027366863905325445 0.024526973684210526
0 0.20673138560157792 0.007164802631578946 0.024161982248520734 0.014329605263157892
0 0.2260855522682446 0.002559375 0.015039447731755425 0.00511875
