0 0.8093335798816568 0.01659671052631579 0.024244082840236755 0.03319342105263158
0 0.8314818786982249 0.017733059210526318 0.023997287968441836 0.033114144736842106
0 0.8530548570019725 0.01932286184210526 0.024079635108481243 0.03300427631578947
0 0.874750986193294 0.021022368421052633 0.02440828402366864 0.03355263157894737
0 0.8964884122287967 0.0226672697368421 0.023997534516765357 0.033333223684210524
0 0.9177326183431952 0.02486019736842105 0.023586538461538555 0.03289473684210526
0 0.9386892258382643 0.026943421052631582 0.023750739644970324 0.03289473684210526
0 0.9594403353057198 0.028697861842105262 0.02366863905325444 0.032675328947368416
0 0.9800682938856018 0.03083618421052631 0.024161735700197237 0.03256578947368421
0 0.03301873767258383 0.09464440789473684 0.027613412228796843 0.03640328947368422
0 0.05824876725838264 0.09349325657894737 0.027613412228796843 0.03629375000000001
0 0.08298570019723865 0.09250625 0.028106508875739643 0.03585526315789474
0 0.10821585305719922 0.09162911184210526 0.02827095660749507 0.03541677631578948
0 0.13402132642998027 0.09108092105263157 0.02827095660749506 0.03629407894736842
0 0.15986772682445757 0.09064243421052633 0.02851750493096645 0.03563618421052633
0 0.18616629684418143 0.09020394736842105 0.028517504930966477 0.03563618421052632
0 0.2120538708086785 0.09020394736842105 0.028517504930966477 0.03563618421052632
0 0.23859898915187377 0.09075180921052631 0.02851750493096645 0.03629375000000001
0 0.26530830867850097 0.09119029605263157 0.028517504930966477 0.03629375
0 0.29152465483234713 0.09146430921052631 0.02818885601577905 0.03662269736842106
0 0.3179463757396449 0.09212220394736843 0.027777859960552247 0.03662269736842106
0 0.3444091469428007 0.09245115131578949 0.027777859960552303 0.03662269736842106
0 0.3706666666666667 0.09332828947368421 0.027202662721893447 0.036842105263157905
0 0.3970473372781065 0.0939861842105263 0.027202662721893447 0.036842105263157905
0 0.4229758382642998 0.09475378289473685 0.026627218934911243 0.03728059210526317
0 0.4488632889546352 0.09557615131578948 0.02596967455621304 0.036951644736842114
0 0.47475086291913215 0.09645345394736841 0.02596967455621304 0.03695164473684211
0 0.5004741124260355 0.09689194078947369 0.025312130177514776 0.03651282894736842
0 0.4998989151873767 0.13285674342105264 0.02531213017751472 0.035854934210526324
0 0.4746687623274162 0.13230888157894738 0.025640779092702178 0.03739013157894737
0 0.44919193786982253 0.13176036184210527 0.025969674556212984 0.036951644736842114
0 0.4234689349112426 0.1306639802631579 0.026134122287968443 0.03673256578947369
0 0.3974993836291913 0.1301705592105263 0.026298570019723848 0.036403618421052636
0 0.37169403353057195 0.12923832236842106 0.026463017751479304 0.03673256578947369
0 0.3458473865877712 0.12869013157894738 0.027366863905325445 0.03673223684210526
0 0.31942566568047337 0.12819687500000002 0.027777859960552247 0.036622697368421046
0 0.2933325936883629 0.12786792763157895 0.028188856015779105 0.036622697368421046
0 0.2672806952662722 0.12704555921052632 0.02769551282051284 0.03629374999999999
0 0.24114657297830372 0.12671661184210528 0.028517504930966477 0.03629374999999999
0 0.21476590236686388 0.1260592105263158 0.028517504930966477 0.03563618421052632
0 0.18863178007889544 0.1260592105263158 0.028517504930966477 0.03563618421052632
0 0.1627442061143984 0.12616875 0.028517504930966477 0.03563618421052632
0 0.1371443540433925 0.1268266447368421 0.02827095660749507 0.03629407894736842
0 0.11158542899408283 0.12704588815789475 0.02827095660749506 0.03541677631578946
0 0.08639620315581853 0.12770361842105263 0.027859960552268245 0.03585526315789474
0 0.061495069033530574 0.12830690789473687 0.027695759368836295 0.035526315789473684
0 0.03663486193293886 0.12956759868421053 0.02761341222879685 0.035635855263157906
0 0.015719304733727815 0.16586151315789474 0.027202416173570023 0.03497828947368419
0 0.03996314102564103 0.1649842105263158 0.02720241617357002 0.034978289473684226
0 0.0642893244575937 0.16410690789473686 0.027202416173570016 0.03497828947368421
0 0.0891495315581854 0.1633393092105263 0.027942061143984228 0.03519769736842106
0 0.1145028353057199 0.16284605263157897 0.02802440828402366 0.03464934210526317
0 0.13981521203155817 0.1624075657894737 0.02802440828402366 0.03464934210526314
0 0.16562056213017748 0.16240773026315788 0.028353057199211048 0.03486875000000001
0 0.19142603550295856 0.1624625 0.028353057199211048 0.03497828947368421
0 0.2173958333333333 0.16268190789473683 0.028024408284023673 0.03497828947368421
0 0.2433655078895463 0.16284621710526317 0.028024408284023673 0.03486809210526316
0 0.2694996301775148 0.16339440789473686 0.028024408284023646 0.03530657894736842
0 0.2953460305719921 0.16394259868421052 0.027284763313609503 0.035525986842105256
0 0.3213980522682446 0.16449095394736843 0.027284763313609448 0.03552598684210527
0 0.3470390779092702 0.16509407894736844 0.026791666666666644 0.035416447368421075
0 0.3726390532544379 0.16569720394736842 0.02621646942800785 0.03530690789473683
0 0.3983212524654833 0.16635526315789473 0.025969921104536504 0.035526315789473684
0 0.42379783037475344 0.16701315789473686 0.025969921104536445 0.035526315789473684
0 0.44927440828402365 0.16772598684210527 0.0254768244575937 0.035855263157894716
0 0.47450443786982244 0.1684934210526316 0.0254768244575937 0.03585526315789474
0 0.4994059418145956 0.16887730263157893 0.024655078895463502 0.03552631578947367
0 0.01921215483234714 0.19952384868421055 0.027448964497041425 0.03432006578947371
0 0.04349704142011834 0.19864671052631577 0.027531065088757398 0.03388157894736842
0 0.06765865384615384 0.19787927631578947 0.027202416173570016 0.034100657894736826
0 0.09256003451676528 0.1972763157894737 0.02818860946745562 0.034429605263157914
0 0.11762586291913214 0.19672796052631578 0.02818860946745562 0.03442960526315787
0 0.14302046351084813 0.19667302631578948 0.027859960552268245 0.03431973684210526
0 0.1684149408284024 0.19667302631578948 0.028353057199211048 0.03410065789473686
0 0.19426146449704143 0.19689226973684212 0.02827095660749507 0.034539144736842116
0 0.22023113905325442 0.19700197368421052 0.02827095660749507 0.03453947368421052
0 0.24587204142011834 0.1974950657894737 0.02761341222879687 0.03464868421052631
0 0.271430966469428 0.19793355263157894 0.027613412228796843 0.03464868421052631
0 0.29723643984220904 0.1983720394736842 0.027613412228796843 0.03464868421052631
0 0.32300086291913216 0.1990847039473684 0.027038214990138046 0.03475822368421051
0 0.3485597879684418 0.19985213815789477 0.027038214990138105 0.03475822368421055
0 0.3736666666666666 0.200290625 0.026463017751479304 0.03475822368421051
0 0.39914336785009863 0.2007840460526316 0.02613436883629191 0.034429276315789466
0 0.42457901873767256 0.20177072368421053 0.025394723865877707 0.03464868421052631
0 0.4494802761341222 0.202209375 0.025065581854043378 0.03486809210526316
0 0.4743406065088757 0.20292203947368423 0.024983481262327436 0.03475855263157897
0 0.49891321499013813 0.20341562500000002 0.02465483234714004 0.03464901315789473
0 0.5338698224852071 0.1000018092105263 0.02514792899408284 0.03607467105263158
0 0.5593464003944773 0.10033075657894737 0.02514792899408284 0.03607467105263158
0 0.58449432938856 0.10033075657894737 0.02514792899408284 0.03607467105263158
0 0.6095600345167653 0.10044013157894738 0.025805473372781045 0.03541644736842105
0 0.6347079635108481 0.10044013157894738 0.025805473372781045 0.03541644736842105
0 0.6596914447731754 0.10076907894736843 0.025805473372781045 0.03541644736842105
0 0.6843462771203156 0.10082417763157894 0.026298570019723848 0.03486874999999999
0 0.6825383382642998 0.13569259868421052 0.026298570019723848 0.03486874999999999
0 0.6580477071005917 0.1356375 0.025805473372781045 0.03541644736842105
0 0.6333107741617356 0.1355828947368421 0.025805473372781045 0.035307236842105266
0 0.6084917406311637 0.1355279605263158 0.02580547337278116 0.03541644736842105
0 0.5835081360946744 0.13591184210526314 0.02514792899408284 0.03596513157894737
0 0.5586888560157791 0.13574753289473684 0.02514792899408284 0.03607467105263157
0 0.5336232741617357 0.13585707236842107 0.02514792899408284 0.03607467105263157
0 0.5332946252465484 0.1712736842105263 0.02514792899408284 0.035636184210526334
0 0.5577437130177515 0.17105427631578948 0.024736932938856038 0.035416447368421033
0 0.582439842209073 0.17110937500000004 0.02514792899408284 0.03486874999999999
0 0.6072591222879684 0.17061578947368422 0.02564102564102564 0.034978289473684226
0 0.6314617850098618 0.170615625 0.02539447731755424 0.03453980263157896
0 0.6559109960552268 0.1705060855263158 0.02564102564102564 0.03453980263157896
0 0.6801139053254437 0.17028700657894738 0.025723372781065047 0.03432072368421054
0 0.5326782544378699 0.20581315789473684 0.024285009861932938 0.034320394736842126
0 0.5570249013806706 0.20548421052631577 0.024285009861932938 0.034320394736842126
0 0.5813407297830374 0.20515526315789473 0.02483974358974359 0.033826973684210546
0 0.6057490138067061 0.20474407894736843 0.02483974358974359 0.03349802631578949
0 0.6300648422090731 0.20416842105263158 0.02527120315581854 0.03349802631578949
0 0.654349852071006 0.20400394736842106 0.02527120315581854 0.03349802631578949
0 0.6783883136094675 0.2035927631578947 0.02576429980276134 0.03316907894736844
0 0.7087435897435899 0.10089473684210527 0.026195759368836294 0.035197368421052644
0 0.7332135108481264 0.10114144736842107 0.026195759368836294 0.035197368421052644
0 0.7065246548323472 0.13539309210526318 0.025825936883629188 0.03412828947368421
0 0.7309329388560157 0.13539309210526318 0.02631903353057199 0.034292763157894736
0 0.7577450690335307 0.10155263157894738 0.026195759368836294 0.035197368421052644
0 0.7550638560157792 0.13576315789473686 0.02638067061143984 0.034210526315789476
0 0.7046343688362918 0.1700421052631579 0.025825936883629188 0.03412828947368421
0 0.7284264053254438 0.1701794407894737 0.02640113412228799 0.03368980263157894
0 0.7523005424063116 0.17013832236842102 0.02631903353057199 0.03311414473684209
0 0.7758047337278107 0.1700835526315789 0.02631903353057199 0.033223684210526315
0 0.7791023175542408 0.13584539473684212 0.02638067061143984 0.03404605263157895
0 0.781875986193294 0.1019638157894737 0.02638067061143984 0.034703947368421056
0 0.8056678994082842 0.10266282894736843 0.026257396449704144 0.034786184210526316
0 0.8293673570019725 0.10344407894736843 0.026195759368836294 0.03453947368421052
0 0.8527278106508878 0.10451315789473685 0.026195759368836294 0.03404605263157895
0 0.8757800788954637 0.10554111842105264 0.025949211045364892 0.034292763157894736
0 0.8984317061143986 0.10685690789473686 0.026010848126232743 0.03396381578947368
0 0.9209292406311639 0.10841940789473685 0.026010848126232743 0.03396381578947368
0 0.9430877712031559 0.11014638157894739 0.02545611439842209 0.03396381578947368
0 0.9647223865877712 0.1119967105263158 0.02520956607495069 0.033717105263157895
0 0.9865110946745562 0.11376480263157897 0.02477810650887574 0.03363486842105263
0 0.9741476824457593 0.20849638157894734 0.02465483234714004 0.03199013157894737
0 0.9530369822485206 0.20734506578947368 0.02508629191321499 0.03182565789473684
0 0.7020456114398421 0.2033480263157895 0.02545611439842209 0.0328125
0 0.7257142504930965 0.2031013157894737 0.02545611439842209 0.0328125
0 0.7495369822485205 0.20306019736842107 0.02564102564102564 0.03273026315789474
0 0.7729590729783037 0.2029368421052632 0.026010848126232743 0.03248355263157895
0 0.8027093195266273 0.1362154605263158 0.026503944773175542 0.03396381578947368
0 0.8263779585798817 0.1367638157894737 0.026503944773175542 0.03396381578947368
0 0.8493069526627222 0.13750394736842103 0.026134122287968443 0.033799342105263155
0 0.8721743096646944 0.13857302631578947 0.026134122287968443 0.033799342105263155
0 0.894949211045365 0.13955986842105264 0.026195759368836294 0.033305921052631575
0 0.9172310157790928 0.1408345394736842 0.02576429980276134 0.033223684210526315
0 0.9394511834319528 0.1422736842105263 0.02533284023668639 0.03297697368421053
0 0.9613323471400395 0.14391842105263158 0.02533284023668639 0.03297697368421053
0 0.9825971400394479 0.14531644736842106 0.02508629191321499 0.033141447368421055
0 0.9785907297830375 0.17775888157894734 0.02545611439842209 0.032565789473684194
0 0.957048570019724 0.1763608552631579 0.024901380670611442 0.03289473684210525
0 0.9354447731755425 0.17500394736842104 0.02533284023668639 0.03297697368421051
0 0.9131629684418148 0.17381151315789473 0.02576429980276134 0.03273026315789472
0 0.8909736193293887 0.17261907894736842 0.02638067061143984 0.03297697368421051
0 0.7993809171597633 0.1702203947368421 0.026010848126232743 0.03355263157894737
0 0.822556459566075 0.17075493421052634 0.026257396449704144 0.03347039473684211
0 0.8456395463510848 0.17116611842105264 0.026072485207100593 0.03297697368421053
0 0.868260355029586 0.1717828947368421 0.026195759368836294 0.03256578947368421
0 0.7960216962524657 0.2028684210526316 0.02570266272189349 0.03240131578947369
0 0.8190431459566075 0.20336184210526315 0.025887573964497042 0.03240131578947369
0 0.8421570512820513 0.2034851973684211 0.025887573964497042 0.032154605263157894
0 0.8644696745562132 0.20381414473684215 0.026010848126232743 0.032154605263157894
0 0.8869055719921105 0.20438980263157897 0.026257396449704144 0.032154605263157894
0 0.9093722879684419 0.20529440789473685 0.025949211045364892 0.032154605263157894
0 0.9314383629191323 0.20636348684210531 0.02570266272189349 0.032154605263157894
0 0.0206198224852071 0.2998243421052632 0.02933925049309664 0.03511513157894737
0 0.04632248520710059 0.29937203947368424 0.029709072978303743 0.03503289473684211
0 0.07196351084812623 0.2988375 0.030078895463510856 0.03495065789473684
0 0.09852909270216961 0.2984263157894737 0.030325443786982247 0.03495065789473684
0 0.12527958579881657 0.29850855263157894 0.030325443786982247 0.03495065789473684
0 0.15233826429980277 0.29863190789473687 0.030325443786982247 0.03519736842105263
0 0.1796126725838264 0.29867302631578946 0.0305103550295858 0.03527960526315789
0 0.20691789940828403 0.29875526315789475 0.0305103550295858 0.03527960526315789
0 0.23428476331360948 0.2988786184210527 0.0295241617357002 0.03519736842105263
0 0.26171326429980274 0.2992075657894737 0.0295241617357002 0.03519736842105263
0 0.28895685404339255 0.2994953947368421 0.029154339250493096 0.035444078947368424
0 0.3162620808678501 0.30007105263157896 0.029154339250493096 0.035444078947368424
0 0.3431666666666666 0.30060559210526316 0.028229783037475344 0.03536184210526316
0 0.3701328895463511 0.30134572368421053 0.027921597633136095 0.03519736842105263
0 0.3970066568047337 0.30192138157894743 0.027428500986193295 0.03503289473684211
0 0.4233873274161735 0.30229144736842106 0.026565581854043393 0.03511513157894737
0 0.44976799802761336 0.3027026315789474 0.026565581854043393 0.03511513157894737
0 0.4754398422090729 0.30319605263157895 0.02564102564102564 0.034786184210526316
0 0.5012349605522682 0.30327828947368424 0.025825936883629188 0.034786184210526316
0 0.02543084319526627 0.3339046052631579 0.02917480276134122 0.03421052631578944
0 0.050332223865877705 0.3336853618421053 0.02917480276134123 0.03377203947368422
0 0.07642529585798816 0.333246875 0.03007889546351085 0.03421085526315785
0 0.10264151873767259 0.3330274671052632 0.03007889546351085 0.03421085526315788
0 0.12902218934911241 0.33313700657894735 0.030078895463510835 0.03421085526315793
0 0.15597818047337275 0.33335624999999997 0.030407544378698217 0.034430263157894776
0 0.18309837278106508 0.3332465460526316 0.029750000000000016 0.033991776315789486
0 0.20989003944773177 0.33313700657894735 0.029750000000000016 0.033991776315789486
0 0.23725678007889547 0.33363042763157896 0.029585552268244584 0.03497861842105265
0 0.26437697238658775 0.33374029605263156 0.02925690335305718 0.034758881578947375
0 0.29125073964497045 0.3340692434210526 0.02925690335305718 0.034758881578947375
0 0.3186176035502959 0.3347271381578948 0.02925690335305718 0.034758881578947375
0 0.3451216715976332 0.3352753289473685 0.028681706114398443 0.035197368421052665
0 0.3715845660749507 0.3359332236842106 0.027859960552268245 0.035197368421052665
0 0.39804733727810654 0.33598815789473685 0.02687376725838264 0.034210526315789476
0 0.42418145956607495 0.3365365131578947 0.02687376725838264 0.03421052631578944
0 0.44969933431952663 0.33681069078947373 0.0258054733727811 0.03410098684210527
0 0.475586785009862 0.33713947368421054 0.02564102564102564 0.03388157894736842
0 0.5007348372781065 0.3370297697368421 0.025311883629191366 0.03366282894736843
0 0.029899531558185404 0.36873190789473687 0.02935971400394477 0.03363486842105263
0 0.055109097633136095 0.36844407894736836 0.029359714003944784 0.03355263157894737
0 0.08078094181459566 0.3681973684210526 0.02991444773175543 0.03355263157894737
0 0.10673015285996054 0.3679233552631579 0.029791173570019733 0.03366250000000002
0 0.1331108234714004 0.3681289473684211 0.02979117357001972 0.03341578947368423
0 0.15973804240631162 0.3681289473684211 0.02979117357001972 0.03341578947368423
0 0.1864885355029586 0.3683208881578948 0.02966789940828402 0.03352532894736839
0 0.21305411735700197 0.3683208881578948 0.02966789940828402 0.03352532894736839
0 0.2398970660749507 0.3684442434210527 0.028989891518737692 0.03344309210526313
0 0.2668324704142012 0.36869095394736845 0.028989891518737692 0.03344309210526313
0 0.2933980522682446 0.3690199013157895 0.028496794871794892 0.03344309210526313
0 0.32008690828402364 0.36943108552631576 0.028373520710059195 0.033936513157894706
0 0.34683740138067065 0.3697600328947369 0.02738732741617359 0.03344309210526313
0 0.37330744575936886 0.3702575657894738 0.027058678500986196 0.033305921052631575
0 0.39904092702169625 0.37038092105263165 0.02675049309664694 0.03289473684210526
0 0.42462031558185404 0.37054539473684217 0.026010848126232743 0.03289473684210526
0 0.45038461538461544 0.3706276315789474 0.02551775147928994 0.03289473684210526
0 0.4753168145956608 0.370792105263158 0.024963017751479293 0.03273026315789474
0 0.5002181952662723 0.3707098684210527 0.024839743589743647 0.03273026315789474
0 0.03446067554240631 0.40133881578947367 0.029482988165680474 0.03305921052631579
0 0.059670241617357005 0.40128404605263157 0.02948298816568048 0.03251085526315785
0 0.08506471893491124 0.40125657894736844 0.02948298816568048 0.03273026315789474
0 0.11089065581854043 0.40098256578947367 0.02948298816568048 0.03267565789473686
0 0.1368398668639053 0.4010236842105263 0.02948298816568047 0.0325934210526316
0 0.1631589003944773 0.4010236842105263 0.02948298816568047 0.0325934210526316
0 0.18990939349112426 0.40111957236842105 0.02948298816568047 0.03251085526315785
0 0.21607433431952663 0.40133898026315795 0.029051528599605518 0.03294967105263155
0 0.24276319033530575 0.4012018092105264 0.029051528599605542 0.03300427631578943
0 0.2692054980276134 0.4016541118421053 0.028681706114398443 0.03292203947368416
0 0.2956478057199211 0.4017501644736842 0.028681706114398443 0.0326207236842105
0 0.32202847633136095 0.40216134868421055 0.02806533530571994 0.03294967105263155
0 0.34865569526627216 0.40240805921052636 0.027448964497041442 0.032785197368421025
0 0.37451245069033534 0.4025725328947369 0.02652440828402369 0.03212730263157892
0 0.40018429487179485 0.4025725328947368 0.026339497041420138 0.03196282894736839
0 0.4257841469428008 0.4026547697368422 0.025435650887573998 0.03179835526315787
0 0.4506650641025641 0.4026820723684211 0.025230029585798838 0.03185296052631574
0 0.4752480276134123 0.4025175986842105 0.024223372781065088 0.03185296052631574
0 0.4999028599605523 0.4025175986842105 0.024223372781065143 0.03185296052631574
0 0.5348067061143984 0.3035111842105263 0.02557938856015779 0.034375
0 0.5600367357001972 0.3032779605263158 0.026072485207100593 0.034347368421052654
0 0.5854723865877711 0.3029629934210526 0.02681213017751479 0.03459440789473685
0 0.5342315088757397 0.33728305921052626 0.02557938856015779 0.03349769736842108
0 0.5591326429980277 0.3370498355263158 0.026072485207100593 0.03325098684210526
0 0.5841571745562131 0.33670723684210524 0.02615458579881648 0.03393618421052634
0 0.533163214990138 0.37045197368421057 0.02492209072978311 0.03229144736842111
0 0.557776627218935 0.37012302631578947 0.025168639053254397 0.03251118421052626
0 0.5827190581854044 0.36994473684210527 0.026236932938855997 0.032648026315789475
0 0.532670241617357 0.4019212171052632 0.025250739644970394 0.031195065789473713
0 0.5569547583826431 0.40186661184210526 0.024839990138067113 0.031085855263157887
0 0.5813219921104537 0.4014139802631579 0.0254151873767258 0.03149638157894738
0 0.6107437130177515 0.3026751644736842 0.026730029585798905 0.03451217105263159
0 0.6091411489151874 0.3362827302631579 0.026483481262327507 0.03352532894736843
0 0.6070044378698225 0.3692871710526316 0.02615483234714011 0.032648026315789475
0 0.6056895956607495 0.40124983552631577 0.02615483234714 0.0312226973684211
0 0.636138067061144 0.3019077302631579 0.026894477317554198 0.03385427631578948
0 0.6341656804733729 0.3358988486842105 0.026894477317554198 0.033854276315789446
0 0.6320289694280079 0.3690128289473684 0.026730029585798794 0.03275789473684205
0 0.6301799802761341 0.4008113486842105 0.02615483234714011 0.031222697368421024
0 0.6615325443786981 0.3017981907894737 0.026894477317554198 0.033854276315789446
0 0.6592315088757397 0.3356794407894737 0.02689447731755431 0.03385427631578948
0 0.6568894230769231 0.36835509868421046 0.026483481262327396 0.032319407894736835
0 0.6546703648915189 0.4001534539473684 0.02615483234714011 0.031222697368421024
0 0.6791607495069033 0.39982450657894736 0.02615483234714 0.031222697368421024
0 0.7038155818540434 0.3992215460526316 0.0266479289940828 0.03089375000000005
0 0.728552638067061 0.399002302631579 0.026976577909270195 0.031113157894736863
0 0.7529609220907297 0.3987828947368422 0.026976577909270195 0.031113157894736863
0 0.777122657790927 0.3985634868421053 0.026976577909270195 0.031113157894736863
0 0.8007091962524655 0.39850855263157897 0.026812376725838312 0.03094802631578951
0 0.8245421597633136 0.3981935855263158 0.027141025641025714 0.03097598684210531
0 0.8477998027613413 0.39852253289473694 0.0271410256410256 0.03097598684210531
0 0.8711397928994083 0.39841299342105263 0.027141025641025714 0.030975986842105233
0 0.8937811883629192 0.39867319078947366 0.027058925049309714 0.030838486842105196
0 0.916874506903353 0.39867319078947366 0.02689447731755431 0.030838486842105196
0 0.9391050295857989 0.3990569078947369 0.02681213017751479 0.030948026315789433
0 0.9609656065088757 0.39949539473684215 0.02615458579881648 0.030290131578947405
0 0.9825797583826431 0.4001532894736842 0.02615458579881659 0.030290131578947405
0 0.6868037475345167 0.30146924342105264 0.026894477317554198 0.033854276315789446
0 0.6842973372781065 0.3349120065789473 0.02689447731755431 0.033854276315789446
0 0.6815750739644971 0.36819062499999994 0.026791666666666644 0.032319407894736835
0 0.7064764546351086 0.36745049342105257 0.026791666666666644 0.032319407894736835
0 0.7094760848126231 0.334500822368421 0.027325936883629262 0.03368980263157892
0 0.7119516765285996 0.3010580592105263 0.026894477317554198 0.033854276315789446
0 0.7373153353057199 0.3011266447368421 0.02769575936883625 0.03355263157894737
0 0.7343774654832346 0.33425411184210524 0.027325936883629262 0.03368980263157892
0 0.7314188856015778 0.3672722039473684 0.027572485207100664 0.03245624999999997
0 0.7624632642998027 0.3012911184210526 0.02769575936883625 0.03355263157894737
0 0.7591760355029586 0.3345148026315789 0.02769575936883636 0.03355263157894737
0 0.7560737179487179 0.3670527960526316 0.027572485207100664 0.03245624999999997
0 0.7872825443786984 0.3014282894736842 0.02769575936883636 0.03338815789473684
0 0.7839953155818541 0.3345149671052632 0.02769575936883636 0.03311414473684211
0 0.7803176775147929 0.36705296052631575 0.02724383629191327 0.03223684210526316
0 0.8115265039447732 0.30153799342105264 0.028024408284023757 0.033607565789473694
0 0.8081570512820513 0.3344601973684211 0.02769575936883636 0.033223684210526315
0 0.8042739151873767 0.3669434210526316 0.02683284023668646 0.031578947368421054
0 0.8359347879684418 0.30189424342105264 0.028024408284023757 0.03300427631578946
0 0.8320722386587771 0.3346519736842105 0.02769575936883636 0.03284013157894739
0 0.8281480522682446 0.36713536184210527 0.02724383629191327 0.032291776315789444
0 0.85976775147929 0.30216842105263153 0.027202662721893565 0.03289473684210526
0 0.8558231015779094 0.3345700657894736 0.02753131163708085 0.03278486842105261
0 0.8514058185404341 0.36708059210526317 0.02707938856015775 0.032182236842105284
0 0.8837239891518737 0.30282631578947367 0.027613658777120367 0.03289473684210526
0 0.8794917406311639 0.3352279605263157 0.02753131163708085 0.03278486842105261
0 0.8749923570019724 0.36723141447368424 0.02707938856015775 0.032045065789473734
0 0.9072281804733728 0.3032648026315789 0.027613658777120256 0.03289473684210526
0 0.9029959319526626 0.33555690789473674 0.02753131163708096 0.03278486842105261
0 0.8982090729783039 0.3671902960526316 0.026832840236686348 0.031743749999999994
0 0.9301160009861934 0.30392269736842104 0.02687401380670605 0.03289473684210526
0 0.9255961538461537 0.3358858552631579 0.02687376725838264 0.03234605263157894
0 0.921055966469428 0.36762878289473694 0.026832840236686348 0.031743750000000064
0 0.9525518984220908 0.3049095394736842 0.02687401380670605 0.03289473684210526
0 0.9481964990138068 0.33665345394736845 0.02687376725838264 0.0321266447368421
0 0.9435739644970416 0.3685060855263158 0.026832840236686348 0.031743749999999994
0 0.9747412475345167 0.30578684210526313 0.02687401380670605 0.03289473684210526
0 0.9702625739644972 0.33731151315789476 0.026134122287968443 0.031688157894736876
0 0.9657222633136094 0.3688899671052631 0.025928747534516742 0.03141480263157894
0 0.987049926035503 0.3697858552631578 0.02572312623274164 0.031578947368421054
0 0.014780325443786983 0.5888309210526317 0.02946252465483235 0.030921052631578946
0 0.02029684418145957 0.6194641447368421 0.030140532544378703 0.030509868421052633
0 0.02878205128205128 0.5235210526315789 0.0307569033530572 0.033141447368421055
0 0.05507026627218935 0.5231509868421053 0.03094181459566075 0.03305921052631579
0 0.03436020710059172 0.5560868421052632 0.031065088757396456 0.03231907894736842
0 0.03981508875739644 0.5885703947368421 0.030633629191321503 0.031661184210526314
0 0.04539324457593689 0.6192447368421052 0.030202169625246553 0.030509868421052633
0 0.07094181459566075 0.6192447368421052 0.0305103550295858 0.030674342105263156
0 0.06551775147928994 0.5883236842105263 0.030633629191321496 0.03133223684210526
0 0.06018614398422091 0.5558401315789474 0.03106508875739645 0.03248355263157895
0 0.08206730769230769 0.5226575657894738 0.03094181459566075 0.03305921052631579
0 0.08656681459566075 0.555428947368421 0.03131163708086785 0.03248355263157895
0 0.09155941814595661 0.5882003289473684 0.03106508875739645 0.03174342105263158
0 0.09667529585798816 0.6189157894736842 0.030325443786982247 0.030838815789473686
0 0.10847879684418146 0.5226164473684209 0.0314965483234714 0.033141447368421055
0 0.11325567061143983 0.5553055921052631 0.03131163708086785 0.03256578947368421
0 0.11830991124260354 0.5878713815789474 0.03081854043392505 0.031578947368421054
0 0.12280941814595661 0.618710197368421 0.030325443786982247 0.03075657894736842
0 0.14661168639053257 0.5224246710526316 0.0311267258382643 0.033141447368421055
0 0.15067973372781068 0.5549904605263158 0.0308801775147929 0.03231907894736842
0 0.1545320512820513 0.5873506578947368 0.030325443786982247 0.03190789473684211
0 0.15841518737672586 0.6180661184210526 0.029832347140039447 0.030674342105263156
0 0.17441000986193297 0.5222601973684211 0.0311267258382643 0.033141447368421055
0 0.17813905325443788 0.5542914473684211 0.03081854043392505 0.03256578947368421
0 0.1818372781065089 0.5869805921052632 0.03007889546351085 0.031496710526315794
0 0.1851348619329389 0.617696052631579 0.0301405325443787 0.030427631578947366
0 0.2026397928994083 0.5218078947368421 0.0311267258382643 0.03289473684210526
0 0.20584492110453653 0.5542914473684211 0.0301405325443787 0.03223684210526316
0 0.20902218934911243 0.5866072368421053 0.02958579881656805 0.031496710526315794
0 0.21201158777120316 0.6172815789473685 0.0295241617357002 0.030674342105263156
0 0.23066407790927024 0.5213694078947368 0.030469181459566067 0.03289473684210526
0 0.23358160749506907 0.5535513157894737 0.030058185404339265 0.03256578947368421
0 0.23629363905325446 0.5856236842105264 0.029565088757396465 0.03179802631578946
0 0.23892344674556212 0.6166544407894737 0.02890754437869826 0.030701644736842133
0 0.2657970907297831 0.6160513157894736 0.028249999999999997 0.030592105263157896
0 0.29258875739644974 0.6152838815789473 0.028249999999999973 0.030592105263157896
0 0.31938042406311634 0.6144065789473685 0.02825000000000003 0.030592105263157896
0 0.3460077662721893 0.6135292763157895 0.02742825443786983 0.030592105263157896
0 0.3722241124260355 0.6124875000000001 0.026770710059171567 0.030263157894736843
0 0.3979472386587771 0.6117200657894737 0.026770710059171626 0.030263157894736843
0 0.4234649901380671 0.6110072368421053 0.02570216962524656 0.02993421052631579
0 0.4489416913214991 0.6102398026315791 0.025044625246548356 0.02971513157894739
0 0.4741820759368836 0.6096366776315789 0.024901627218934907 0.02960559210526315
0 0.49867246055226827 0.609088322368421 0.024901627218934907 0.02960559210526315
0 0.5234917406311637 0.6085399671052631 0.02490162721893485 0.02960559210526315
0 0.5482698471400395 0.6079916118421053 0.02514817554240625 0.028947697368421045
0 0.5729248027613413 0.6077722039473683 0.025476824457593646 0.028947697368421045
0 0.5974974112426035 0.6076075657894737 0.025312376725838245 0.02905723684210528
0 0.6222755177514793 0.6076074013157894 0.026052021696252446 0.028837828947368468
0 0.647012573964497 0.6076072368421053 0.02670956607495065 0.028618421052631578
0 0.6720784023668638 0.6076072368421053 0.02670956607495076 0.028618421052631578
0 0.6967333579881658 0.6072235197368421 0.027038214990138046 0.02850888157894734
0 0.7215935650887574 0.6073330592105263 0.026791666666666755 0.028727960526315818
0 0.7458374013806706 0.6068945723684209 0.027284763313609448 0.028727960526315818
0 0.7699170364891519 0.6065108552631578 0.02728476331360956 0.028618421052631578
0 0.7941608727810651 0.6059625 0.027284763313609448 0.028618421052631578
0 0.8176650641025642 0.6054143092105263 0.027284763313609448 0.029056907894736868
0 0.841046104536489 0.6049207236842105 0.027859960552268245 0.028508552631578928
0 0.8640574457593689 0.6043723684210527 0.02687376725838264 0.028727631578947404
0 0.2584829881656805 0.5213146381578947 0.030140532544378672 0.03245625000000005
0 0.26127724358974364 0.5534417763157895 0.02981188362919133 0.03201776315789476
0 0.26349605522682445 0.5853496710526316 0.0296474358974359 0.03201776315789476
0 0.28691814595660753 0.5207115131578948 0.0301405325443787 0.03234671052631581
0 0.288726208086785 0.552948355263158 0.029318786982248497 0.03234671052631581
0 0.29078069526627215 0.5848014802631579 0.0288256903353057 0.03157927631578947
0 0.3178187869822485 0.5839243421052631 0.028168145956607493 0.03135986842105265
0 0.3163396203155819 0.552345230263158 0.0288256903353057 0.03179835526315787
0 0.31461365877712033 0.5202730263157895 0.029154339250493096 0.03234671052631581
0 0.3421860207100591 0.5199440789473685 0.028743343195266294 0.03234671052631581
0 0.3437474112426036 0.5518519736842106 0.02874334319526624 0.03234671052631581
0 0.34452822978303743 0.5831018092105263 0.02800369822485209 0.03146940789473682
0 0.3713197731755423 0.5822246710526316 0.027346153846153833 0.031688815789473704
0 0.3702514792899408 0.5510294407894738 0.027675049309664693 0.03179835526315787
0 0.36922411242603553 0.5195603618421053 0.027921597633136095 0.03223717105263157
0 0.3960978796844182 0.5192861842105263 0.027428500986193295 0.03212763157894733
0 0.3967963510848126 0.5504266447368422 0.02668885601577909 0.03125065789473683
0 0.3974229536489151 0.5818409539473683 0.026298570019723848 0.031360197368421064
0 0.4225607741617357 0.5188475328947368 0.026277859960552288 0.03190822368421052
0 0.4230538708086785 0.550207072368421 0.026277859960552288 0.0319082236842106
0 0.42354709072978297 0.5809087171052632 0.025949211045364892 0.031250328947368414
0 0.44885946745562133 0.5802509868421053 0.025949211045364892 0.0308118421052632
0 0.44898249506903354 0.5496039473684211 0.02570266272189349 0.031140789473684254
0 0.44857174556213014 0.5187927631578948 0.02635996055226823 0.03135986842105265
0 0.4743873274161735 0.51851875 0.025887573964497042 0.03168881578947363
0 0.47442837771203156 0.5493302631578947 0.025148175542406306 0.03125
0 0.47426392998027617 0.5798674342105263 0.025148175542406306 0.030921052631578946
0 0.499329758382643 0.5793190789473684 0.02514817554240636 0.030921052631578946
0 0.4999049556213017 0.5493302631578947 0.02514817554240625 0.03125
0 0.4999461291913215 0.5180802631578948 0.025558925049309587 0.031688815789473704
0 0.5255049309664694 0.5178610197368421 0.025723372781065047 0.031250328947368414
0 0.5248473865877712 0.5485080592105264 0.025559171597633053 0.030482565789473656
0 0.5243542899408283 0.5788807565789473 0.025559171597633053 0.03048256578947373
0 0.5491735700197239 0.5785518092105263 0.025559171597633164 0.03048256578947373
0 0.5502417406311637 0.5483435855263159 0.025394723865877652 0.03081151315789471
0 0.551228057199211 0.5176416118421053 0.025723372781065047 0.031250328947368414
0 0.5764993836291912 0.5174768092105263 0.026298570019723848 0.030920723684210456
0 0.6018117603550295 0.5175863486842106 0.02629857001972396 0.030920723684210536
0 0.6274527859960551 0.5172024671052632 0.026791666666666755 0.031249671052631586
0 0.6532582593688363 0.517092927631579 0.026791666666666644 0.031249671052631586
0 0.6791047830374753 0.5169833881578948 0.027859960552268245 0.03125032894736849
0 0.7049102564102564 0.5165449013157895 0.027859960552268245 0.031250328947368414
0 0.7303459072978303 0.5164353618421054 0.028106508875739643 0.03146940789473682
0 0.7556582840236687 0.5164353618421054 0.028106508875739643 0.03146940789473682
0 0.7810527613412229 0.5159414473684211 0.028106508875739643 0.031359210526315746
0 0.8058720414201185 0.5159414473684211 0.028106508875739643 0.031359210526315746
0 0.8300337771203157 0.5156125 0.028106508875739643 0.031359210526315746
0 0.8545241617357002 0.515557730263158 0.028106508875739643 0.031029934210526283
0 0.8787679980276134 0.5152838815789473 0.028106508875739643 0.030921052631578946
0 0.575235576923077 0.5480690789473684 0.0259494575936883 0.030591447368420992
0 0.5741877465483235 0.5785245065789474 0.0259494575936883 0.029989144736842076
0 0.5990891272189349 0.5783600328947368 0.0259494575936883 0.029989144736842076
0 0.6005067800788955 0.5479868421052632 0.0259494575936883 0.030591447368420992
0 0.6256547090729784 0.547767927631579 0.026689102564102504 0.030482565789473656
0 0.6239288708086785 0.5785789473684211 0.026072731755424 0.029769078947368362
0 0.6509875493096646 0.5476034539473684 0.026689102564102504 0.030482565789473656
0 0.6490151627218934 0.5782503289473684 0.026565828402366803 0.02971513157894739
0 0.6741014546351084 0.5782503289473684 0.027058925049309603 0.029550657894736862
0 0.6765669378698225 0.5476034539473684 0.027182199211045303 0.030647039473684183
0 0.7020230522682446 0.5474389802631578 0.027182199211045303 0.030647039473684183
0 0.6991877465483234 0.5781955592105263 0.027182199211045303 0.029989144736842076
0 0.7242432199211044 0.5778391447368422 0.026997287968441752 0.030373026315789493
0 0.7273558925049308 0.5474800986842105 0.027921844181459505 0.031222697368421024
0 0.7523189102564103 0.5471236842105263 0.028168392504930903 0.03029078947368423
0 0.7490521449704143 0.577633552631579 0.028168392504930903 0.03029078947368423
0 0.7737069773175543 0.5773868421052631 0.028168392504930903 0.03029078947368423
0 0.7977454388560159 0.5770853618421052 0.028168392504930903 0.030235855263157866
0 0.8217222633136093 0.576674177631579 0.027675295857988107 0.02974243421052629
0 0.8455758136094674 0.5760985197368421 0.027675295857988107 0.02974243421052629
0 0.868751356015779 0.5756462171052632 0.027552021696252406 0.029989144736842076
0 0.7772819280078895 0.5470414473684211 0.028168392504930903 0.03029078947368423
0 0.801751849112426 0.5467947368421052 0.028168392504930903 0.03029078947368423
0 0.8262525887573964 0.5465069078947369 0.028599852071005852 0.03020855263157897
0 0.8501677761341223 0.5463013157894736 0.028599852071005852 0.03029078947368423
0 0.8737747781065088 0.5457664473684211 0.027736932938855954 0.02993355263157889
0 0.9053643984220906 0.5148861842105263 0.028044871794871792 0.030565131578947333
0 0.9007416173570019 0.5453960526315789 0.028044871794871792 0.030565131578947333
0 0.8960263806706112 0.5752069078947367 0.027613412228796843 0.029331578947368382
0 0.8915576923076922 0.6040720394736842 0.027305226824457594 0.028509210526315755
0 0.9144250493096646 0.6033730263157895 0.027058678500986196 0.028591447368421015
0 0.9193868343195265 0.5748779605263157 0.027613412228796843 0.029331578947368382
0 0.924533530571992 0.5449848684210526 0.028044871794871792 0.030565131578947333
0 0.9294028599605522 0.5145572368421052 0.028044871794871792 0.030565131578947333
0 0.9526400394477317 0.5144749999999999 0.028044871794871792 0.030565131578947333
0 0.9471543392504931 0.5445325657894736 0.027798323471400394 0.02998947368421049
0 0.9421617357001971 0.5743434210526316 0.027551775147928996 0.029249342105263122
0 0.9369842209072978 0.6027973684210527 0.027058678500986196 0.028591447368421015
0 0.9592968441814596 0.6020572368421052 0.027058678500986196 0.028591447368421015
0 0.9647209072978302 0.5736032894736842 0.027551775147928996 0.029249342105263122
0 0.9698984220907297 0.544039144736842 0.027798323471400394 0.02998947368421049
0 0.9753533037475345 0.5141460526315789 0.027736686390532544 0.030071710526315756
0 0.9862393984220906 0.5730891447368421 0.027058678500986196 0.029358552631578945
0 0.980784516765286 0.6011319078947368 0.02638067061143984 0.028371710526315787
0 0.011175665680473372 0.011361019736842106 0.022351331360946743 0.022722039473684213
0 0.033199457593688364 0.01094983552631579 0.025065581854043395 0.02189967105263158
0 0.05666272189349112 0.010291940789473684 0.02514792899408284 0.020583881578947368
0 0.08045451183431952 0.009962993421052632 0.025065828402366857 0.019925986842105264
0 0.10432864891518737 0.00925032894736842 0.024490631163708088 0.01850065789473684
0 0.12844921104536489 0.008866447368421054 0.024901380670611442 0.017732894736842107
0 0.15273422090729782 0.008482730263157896 0.02465483234714004 0.01696546052631579
0 0.1772247287968442 0.008099013157894738 0.02481928007889547 0.016198026315789475
0 0.20175641025641025 0.00804407894736842 0.024901380670611442 0.01608815789473684
0 0.2263700690335306 0.007989309210526317 0.024983727810650874 0.015978618421052634
0 0.2510659516765286 0.008099013157894738 0.024736932938856013 0.016198026315789475
0 0.2761317800788955 0.008263486842105263 0.025230029585798782 0.016526973684210525
0 0.30111526134122285 0.008482730263157896 0.025230029585798838 0.01696546052631579
0 0.32585231755424066 0.008866447368421054 0.025230276134122303 0.017732894736842107
0 0.3509181459566075 0.00925032894736842 0.024901380670611442 0.01850065789473684
0 0.3755318047337278 0.009579276315789474 0.02465483234714004 0.019158552631578948
0 0.4004742357001972 0.010127467105263159 0.024736932938856038 0.020254934210526317
0 0.4251701183431953 0.010511184210526315 0.02465483234714004 0.02102236842105263
0 0.4497428500986193 0.010895065789473687 0.02481903353057198 0.021790131578947373
0 0.47419230769230764 0.011498026315789472 0.02440828402366864 0.022996052631578945
0 0.4986416420118343 0.011772203947368422 0.024326183431952697 0.023544407894736843
0 0.5288848619329388 0.013307236842105264 0.02383284023668632 0.026614473684210528
0 0.553087647928994 0.013307236842105264 0.024079635108481354 0.026614473684210528
0 0.5770029585798816 0.013416940789473687 0.02391518737672584 0.026833881578947373
0 0.6009180226824458 0.013745888157894738 0.024079635108481354 0.027491776315789477
0 0.6246688856015779 0.013800657894736843 0.024244082840236755 0.027601315789473686
0 0.6483785749506905 0.013800657894736843 0.02449038461538452 0.027601315789473686
0 0.6716363412228795 0.01418453947368421 0.024490631163708157 0.02836907894736842
0 0.6952639299802761 0.014458552631578948 0.024243836291913234 0.028917105263157897
0 0.7184805226824457 0.01456825657894737 0.024819033530571924 0.02913651315789474
0 0.7415739644970414 0.015171381578947367 0.024161735700197237 0.030342763157894734
0 0.7643385108481262 0.015664802631578947 0.024819033530571924 0.031329605263157895
0 0.7868154585798817 0.016158223684210524 0.024572731755424158 0.03231644736842105
0 0.9942665187376727 0.032480921052631576 0.011466962524654884 0.03190789473684211
0 0.9962389053254438 0.008592434210526316 0.00752218934911248 0.017184868421052633
0 0.9828625493096647 0.008208552631578946 0.022517998027613433 0.016417105263157893
0 0.9620702662721892 0.007166940789473685 0.022518244575936954 0.01433388157894737
0 0.9408259368836291 0.006180098684210526 0.021449704142011836 0.012360197368421052
0 0.9194996301775149 0.005138486842105263 0.02153180473372783 0.010276973684210527
0 0.8981730769230768 0.004041940789473683 0.021942800788954633 0.008083881578947367
0 0.8763124999999999 0.0031648026315789475 0.021614151873767348 0.006329605263157895
0 0.8548217455621301 0.0022875 0.021532051282051354 0.004575
0 0.832673446745562 0.0013006578947368423 0.02210724852071015 0.0026013157894736847
0 0.8105663214990138 0.0008072368421052633 0.02260009861932932 0.0016144736842105265
0 0.011208579881656806 0.09596019736842105 0.022417159763313613 0.03596513157894738
0 0.01289336785009862 0.1306092105263158 0.02578673570019724 0.035526315789473684
0 0.0008125000000000001 0.1392715460526316 0.0016250000000000001 0.018201644736842115
0 0.002579388560157791 0.16646463815789472 0.005158777120315582 0.0337720394736842
0 0.004469674556213018 0.20001710526315788 0.008939349112426036 0.03355263157894737
0 0.9975829635108481 0.11486973684210525 0.00483407297830374 0.03223684210526316
0 0.9957030325443786 0.14657203947368422 0.008593934911242596 0.03199013157894737
0 0.9934840976331359 0.1790967105263158 0.013031804733727805 0.03174342105263156
0 0.991450073964497 0.20968881578947365 0.017099852071005908 0.03141447368421053
0 0.005070759368836291 0.3003588815789474 0.010141518737672581 0.034703947368421056
0 0.007435157790927021 0.3344529605263158 0.014870315581854043 0.03399144736842103
0 0.00968860946745562 0.3689555921052632 0.01937721893491124 0.033717105263157895
0 0.012092455621301774 0.40176809210526315 0.02418491124260355 0.03256578947368421
0 0.9916963757396449 0.3067376644736842 0.016607248520710043 0.032456250000000006
0 0.9895184911242604 0.33809736842105254 0.020963017751479247 0.03179802631578946
0 0.9977778599605522 0.37093733552631575 0.004444280078895424 0.029714802631578975
0 0.9955589250493098 0.4008167763157895 0.00888214990138063 0.030263157894736843
0 0.009300912228796844 0.5236171052631579 0.018601824457593688 0.033223684210526315
0 0.012074580867850099 0.5560595394736843 0.024149161735700198 0.03199013157894737
0 0.002366740631163708 0.5905167763157895 0.004733481262327416 0.027713815789473684
0 0.005232864891518738 0.6193407894736842 0.010465729783037475 0.030921052631578946
0 0.9919948224852071 0.5137141447368421 0.016010355029585824 0.03018092105263158
0 0.9893136094674557 0.5434016447368422 0.021372781065088782 0.029029605263157895
0 0.9972647928994083 0.5730069078947368 0.005470414201183457 0.027220394736842107
0 0.9947068540433924 0.6003917763157894 0.010586291913215017 0.028207236842105264
