0 0.3351792406311637 0.026793914473684212 0.022066074950690334 0.053587828947368424
0 0.3574918639053255 0.029261019736842107 0.022066074950690334 0.053587828947368424
0 0.38029758382643003 0.03139917763157895 0.022066074950690334 0.05391677631578948
0 0.40310330374753456 0.03304391447368422 0.022066074950690334 0.05391677631578948
0 0.42584738658777127 0.03526430921052632 0.022435897435897436 0.05441019736842106
0 0.4482832840236687 0.03699128289473685 0.022682445759368838 0.054574671052631585
0 0.47121227810650895 0.03896496710526316 0.022682445759368838 0.054574671052631585
0 0.49414127218934917 0.04093865131578948 0.022682445759368838 0.054574671052631585
0 0.5161457100591716 0.043241282894736846 0.023791913214990138 0.054574671052631585
0 0.5389514299802761 0.045214967105263154 0.023791913214990138 0.054574671052631585
0 0.5609558678500987 0.047106414473684216 0.02440828402366864 0.05441019736842106
0 0.583391765285996 0.04875115131578948 0.02440828402366864 0.05441019736842106
0 0.6060125739644971 0.051053782894736846 0.02576429980276134 0.05375230263157896
0 0.628201923076923 0.053356414473684215 0.02576429980276134 0.05375230263157896
0 0.6505761834319527 0.05582351973684211 0.02638067061143984 0.05375230263157896
0 0.6723957100591715 0.058290625 0.026627218934911243 0.053094407894736836
0 0.6945850591715976 0.06042878289473684 0.026627218934911243 0.053094407894736836
0 0.7162813116370809 0.06289588815789474 0.026627218934911243 0.053094407894736836
0 0.7385322978303748 0.06528075657894736 0.027243589743589744 0.05260098684210525
0 0.7601052761341224 0.06791233552631579 0.026997041420118342 0.0522720394736842
0 0.7816782544378699 0.07037944078947368 0.026997041420118342 0.0522720394736842
0 0.8032512327416174 0.07301101973684211 0.026997041420118342 0.0516141447368421
0 0.8243311143984221 0.075478125 0.026997041420118342 0.0516141447368421
0 0.8454109960552267 0.07827417763157894 0.026503944773175542 0.0516141447368421
0 0.8668607001972386 0.0814814144736842 0.026503944773175542 0.051120723684210514
0 0.8868311143984221 0.08485312499999999 0.026257396449704144 0.050956249999999995
0 0.9067604783037475 0.08825230263157896 0.026175295857988147 0.05051776315789474
0 0.9269774408284023 0.09165131578947369 0.026175295857988147 0.05051776315789473
0 0.9467013067061144 0.09494095394736843 0.026175295857988147 0.05007927631578947
0 0.9658498520710059 0.09812072368421053 0.026010848126232743 0.04985986842105264
0 0.9854093934911243 0.10195838815789472 0.026339497041420138 0.05029835526315789
0 0.9730613905325444 0.049201973684210525 0.025723372781065047 0.05175460526315789
0 0.9538306213017751 0.045693092105263164 0.025723372781065047 0.05175460526315789
0 0.9338191568047337 0.041636019736842104 0.02564127218934905 0.051535197368421055
0 0.9137255917159763 0.03818207236842105 0.025559171597633164 0.051864144736842095
0 0.8935907297830377 0.03467319078947368 0.025559171597633053 0.051864144736842095
0 0.8730861686390531 0.03089046052631579 0.02613436883629185 0.0524125
0 0.8517186883629192 0.026997861842105262 0.02646301775147925 0.0525220394736842
0 0.32362019230769223 0.1538983552631579 0.023504191321499036 0.05493421052631579
0 0.34720673076923075 0.1565299342105263 0.02350419132149898 0.05493421052631579
0 0.3709574704142012 0.15866825657894734 0.023011094674556233 0.05482467105263157
0 0.3945438856015779 0.16064194078947366 0.023504437869822443 0.05482467105263157
0 0.41817147435897434 0.16283503289473683 0.023586538461538444 0.05482467105263157
0 0.44155251479289936 0.16491842105263158 0.0239975345167653 0.055044078947368416
0 0.46530350098619333 0.16711134868421051 0.02465483234714004 0.05548256578947368
0 0.4889721400394478 0.16924950657894738 0.02465483234714004 0.05515361842105263
0 0.5119833579881657 0.1713876644736842 0.024983481262327436 0.055263486842105275
0 0.5351589003944773 0.17363552631578946 0.025476577909270236 0.05471513157894737
0 0.5583345660749507 0.17582861842105266 0.026298323471400434 0.054715131578947376
0 0.5814689349112426 0.1779669407894737 0.026544871794871836 0.05460559210526316
0 0.6052608481262327 0.1798858552631579 0.026462524654832318 0.05383815789473685
0 0.6283952169625248 0.18174999999999997 0.026709072978303716 0.05383815789473686
0 0.6512830374753451 0.18339473684210525 0.02695562130177512 0.05383815789473686
0 0.6744587031558186 0.18553305921052632 0.027284270216962517 0.05372861842105262
0 0.6973876972386588 0.1875067434210526 0.027777366863905313 0.053070723684210515
0 0.7203989151873766 0.18937072368421048 0.028106015779092716 0.05329013157894738
0 0.32464743589743583 0.20795526315789473 0.023422090729783036 0.05361842105263158
0 0.34790507889546346 0.20992894736842102 0.023422090729783036 0.05361842105263158
0 0.37124506903353055 0.21234111842105266 0.023422090729783036 0.05361842105263158
0 0.3945850591715976 0.2145889802631579 0.022928994082840236 0.053508881578947336
0 0.4178427021696252 0.21700115131578948 0.022928994082840236 0.05416677631578948
0 0.4408539201183431 0.21913947368421052 0.023586538461538444 0.05405723684210524
0 0.4639472386587771 0.2213325657894737 0.023422090729783036 0.05339934210526317
0 0.4866296844181459 0.2233610197368421 0.023422090729783036 0.053289802631578946
0 0.5093531804733727 0.22533470394736843 0.02432618343195264 0.053289802631578946
0 0.5320766765285996 0.22736315789473682 0.024244082840236644 0.05274144736842103
0 0.5547179487179487 0.22933700657894734 0.02498372781065096 0.05296085526315789
0 0.577687993096647 0.2314203947368421 0.025558925049309754 0.05274144736842103
0 0.6010279832347141 0.23306513157894734 0.025558925049309643 0.05274144736842103
0 0.623628205128205 0.23481940789473685 0.02621646942800796 0.05274144736842106
0 0.6463518244575938 0.23624473684210529 0.02646301775147925 0.05274144736842103
0 0.669239768244576 0.23783470394736844 0.02687401380670605 0.05197401315789474
0 0.6918401134122287 0.23936990131578947 0.02687401380670605 0.05197401315789474
0 0.7142760108481263 0.24156266447368424 0.02687401380670605 0.051316118421052624
0 0.7375337771203156 0.24315263157894743 0.02753155818540437 0.05120657894736843
0 0.7598465236686389 0.24512631578947375 0.027613658777120367 0.05120657894736843
0 0.7440675542406312 0.19156381578947368 0.028106015779092716 0.05329013157894738
0 0.7662569033530572 0.19370197368421052 0.028106015779092716 0.05329013157894738
0 0.7888777120315582 0.19584013157894734 0.028475838264299815 0.052303289473684234
0 0.7822622041420119 0.24677220394736846 0.028557938856015812 0.051754934210526335
0 0.8042461785009863 0.249678125 0.02781829388560161 0.05076809210526313
0 0.8111903353057198 0.19786858552631584 0.029215483234714016 0.05285164473684209
0 0.8335441321499015 0.200390625 0.0292154832347139 0.05285164473684213
0 0.8557334812623275 0.2025289473684211 0.0292154832347139 0.0520842105263158
0 0.8265176282051283 0.2511032894736842 0.02880448717948721 0.05142631578947369
0 0.8482549309664693 0.253515625 0.028229289940828413 0.05054901315789477
0 0.8779227071005917 0.20521529605263156 0.028886834319526617 0.0519746710526316
0 0.8703618096646942 0.2557636513157895 0.028393737672583817 0.050658881578947386
0 0.8915649654832347 0.2582856907894737 0.028393737672583817 0.050658881578947386
0 0.8628010355029585 0.3053797697368421 0.028229289940828413 0.049672039473684225
0 0.8554868096646943 0.3537899671052631 0.028393737672583817 0.04802730263157892
0 0.8764022435897437 0.3559279605263158 0.02831139053254441 0.04682105263157899
0 0.8969478550295857 0.3579018092105263 0.02831139053254441 0.047259539473684206
0 0.9172469181459567 0.3596560855263159 0.0283113905325443 0.04725953947368425
0 0.9373407297830373 0.36195871710526323 0.028229289940828413 0.04660164473684214
0 0.9573111439842208 0.36409671052631576 0.02773619329388561 0.0467111842105263
0 0.9768705621301775 0.36628980263157895 0.02773619329388561 0.0467111842105263
0 0.8843328402366863 0.3077375 0.028065088757396422 0.049123684210526326
0 0.9047963510848126 0.3100401315789474 0.028065088757396422 0.049123684210526326
0 0.9126036735700198 0.2604787828947368 0.028393737672583817 0.050658881578947344
0 0.899207963510848 0.20812088815789476 0.028886834319526617 0.051645723684210505
0 0.9204111193293885 0.2103139802631579 0.028886834319526617 0.05164572368421054
0 0.9412034023668638 0.2136034539473684 0.028229289940828413 0.05164572368421054
0 0.9617080867850097 0.2168929276315789 0.027982741617357015 0.05098782894736843
0 0.9822948717948717 0.21957927631578947 0.02773619329388561 0.050220394736842096
0 0.9333137327416174 0.26338453947368423 0.027900641025641017 0.04989144736842104
0 0.9540237919132151 0.26601611842105266 0.027900641025641017 0.04989144736842104
0 0.9739530325443787 0.26853799342105267 0.027160996055226816 0.04967203947368419
0 0.9856798570019725 0.31952467105263155 0.026667899408284013 0.047478947368421016
0 0.9658738905325444 0.3170027960526316 0.027160996055226816 0.04769835526315791
0 0.9462164694280079 0.31442615131578944 0.028065088757396422 0.04868519736842103
0 0.9255885108481261 0.3123427631578947 0.02757199211045362 0.04846578947368422
0 0.326219181459566 0.26009342105263156 0.023360453648915185 0.05164473684210526
0 0.34899408284023664 0.26247828947368423 0.022805719921104535 0.052138157894736845
0 0.3716765285996055 0.2648904605263158 0.022805719921104535 0.052138157894736845
0 0.37229302268244574 0.31593223684210525 0.022230522682445797 0.049835526315789476
0 0.3496107001972387 0.3132458881578948 0.022066074950690334 0.050383881578947416
0 0.32692813116370806 0.31088848684210524 0.022230522682445797 0.049835526315789476
0 0.39452342209072977 0.2668641447368421 0.022805719921104535 0.052138157894736845
0 0.394913708086785 0.3182347039473684 0.021942800788954633 0.05005493421052632
0 0.4174317061143984 0.32042763157894744 0.021942800788954633 0.04961644736842107
0 0.4174010108481262 0.26949588815789477 0.022168885601577887 0.052357565789473696
0 0.4400424063116371 0.27157911184210526 0.02257988165680475 0.05235756578947366
0 0.4395082593688363 0.32229177631578954 0.022661982248520746 0.049835526315789476
0 0.46293035009861927 0.2738819078947369 0.023155078895463546 0.05257697368421054
0 0.48536624753451674 0.27580065789473684 0.023155078895463546 0.051590131578947346
0 0.5075966469428007 0.27760970394736845 0.023730276134122288 0.05148059210526315
0 0.5299092702169624 0.27974786184210526 0.02446992110453649 0.050932565789473694
0 0.5522630670611439 0.28172154605263156 0.02446992110453649 0.050932565789473694
0 0.5742880917159764 0.28325674342105267 0.025127465483234804 0.050932565789473694
0 0.5971348619329387 0.2844628289473684 0.025949211045364892 0.05071315789473685
0 0.6194473619329389 0.28594325657894737 0.026360207100591695 0.05126151315789472
0 0.6419244329388559 0.28736875 0.026606755424063096 0.05016513157894735
0 0.6641958826429981 0.2887940789473684 0.027099852071005896 0.05016513157894735
0 0.46194415680473366 0.3241559210526316 0.022661982248520746 0.049835526315789476
0 0.48380485700197234 0.3261297697368421 0.02266198224852069 0.04939703947368422
0 0.5055832100591716 0.32793898026315793 0.02414127218934909 0.04906809210526317
0 0.5270327909270216 0.3300222039473685 0.02397682445759369 0.0484101973684211
0 0.5487702169625246 0.331392927631579 0.024223372781065088 0.04873914473684211
0 0.5707951183431953 0.33325707236842106 0.024223372781065088 0.04873914473684208
0 0.5928611932938855 0.33451792763157895 0.024963017751479293 0.048410197368421067
0 0.6147218934911243 0.336053125 0.025620315581854087 0.04841019736842102
0 0.6367469181459566 0.33769769736842103 0.02594896449704137 0.04884868421052635
0 0.6586076183431954 0.33895871710526315 0.02594896449704137 0.04873914473684211
0 0.6807557938856016 0.34038404605263156 0.02668860946745557 0.048739144736842155
0 0.6867138806706115 0.29054835526315786 0.027099852071005896 0.050165131578947385
0 0.7087798323471399 0.2925220394736842 0.028003944773175613 0.050165131578947385
0 0.7029451429980276 0.34186430921052635 0.02668860946745557 0.04808125000000005
0 0.7257096893491124 0.3430703947368421 0.026688609467455684 0.04851973684210527
0 0.731380177514793 0.29433108552631576 0.028003944773175502 0.04961677631578945
0 0.7537339743589744 0.29597582236842107 0.028003944773175502 0.04961677631578945
0 0.7758412228796844 0.2978399671052631 0.028003944773175502 0.049616776315789486
0 0.7975785256410255 0.2998682565789474 0.027921844181459505 0.04928782894736843
0 0.8195213264299801 0.3017324013157895 0.027921844181459505 0.0492878289473684
0 0.8412998027613412 0.30348684210526317 0.0282504930966469 0.04884934210526314
0 0.8332974605522683 0.3518712171052632 0.027900641025641017 0.04769835526315791
0 0.7475292159763314 0.3450440789473684 0.026688609467455684 0.04851973684210527
0 0.7690610207100591 0.34657927631578944 0.027674802761341284 0.047861842105263196
0 0.7908393737672584 0.34833355263157895 0.027674802761341172 0.04786184210526316
0 0.8123711785009863 0.35019769736842105 0.027674802761341172 0.047861842105263196
0 0.9955297090729782 0.10473914473684211 0.008940581854043374 0.04835526315789473
0 0.989961785009862 0.053259046052631584 0.020076429980276093 0.05175427631578948
0 0.830515409270217 0.02525888157894737 0.02596967455621304 0.05051776315789474
0 0.8094355276134123 0.023778618421052635 0.02621622287968444 0.04755723684210527
0 0.787739275147929 0.022353125000000005 0.02621622287968444 0.04470625000000001
0 0.7657964743589745 0.02103733552631579 0.025230029585798838 0.04207467105263158
0 0.7436892258382642 0.01961200657894737 0.025230029585798838 0.03922401315789474
0 0.721294378698225 0.018405756578947368 0.02514792899408284 0.036811513157894736
0 0.6987763806706114 0.01719967105263158 0.02465483234714004 0.03439934210526316
0 0.6763816568047337 0.015883881578947368 0.024901380670611442 0.031767763157894736
0 0.654192184418146 0.014732565789473684 0.024243836291913234 0.029465131578947368
0 0.357594674556213 0.0008620065789473684 0.021942800788954633 0.0017240131578947367
0 0.3805235453648915 0.001958388157894737 0.02227144970414198 0.003916776315789474
0 0.4034525394477318 0.0032194078947368424 0.02227144970414198 0.006438815789473685
0 0.4260527613412229 0.004041776315789474 0.022435897435897436 0.008083552631578948
0 0.44910515285996055 0.005138322368421052 0.022353796844181435 0.010276644736842104
0 0.4721162475345168 0.005960690789473685 0.022517998027613378 0.01192138157894737
0 0.49504536489151874 0.007112006578947368 0.022682445759368838 0.014224013157894736
0 0.5177688609467456 0.008153618421052632 0.022271449704142035 0.016307236842105263
0 0.54057458086785 0.009030756578947367 0.022517998027613433 0.018061513157894733
0 0.5630515285996055 0.010291776315789473 0.022764792899408245 0.020583552631578947
0 0.5860215729783038 0.011004440789473683 0.02333999013806704 0.022008881578947367
0 0.6091560650887574 0.011936513157894737 0.023422090729783036 0.023873026315789473
0 0.6316741863905325 0.01336200657894737 0.023750739644970435 0.02672401315789474
0 0.9944070512820513 0.2223746710526316 0.011185897435897409 0.049451973684210546
0 0.9901746794871795 0.2711685855263158 0.019650641025641017 0.04879375
0 0.9958041173570019 0.321278125 0.008391765285996007 0.04682006578947372
0 0.9913251972386588 0.36848207236842107 0.01734960552268242 0.04627203947368418
0 0.8551888560157792 0.0013491776315789474 0.021141518737672584 0.0026983552631578947
0 0.8766693786982249 0.00299391447368421 0.02071005917159763 0.00598782894736842
0 0.8975335305719921 0.004762006578947368 0.02101824457593688 0.009524013157894737
0 0.918120315581854 0.006982401315789474 0.021881163708086786 0.013964802631578947
0 0.9385530078895463 0.008914967105263159 0.021942800788954633 0.017829934210526317
0 0.9587083333333334 0.010888651315789474 0.02231262327416174 0.021777302631578947
0 0.9788944773175542 0.012738980263157895 0.022744082840236688 0.02547796052631579
0 0.9938388806706114 0.01413700657894737 0.012322238658777074 0.02827401315789474
