0 0.9127604783037474 0.4244069078947368 0.04421425049309667 0.03355263157894737
0 0.9566460798816566 0.4261611842105263 0.04421425049309667 0.03355263157894737
0 0.9111167406311638 0.45752105263157894 0.04421425049309667 0.03355263157894737
0 0.9543450443786983 0.4601526315789473 0.04421425049309656 0.03355263157894737
0 0.9086512573964497 0.4910736842105263 0.04421425049309667 0.03355263157894737
0 0.9517151134122286 0.4948016447368421 0.04421425049309667 0.03355263157894737
0 0.9147328648915186 0.3910736842105263 0.04421425049309667 0.03355263157894737
0 0.9577967209072978 0.39304736842105265 0.04421425049309656 0.03355263157894737
0 0.9168696992110454 0.35839802631578943 0.04421425049309656 0.03355263157894737
0 0.9600977564102563 0.35949473684210526 0.04421425049309667 0.03355263157894737
0 0.9070077662721894 0.5244069078947368 0.04421425049309656 0.03355263157894737
0 0.9502358234714003 0.5274769736842105 0.04421425049309667 0.03355263157894737
0 0.9094732495069034 0.5276963815789473 0.04421425049309656 0.03355263157894737
0 0.9045421597633135 0.5554375 0.04454289940828407 0.03596513157894731
0 0.9477702169625246 0.561358552631579 0.04454289940828407 0.03596513157894731
0 0.9028984220907298 0.5883322368421052 0.04454289940828407 0.03596513157894731
0 0.9456336291913215 0.5938148026315789 0.04454289940828396 0.03596513157894739
0 0.9001042899408283 0.6196917763157894 0.04454289940828407 0.03596513157894739
0 0.9434967948717948 0.6260513157894737 0.04454289940828407 0.03596513157894739
0 0.8947623274161736 0.7226524671052632 0.04339250493096647 0.03706151315789471
0 0.9371686390532544 0.7294508223684211 0.04339250493096647 0.03706151315789471
0 0.8970633629191322 0.6917314144736841 0.04339250493096647 0.037061513157894785
0 0.9396341222879685 0.6976524671052632 0.04339250493096647 0.03706151315789471
0 0.9409489644970416 0.6651962171052632 0.04339250493096647 0.037061513157894785
0 0.8990357495069035 0.6603718749999999 0.04339250493096647 0.037061513157894785
0 0.8931185897435898 0.7551087171052632 0.04339250493096647 0.03706151315789471
0 0.9347031558185405 0.7619067434210527 0.04339250493096647 0.03706151315789486
0 0.9774381163708088 0.7687050986842106 0.04339250493096647 0.03706151315789471
0 0.8908175542406311 0.7871261513157896 0.04339250493096647 0.03706151315789471
0 0.9325663214990139 0.7937050986842105 0.04339250493096647 0.03706151315789471
0 0.9748905325443787 0.8009419407894737 0.04339250493096647 0.03706151315789471
0 0.8888451676528599 0.8180472039473685 0.04339250493096647 0.03706151315789471
0 0.9297721893491124 0.8252840460526316 0.04339250493096647 0.03706151315789471
0 0.9719319526627219 0.8331787828947369 0.04339250493096647 0.03706151315789471
0 0.8861331360946745 0.8485296052631579 0.041913214990138066 0.038157894736842106
0 0.9270601577909271 0.8560953947368422 0.041913214990138066 0.038157894736842106
0 0.9684802761341224 0.8643190789473685 0.041913214990138066 0.038157894736842106
0 0.8841607495069034 0.8794506578947369 0.041913214990138066 0.038157894736842106
0 0.9236084812623274 0.8866875000000001 0.041913214990138066 0.038157894736842106
0 0.9657682445759369 0.8939243421052632 0.041913214990138066 0.038157894736842106
0 0.8812021696252466 0.9083980263157895 0.041913214990138066 0.038157894736842106
0 0.9213895463510848 0.9166217105263159 0.041913214990138066 0.038157894736842106
0 0.9620700197238659 0.9251743421052632 0.041913214990138066 0.038157894736842106
0 0.878038214990138 0.9430470394736842 0.042159763313609475 0.03947368421052632
0 0.9177324950690335 0.9543957236842104 0.042159763313609475 0.03947368421052632
0 0.8753261834319527 0.9728167763157894 0.042159763313609475 0.03947368421052632
0 0.9579815088757395 0.9631128289473684 0.04376232741617357 0.03947368421052632
0 0.9208964497041421 0.2517095394736842 0.04339250493096647 0.03355263157894737
0 0.9644534023668639 0.2508322368421052 0.04339250493096647 0.03355263157894737
0 0.9192527120315582 0.2850427631578947 0.04339250493096647 0.03355263157894737
0 0.962973865877712 0.2850427631578947 0.04339250493096647 0.03355263157894737
0 0.918430966469428 0.3185953947368421 0.04339250493096647 0.03355263157894737
0 0.9616590236686391 0.3192532894736842 0.04339250493096647 0.03355263157894737
0 0.9229510601577909 0.18515230263157895 0.04322805719921107 0.03421052631578949
0 0.9219648668639053 0.21870493421052636 0.04322805719921107 0.034210526315789476
0 0.966179117357002 0.18361710526315794 0.04322805719921107 0.034210526315789476
0 0.9653573717948718 0.21760855263157894 0.04322805719921107 0.034210526315789476
0 0.9243481262327417 0.11903388157894737 0.04240631163708087 0.03355263157894737
0 0.9268136094674555 0.12232335526315789 0.04240631163708087 0.03355263157894737
0 0.9238550295857988 0.15214802631578947 0.04240631163708087 0.03355263157894737
0 0.9672475345167653 0.11727960526315788 0.04240631163708087 0.03355263157894737
0 0.9665899901380671 0.15017434210526315 0.04240631163708087 0.03355263157894737
0 0.924676775147929 0.08482335526315789 0.04240631163708087 0.03355263157894737
0 0.9677406311637081 0.08306907894736841 0.04240631163708087 0.033552631578947355
0 0.9257453155818539 0.05313486842105263 0.042570512820512864 0.03289473684210526
0 0.9679873027613412 0.05072253289473684 0.04322805719921107 0.03464901315789473
0 0.9260399408284025 0.017207236842105265 0.041830867850098666 0.03441447368421053
0 0.9143713017751479 0.9818347039473684 0.04265285996055227 0.03633059210526321
0 0.9687338510848126 0.015507730263157894 0.04322805719921107 0.031015460526315788
0 0.9952151134122288 0.013205098684210527 0.00956977317554242 0.026410197368421054
0 0.9948555226824456 0.04908026315789474 0.010288954635108474 0.03322368421052632
0 0.994403476331361 0.08197483552631578 0.011193047337278078 0.032785197368421046
0 0.9940336538461538 0.11618536184210528 0.011932692307692281 0.033004276315789484
0 0.9937871055226826 0.14957351973684213 0.01242578895463508 0.03311414473684209
0 0.9937050049309666 0.18329078947368418 0.012589990138067074 0.031907894736842086
0 0.9934172830374753 0.2170625 0.013165433925049283 0.033223684210526315
0 0.992800912228797 0.25138289473684206 0.014398175542406284 0.03256578947368421
0 0.9921024408284023 0.2855934210526316 0.015795118343195278 0.03256578947368421
0 0.9916093441814595 0.3200230263157895 0.01678131163708088 0.033223684210526315
0 0.9905929487179488 0.3601606907894737 0.01881410256410255 0.032785197368421025
0 0.9896889792899409 0.3944259868421052 0.02062204142011835 0.03355263157894737
0 0.9884562376725838 0.4286914473684211 0.023087524654832357 0.03388157894736842
0 0.9875521449704141 0.46290180921052626 0.024895710059171565 0.03410098684210531
0 0.9866071252465484 0.4971671052631578 0.02678574950690336 0.034210526315789476
0 0.985497657790927 0.530610197368421 0.029004684418145965 0.034868421052631576
0 0.9841826923076924 0.5648754934210527 0.03163461538461537 0.035416776315789524
0 0.9829089003944774 0.5983185855263158 0.03418219921104537 0.03541677631578945
0 0.981881533530572 0.6322001644736842 0.03623693293885598 0.03541677631578945
0 0.9809365138067061 0.6698098684210526 0.03812697238658778 0.03618421052631587
0 0.9799503205128205 0.703033552631579 0.04009935897435898 0.037171052631578945
0 0.9784504437869823 0.7358184210526315 0.04309911242603549 0.03782894736842105
0 0.9985851824457593 0.7713996710526315 0.0028296351084812284 0.03245592105263148
0 0.9974346646942801 0.8048425986842105 0.005130670611439829 0.031359539473684236
0 0.9958731508875739 0.8369699013157894 0.008253698224852037 0.03179835526315802
0 0.994188486193294 0.8688777960526317 0.011623027613412235 0.03201743421052619
0 0.9925036982248521 0.9004019736842106 0.014992603550295846 0.03256578947368421
0 0.9906135355029586 0.9322 0.018772928994082845 0.033223684210526315
0 0.9886411489151874 0.9709610197368419 0.02271770216962525 0.03399111842105266
0 0.9869563609467455 0.9914016447368422 0.026087278106508863 0.01719671052631572
0 0.9543737672583827 0.9863577302631578 0.04474852071005918 0.027284539473684262
0 0.9109196252465483 0.9954860197368419 0.039694280078895465 0.009027960526315843
0 0.8718417159763313 0.9903873355263156 0.040927021696252466 0.019225328947368475
