0 0.015898668639053256 0.6819769736842105 0.027366863905325445 0.04407894736842106
0 0.03767702169625247 0.6830733552631578 0.027366863905325448 0.04407894736842112
0 0.06019514299802761 0.6838957236842105 0.027038214990138067 0.04440789473684218
0 0.08267221400394478 0.6848277960526316 0.026791666666666658 0.044298355263157944
0 0.1054367603550296 0.6857050986842104 0.026791666666666672 0.04429835526315787
0 0.12840692800788955 0.6864725328947368 0.02654511834319527 0.044298355263157944
0 0.1519112426035503 0.6871304276315789 0.026216469428007875 0.044298355263157944
0 0.17516900887573963 0.6877335526315789 0.026052021696252446 0.04418881578947371
0 0.198467825443787 0.6882819078947369 0.025312376725838245 0.04418881578947363
0 0.22160219428007893 0.6888302631578946 0.02506582840236687 0.04418881578947363
0 0.24477761341222878 0.6891593750000001 0.02440828402366864 0.04375032894736841
0 0.2917449457593688 0.6894333881578947 0.02350419132149898 0.04386019736842106
0 0.267911858974359 0.6894333881578947 0.023504191321499036 0.04386019736842106
0 0.3148382642998028 0.6898172697368421 0.023175542406311637 0.043531250000000014
0 0.3379317061143985 0.6897077302631579 0.022682445759368838 0.04353124999999994
0 0.36098385108481257 0.6896529605263158 0.022107248520710037 0.043640789473684174
0 0.3836659270216962 0.689707894736842 0.021942800788954633 0.04331184210526313
0 0.40626627218934913 0.6894884868421052 0.021942800788954633 0.04331184210526313
0 0.4291952662721893 0.6894884868421052 0.022435897435897436 0.04331184210526313
0 0.451548939842209 0.6903108552631578 0.022764546351084776 0.04298289473684207
0 0.47340964003944774 0.6908592105263159 0.02276454635108483 0.04298289473684207
0 0.49543454142011834 0.6916266447368421 0.022764546351084776 0.04298289473684207
0 0.012934541420118342 0.8078702302631579 0.025805473372781065 0.03969309210526313
0 0.034137697238658775 0.809186019736842 0.02580547337278106 0.03969309210526313
0 0.05492998027613412 0.8106115131578947 0.025969921104536494 0.04013157894736842
0 0.07605103550295858 0.811707894736842 0.02596992110453649 0.04013157894736842
0 0.09741851577909272 0.8128042763157896 0.025641272189349106 0.04013157894736842
0 0.11903266765285997 0.8139006578947369 0.02514817554240632 0.04013157894736842
0 0.1405645956607495 0.8145587171052632 0.024983727810650905 0.04035098684210524
0 0.16275394477317556 0.8152713815789474 0.024983727810650905 0.040241447368421154
0 0.18482001972386589 0.8157646381578947 0.0247371794871795 0.03969309210526313
0 0.20684492110453648 0.8163677631578948 0.024244082840236672 0.03958355263157905
0 0.22878772189349111 0.8169161184210527 0.023750986193293872 0.03958355263157905
0 0.2507305226824458 0.8170256578947369 0.023750986193293903 0.03958355263157905
0 0.27279659763313613 0.8175738486842105 0.0230113412228797 0.039364144736842084
0 0.2953145956607495 0.8175738486842105 0.0225182445759369 0.039364144736842084
0 0.3171752958579882 0.8174643092105263 0.022025147928994095 0.03936414473684223
0 0.3389537721893491 0.8175190789473684 0.0216964990138067 0.03947368421052632
0 0.36093774654832345 0.8175740131578947 0.02128574950690336 0.03980263157894737
0 0.38271622287968443 0.8176835526315789 0.020957100591715964 0.03980263157894737
0 0.4044532790927021 0.8175738486842105 0.02120389546351083 0.039364144736842084
0 0.42635490631163714 0.817683552631579 0.02145044378698223 0.03958355263157905
0 0.4478868343195266 0.8177930921052631 0.02177909270216963 0.039583552631578894
0 0.46917209072978305 0.8181220394736841 0.02177909270216963 0.039583552631578894
0 0.4902519723865878 0.818121875 0.021532544378698226 0.039364144736842084
0 0.022062376725838266 0.7260011513157895 0.026873767258382645 0.04265361842105261
0 0.028226208086785005 0.7682161184210525 0.026545118343195263 0.04155723684210521
0 0.049223865877712034 0.769532072368421 0.026463017751479283 0.041118750000000065
0 0.043717455621301776 0.7270976973684211 0.026627218934911247 0.04309210526315789
0 0.06541370808678501 0.7283039473684211 0.026627218934911233 0.04309210526315789
0 0.07059122287968442 0.7707930921052631 0.026134122287968433 0.041447368421052636
0 0.09253414694280078 0.7715059210526316 0.026298570019723858 0.04177631578947368
0 0.08747990631163709 0.728852302631579 0.02654511834319526 0.04243421052631579
0 0.10983357988165679 0.7298939144736842 0.026216469428007892 0.04232467105263155
0 0.11431250000000001 0.7724925986842106 0.02580547337278107 0.0413378289473684
0 0.1365019723865878 0.773205427631579 0.025476824457593673 0.0416667763157896
0 0.13231052761341225 0.7306065789473686 0.02580547337278107 0.04243421052631579
0 0.15556817061143982 0.7312644736842107 0.02580547337278107 0.04243421052631579
0 0.15918417159763315 0.7738629934210527 0.025476824457593673 0.04122796052631582
0 0.18174346646942802 0.7745756578947367 0.02506582840236687 0.041118421052631575
0 0.17833284023668636 0.7318128289473684 0.0254768244575937 0.04243421052631579
0 0.20113856015779094 0.7321417763157895 0.0247371794871795 0.04243421052631579
0 0.2038504684418146 0.7752340460526317 0.02457273175542404 0.0413378289473684
0 0.22640976331360949 0.77534375 0.0239975345167653 0.0408993421052631
0 0.2239854536489152 0.7327996710526316 0.0247371794871795 0.04243421052631579
0 0.2466677761341223 0.7330189144736841 0.024079635108481268 0.04221480263157898
0 0.24872250986193295 0.7756728618421052 0.0234223372781065 0.04111874999999991
0 0.27115840729783036 0.7761113486842105 0.0234223372781065 0.04111874999999991
0 0.26943244575936887 0.7336769736842107 0.023750986193293848 0.04243421052631579
0 0.29264903846153845 0.7336222039473684 0.02333999013806704 0.04232467105263155
0 0.29400517751479294 0.7764949013157895 0.0227647928994083 0.04078980263157901
0 0.31635897435897437 0.7763853618421053 0.0227647928994083 0.04078980263157901
0 0.31582458086785015 0.7337317434210526 0.02333999013806704 0.042324671052631706
0 0.3380961538461538 0.7335674342105263 0.022518244575936843 0.04243486842105261
0 0.3385072731755424 0.7763307565789475 0.022353796844181435 0.040680592105263265
0 0.36065544871794875 0.7760018092105264 0.022107248520710093 0.040680592105263265
0 0.36090162721893493 0.7335674342105263 0.02210700197238663 0.04243486842105261
0 0.3832554240631163 0.7335674342105263 0.02210700197238657 0.04243486842105261
0 0.3830088757396449 0.7761659539473685 0.02210700197238657 0.04100888157894749
0 0.40486945266272184 0.7758917763157894 0.021121055226824434 0.041118421052631575
0 0.40565002465483235 0.7332929276315789 0.021860700197238694 0.04232467105263155
0 0.4281269723865878 0.7332929276315789 0.022271696252465497 0.04232467105263155
0 0.4270588017751479 0.7760013157894736 0.021121055226824434 0.041118421052631575
0 0.44896042899408284 0.7765496710526315 0.02186070019723864 0.041118421052631575
0 0.4502342209072978 0.7338412828947368 0.022271696252465497 0.04232467105263155
0 0.4720126972386588 0.7342799342105262 0.02260034516765284 0.04210526315789474
0 0.4935445019723866 0.7347184210526316 0.02227144970414198 0.04210526315789474
0 0.4705744575936884 0.7766592105263157 0.022189349112426034 0.041118421052631575
0 0.49218860946745563 0.7769333881578947 0.022189349112426034 0.04100888157894734
0 0.8810944280078895 0.9828416118421052 0.02564102564102564 0.03431677631578943
0 0.8999553747534517 0.981472697368421 0.02576429980276134 0.03503289473684211
0 0.9181691321499014 0.9795812500000001 0.025825936883629188 0.034868421052631576
0 0.9360438856015778 0.9780187499999999 0.025825936883629188 0.034868421052631576
0 0.9539494575936883 0.9762506578947369 0.026010848126232743 0.03445723684210526
0 0.9716701183431952 0.9743592105263157 0.02631903353057199 0.034786184210526316
0 0.026044378698224853 0.9495509868421053 0.027736686390532544 0.03807565789473684
0 0.04730917159763314 0.951277960526316 0.027120315581854047 0.038240131578947366
0 0.06851232741617358 0.9528404605263159 0.027120315581854054 0.038240131578947366
0 0.09008530571992111 0.95415625 0.027120315581854047 0.038240131578947366
0 0.11190483234714003 0.9558009868421053 0.027120315581854047 0.038240131578947366
0 0.13440236686390533 0.9568700657894738 0.027120315581854033 0.038240131578947366
0 0.15634516765285997 0.9576924342105264 0.026134122287968443 0.03791118421052631
0 0.17853451676528598 0.9585148026315792 0.02551775147928994 0.03774671052631579
0 0.20075468441814592 0.9595016447368423 0.02520956607495069 0.03791118421052631
0 0.22306730769230768 0.9598305921052633 0.02520956607495069 0.03791118421052631
0 0.24550320512820514 0.9604062500000001 0.024593195266272187 0.03774671052631579
0 0.2686171104536489 0.9606940789473686 0.024223372781065088 0.03799342105263158
0 0.29117628205128204 0.9606940789473686 0.02385355029585799 0.037664473684210525
0 0.3137354536489152 0.9609819078947369 0.023360453648915185 0.038240131578947366
0 0.3363254437869823 0.9607351973684212 0.022682445759368838 0.03807565789473684
0 0.3587305226824458 0.9606940789473686 0.022497534516765286 0.03832236842105263
0 0.381258875739645 0.9604062500000001 0.021819526627218935 0.03840460526315789
0 0.4039413214990138 0.9601184210526317 0.021819526627218935 0.03799342105263158
0 0.4267470414201183 0.9602828947368421 0.021449704142011836 0.03782894736842105
0 0.4487514792899408 0.9599950657894738 0.022066074950690334 0.03791118421052631
0 0.4710641025641026 0.9596661184210528 0.022066074950690334 0.03774671052631579
0 0.49313017751479293 0.9594605263157896 0.022682445759368838 0.03782894736842105
0 0.5151654339250492 0.9591726973684211 0.022990631163708086 0.03758223684210526
0 0.5372006903353057 0.959090460526316 0.023298816568047335 0.03758223684210526
0 0.5588969428007889 0.9585970394736842 0.023052268244575937 0.03758223684210526
0 0.5805931952662722 0.9584325657894739 0.023052268244575937 0.03758223684210526
0 0.6021353550295858 0.9579802631578949 0.02348372781065089 0.0375
0 0.6237699704142011 0.9579802631578949 0.02434664694280079 0.03733552631578947
0 0.6451580374753452 0.9576924342105264 0.024223372781065088 0.03692434210526316
0 0.667008382642998 0.9573223684210528 0.02465483234714004 0.037006578947368425
0 0.6881190828402366 0.9569934210526317 0.02483974358974359 0.037006578947368425
0 0.7090756903353057 0.9565000000000001 0.02483974358974359 0.037006578947368425
0 0.7298782051282051 0.9559243421052633 0.02539447731755424 0.03684210526315789
0 0.7505882642998026 0.9551430921052633 0.02539447731755424 0.03626644736842105
0 0.7708976824457593 0.9544851973684211 0.02545611439842209 0.03643092105263158
0 0.7917618343195265 0.9536217105263158 0.026010848126232743 0.036019736842105264
0 0.8119787968441814 0.9526348684210528 0.026010848126232743 0.03618421052631579
0 0.8316410256410255 0.9514013157894738 0.026010848126232743 0.03585526315789474
0 0.8513340729783038 0.9504555921052634 0.026565581854043393 0.0359375
0 0.8702874753451676 0.9491809210526316 0.026503944773175542 0.036019736842105264
0 0.8895182445759369 0.9478651315789475 0.02675049309664694 0.03569078947368421
0 0.9087181952662722 0.9463026315789473 0.026195759368836294 0.03569078947368421
0 0.9271476824457594 0.9447401315789474 0.026195759368836294 0.03569078947368421
0 0.9452073471400394 0.9430542763157896 0.026195759368836294 0.035608552631578944
0 0.9633902859960551 0.9412450657894738 0.026195759368836294 0.035608552631578944
0 0.9812034023668639 0.9396003289473686 0.02668885601577909 0.035444078947368424
0 0.0036963757396449703 0.6810450657894738 0.0073927514792899406 0.0433111842105263
0 0.0068370315581854045 0.7248657894736841 0.013674063116370809 0.042324342105263216
0 0.009836785009861935 0.7669710526315789 0.01967357001972387 0.04122828947368416
0 0.0027689842209072976 0.8078702302631579 0.005537968441814595 0.03706151315789471
0 0.0022553007889546356 0.9905774671052631 0.004510601577909271 0.018845065789473755
0 0.012579511834319526 0.9838340460526316 0.025159023668639053 0.032331907894736917
0 0.03292529585798817 0.9841629934210526 0.02650394477317554 0.03167401315789481
0 0.05348126232741617 0.985108717105263 0.025702662721893497 0.029782565789473754
0 0.07462278106508877 0.9857666118421051 0.025209566074950698 0.028466776315789546
0 0.09564102564102564 0.9863833881578946 0.024963017751479293 0.0272332236842106
0 0.11647435897435897 0.9872057565789473 0.024716469428007877 0.025588486842105334
0 0.13869452662721893 0.9880692434210526 0.02391518737672584 0.02386151315789481
0 0.1602366863905325 0.9885626644736841 0.023730276134122288 0.02287467105263165
0 0.18196375739644968 0.9888916118421052 0.023791913214990138 0.022216776315789548
0 0.20366000986193292 0.9891794407894736 0.02354536489151874 0.021641118421052704
0 0.22575690335305718 0.9896317434210525 0.022990631163708086 0.020736513157894806
0 0.2479154339250493 0.9898373355263157 0.022805719921104563 0.020325328947368493
0 0.270659516765286 0.9901662828947367 0.022435897435897436 0.01966743421052639
0 0.2928180473372781 0.9902074013157893 0.022004437869822483 0.019585197368421122
0 0.31503821499013807 0.990248519736842 0.022189349112426034 0.01950296052631586
0 0.3371351084812624 0.9900429276315789 0.022127712031558184 0.019914144736842172
0 0.3594169132149902 0.9900840460526315 0.021696252465483234 0.019831907894736912
0 0.3813597140039447 0.9899606907894736 0.021572978303747534 0.020078618421052703
0 0.40385724852071003 0.9897962171052631 0.021449704142011836 0.020407565789473756
0 0.4258616863905325 0.9899606907894736 0.021203155818540435 0.020078618421052703
0 0.44783530571992114 0.9897550986842104 0.021264792899408285 0.020489802631579016
0 0.4697164694280079 0.989590625 0.021511341222879683 0.02081875000000007
0 0.49153599605522685 0.989590625 0.022250986193293888 0.02081875000000007
0 0.5133247041420119 0.9895083881578947 0.021819526627218935 0.020983223684210597
0 0.5351134122287968 0.9893439144736841 0.021634615384615384 0.02131217105263165
0 0.5566863905325443 0.9892205592105262 0.022004437869822483 0.02155888157894744
0 0.5781052761341223 0.9889738486842105 0.022435897435897436 0.022052302631579018
0 0.5991543392504931 0.9887682565789473 0.022620808678500987 0.02246348684210533
0 0.620604043392505 0.9888093749999999 0.022867357001972385 0.02238125000000007
0 0.6416531065088757 0.9885626644736841 0.022435897435897436 0.02287467105263165
0 0.6628562623274161 0.9881103618421053 0.022559171597633137 0.023779276315789542
0 0.6835663214990138 0.9879047697368419 0.022928994082840236 0.024190460526315863
0 0.7042763806706115 0.9878225328947366 0.022928994082840236 0.024354934210526386
0 0.7248631656804734 0.9873702302631577 0.023175542406311637 0.02525953947368428
0 0.7449568540433925 0.9870824013157894 0.023422090729783036 0.025835197368421124
0 0.7651121794871794 0.9865067434210525 0.02366863905325444 0.026986513157894805
0 0.7853291420118343 0.9862189144736841 0.024161735700197237 0.02756217105263165
0 0.8050959072978305 0.9855965460526316 0.024161735700197237 0.028806907894736798
0 0.824573224852071 0.9848975328947367 0.024285009861932938 0.030204934210526273
0 0.8436499013806706 0.984198519736842 0.02520956607495069 0.03160296052631574
0 0.8626957593688362 0.9835817434210525 0.02520956607495069 0.032836513157894695
0 0.9879153106508876 0.9725499999999999 0.024169378698224837 0.034786184210526316
0 0.9968835059171598 0.9764151315789474 0.006232988165680461 0.024259868421052634
0 0.9949111193293886 0.9940669407894737 0.010177761341222866 0.011866118421052587
0 0.982918885601578 0.9946425986842105 0.01960059171597633 0.010714802631578903
0 0.9654755917159764 0.995588322368421 0.01960059171597633 0.008823355263157851
0 0.9479706607495069 0.9963695723684209 0.01886094674556213 0.00726085526315785
0 0.9308355522682447 0.997150822368421 0.01861439842209073 0.00569835526315785
0 0.913423076923077 0.9980143092105263 0.01781311637080868 0.0039713815789473245
0 0.8958256903353058 0.9989189144736842 0.016765285996055226 0.0021621710526315346
0 0.00938560157790927 0.9482351973684212 0.01877120315581854 0.03758223684210526
0 0.9925894970414201 0.9386546052631579 0.014821005917159772 0.03503289473684211
