0 0.2327921597633136 0.5837598684210528 0.026997041420118342 0.04588815789473684
0 0.25609097633136096 0.5832664473684211 0.026997041420118315 0.04588815789473684
0 0.20875369822485207 0.5839243421052632 0.026997041420118342 0.04588815789473684
0 0.2129450197238659 0.6299769736842106 0.026997041420118342 0.04588815789473684
0 0.2595426528599606 0.6291546052631579 0.026997041420118315 0.04588815789473684
0 0.2358740138067061 0.6291546052631579 0.026997041420118342 0.04588815789473684
0 0.21645833333333336 0.6743026315789474 0.025887573964497042 0.04276315789473684
0 0.23951060157790932 0.674467105263158 0.025887573964497042 0.04276315789473684
0 0.2624395956607495 0.6743026315789474 0.025887573964497014 0.04276315789473684
0 0.2856151380670611 0.6738092105263159 0.024901380670611442 0.04276315789473684
0 0.24283900394477315 0.7171480263157896 0.024901380670611414 0.0412828947368421
0 0.22027983234714008 0.7171480263157896 0.024901380670611442 0.0412828947368421
0 0.265521449704142 0.7174769736842106 0.024901380670611442 0.0412828947368421
0 0.287710798816568 0.7168190789473685 0.024901380670611442 0.0412828947368421
0 0.19772066074950695 0.7173125 0.024901380670611442 0.0412828947368421
0 0.19315951676528603 0.6748782894736842 0.024901380670611442 0.0412828947368421
0 0.3304252958579882 0.627921052631579 0.024285009861932938 0.045394736842105265
0 0.30651010848126237 0.6284144736842106 0.024285009861932938 0.045394736842105265
0 0.2829647435897436 0.6284144736842106 0.024285009861932938 0.045394736842105265
0 0.35360083826429983 0.6274276315789474 0.024285009861932938 0.045394736842105265
0 0.3092221400394477 0.6736447368421052 0.024285009861932938 0.045394736842105265
0 0.37665310650887573 0.6264407894736842 0.024285009861932938 0.045394736842105265
0 0.35483357988165676 0.6715065789473685 0.023298816568047335 0.04375
0 0.33178131163708086 0.6736447368421055 0.023298816568047335 0.04375
0 0.37751602564102565 0.6706842105263159 0.023298816568047335 0.04375
0 0.4003217455621302 0.6703552631578948 0.023298816568047335 0.04375
0 0.35567603550295857 0.7154212171052632 0.022435897435897436 0.04221480263157898
0 0.3332401380670611 0.7160791118421053 0.022435897435897436 0.04221480263157898
0 0.3107221400394477 0.7161886513157895 0.022435897435897436 0.04221480263157898
0 0.378111932938856 0.7147633223684211 0.022435897435897436 0.04221480263157898
0 0.40005473372781064 0.7139957236842106 0.021778599605522697 0.041995394736842155
0 0.42207963510848123 0.7133378289473685 0.021778599605522697 0.041995394736842155
0 0.4219975345167653 0.6701361842105265 0.021778599605522697 0.04199539473684209
0 0.3995616370808678 0.6267699013157895 0.022435897435897436 0.04451743421052634
0 0.4216688856015779 0.6261120065789474 0.022435897435897436 0.04451743421052634
0 0.3285146696252466 0.5825264802631579 0.024490384615384633 0.045943092105263136
0 0.3523477564102564 0.5812106907894736 0.024490384615384633 0.045943092105263136
0 0.3045173816568047 0.5828554276315789 0.024490384615384633 0.045943092105263136
0 0.3989452662721894 0.5807720394736843 0.022682445759368838 0.04484671052631573
0 0.37576972386587776 0.5813203947368422 0.022682445759368838 0.04484671052631581
0 0.422202909270217 0.5811009868421053 0.022682445759368838 0.04484671052631573
0 0.27971868836291913 0.5827457236842105 0.026010848126232743 0.04572368421052631
0 0.14218565088757398 0.6299496710526316 0.027983234714003942 0.04473684210526316
0 0.16585428994082843 0.6296207236842105 0.027983234714003942 0.04473684210526316
0 0.18939965483234716 0.6299496710526316 0.027983234714003942 0.04473684210526316
0 0.11888683431952664 0.6306075657894736 0.027983234714003956 0.04473684210526316
0 0.09534146942800789 0.6296207236842105 0.027983234714003942 0.04473684210526316
0 0.07278229783037474 0.62945625 0.027983234714003935 0.04473684210526316
0 0.1365766765285996 0.5833213815789474 0.02859960552268246 0.04621710526315789
0 0.16098496055226824 0.5836503289473685 0.028599605522682446 0.04621710526315789
0 0.1849001479289941 0.583814802631579 0.028599605522682446 0.04621710526315789
0 0.11327785996055226 0.5836503289473685 0.02859960552268246 0.04621710526315789
0 0.08936267258382642 0.583814802631579 0.028599605522682446 0.04621710526315789
0 0.04301158777120316 0.5828279605263158 0.02859960552268245 0.04621710526315789
0 0.06606385601577908 0.5836503289473685 0.02859960552268244 0.04621710526315789
0 0.01995931952662722 0.5831569078947368 0.02859960552268245 0.04621710526315789
0 0.027355769230769232 0.6298674342105263 0.02859960552268245 0.04621710526315789
0 0.04991494082840236 0.6297029605263158 0.02859960552268244 0.04621710526315789
0 0.07892554240631164 0.6748509868421053 0.028270710059171596 0.04385986842105258
0 0.05673619329388559 0.6748509868421053 0.028270710059171596 0.04385986842105258
0 0.034711291913214995 0.6748509868421053 0.028270710059171603 0.04385986842105258
0 0.10160798816568047 0.6750703947368422 0.028270710059171596 0.04385986842105258
0 0.12478353057199211 0.6752894736842106 0.028270710059171613 0.04385986842105265
0 0.14713732741617355 0.6746315789473685 0.028270710059171585 0.04385986842105265
0 0.17047719428007888 0.6744123355263157 0.02695586785009861 0.04429835526315787
0 0.17532593688362916 0.7173947368421053 0.027120315581854047 0.04210526315789474
0 0.10760737179487179 0.7182720394736842 0.026791666666666658 0.04166644736842111
0 0.12979672090729782 0.7180526315789474 0.026791666666666658 0.04166644736842111
0 0.15215051775147928 0.7178332236842105 0.026791666666666672 0.041666447368420956
0 0.08525357495069034 0.7182720394736842 0.026791666666666672 0.04166644736842111
0 0.06289977810650887 0.7182720394736842 0.026791666666666658 0.04166644736842111
0 0.019507396449704142 0.7168465460526315 0.0287638067061144 0.04232467105263155
0 0.0416146449704142 0.7172851973684211 0.02761341222879684 0.04188618421052626
0 0.2317855029585799 0.39667121710526315 0.026956114398422073 0.049780592105263186
0 0.25545414201183436 0.39754851973684213 0.026956114398422073 0.049780592105263116
0 0.27879413214990134 0.3977675986842106 0.02695611439842205 0.049780592105263186
0 0.22734763313609468 0.3460133223684211 0.026956114398422073 0.04978059210526315
0 0.2516738165680473 0.34710970394736845 0.026956114398422073 0.049780592105263186
0 0.2758355522682446 0.34710970394736845 0.02695611439842205 0.049780592105263186
0 0.2998328402366864 0.3479870065789474 0.026956114398422104 0.04978059210526315
0 0.30229832347140034 0.39864490131578945 0.026956114398422104 0.049780592105263186
0 0.3231728303747534 0.3484254934210526 0.02695611439842205 0.049780592105263186
0 0.32613141025641024 0.39842549342105266 0.02695611439842205 0.049780592105263186
0 0.20795241617357002 0.39645180921052636 0.026956114398422073 0.049780592105263186
0 0.20318589743589743 0.34535542763157895 0.026956114398422073 0.04978059210526315
0 0.18001035502958582 0.3444781250000001 0.026956114398422073 0.049780592105263186
0 0.18444822485207102 0.39491694078947376 0.026956114398422073 0.049780592105263116
0 0.10898397435897435 0.34428618421052637 0.027736686390532544 0.05016447368421056
0 0.13240606508875738 0.3449440789473685 0.027736686390532544 0.05016447368421056
0 0.15558160749506905 0.34445065789473694 0.027736686390532544 0.05016447368421056
0 0.08568515779092702 0.34346381578947377 0.027736686390532544 0.05016447368421056
0 0.06238634122287968 0.34329934210526325 0.027736686390532544 0.05016447368421056
0 0.11403821499013805 0.3954375 0.027736686390532544 0.05016447368421052
0 0.1369672090729783 0.39510855263157896 0.027736686390532544 0.05016447368421052
0 0.16051257396449703 0.3956019736842106 0.027736686390532544 0.05016447368421052
0 0.09197214003944773 0.3954375 0.027736686390532544 0.05016447368421052
0 0.06805695266272188 0.3946151315789474 0.027736686390532544 0.05016447368421052
0 0.03945734714003945 0.344779605263158 0.02773668639053254 0.05016447368421056
0 0.045497781065088755 0.39412171052631584 0.027736686390532544 0.05016447368421052
0 0.02244551282051282 0.39494407894736844 0.02773668639053254 0.05016447368421052
0 0.01689817554240631 0.34445065789473694 0.027736686390532544 0.05016447368421056
0 0.142021449704142 0.4439026315789473 0.026997041420118342 0.046875
0 0.16544354043392506 0.44456052631578946 0.026997041420118342 0.046875
0 0.11872263313609466 0.44340921052631577 0.026997041420118342 0.046875
0 0.18787943786982247 0.44406710526315785 0.026997041420118342 0.046875
0 0.2114248027613412 0.4442315789473684 0.026997041420118342 0.046875
0 0.23497016765285997 0.444725 0.026997041420118342 0.046875
0 0.09641000986193293 0.4439026315789473 0.026997041420118342 0.046875
0 0.05092184418145957 0.4435736842105263 0.027243589743589744 0.047203947368421054
0 0.0736042899408284 0.4437381578947368 0.027243589743589744 0.047203947368421054
0 0.028609220907297832 0.44340921052631577 0.02724358974358974 0.047203947368421054
0 0.39380892504930964 0.35050888157894744 0.023422090729783036 0.05
0 0.3461018244575937 0.3486996710526316 0.023422090729783036 0.05
0 0.3703868343195266 0.3498509868421053 0.023422090729783036 0.05
0 0.34844403353057196 0.3986996710526316 0.023422090729783036 0.05
0 0.37174285009861935 0.40017993421052633 0.023422090729783036 0.05
0 0.3954114891518738 0.40034440789473685 0.023422090729783036 0.05
0 0.41747756410256415 0.4008378289473684 0.023422090729783036 0.05
0 0.4394203648915187 0.40149572368421055 0.023422090729783036 0.05
0 0.4167379191321499 0.3519891447368421 0.023422090729783036 0.05
0 0.4388039940828402 0.3519891447368421 0.023422090729783036 0.05
0 0.32771326429980274 0.4456842105263158 0.024285009861932938 0.04671052631578947
0 0.3044144477317554 0.4456842105263158 0.024285009861932938 0.04671052631578947
0 0.28136217948717945 0.4456842105263158 0.024285009861932938 0.04671052631578947
0 0.25818663708086786 0.4451907894736843 0.024285009861932914 0.04671052631578947
0 0.3501491617357002 0.447 0.024285009861932938 0.04671052631578947
0 0.37320142998027617 0.44683552631578954 0.024285009861932938 0.04671052631578947
0 0.41813486193293886 0.44724671052631587 0.021942800788954633 0.04588815789473684
0 0.39582223865877714 0.44724671052631587 0.021942800788954633 0.04588815789473684
0 0.43946129191321504 0.4475756578947369 0.021942800788954633 0.04588815789473684
0 0.2478932445759369 0.2945878289473684 0.02761341222879682 0.052302631578947364
0 0.2718084319526627 0.29573914473684215 0.027613412228796843 0.052302631578947364
0 0.296339990138067 0.29672598684210527 0.027613412228796843 0.052302631578947364
0 0.3196388067061144 0.29672598684210527 0.027613412228796843 0.052302631578947364
0 0.22336168639053255 0.2939299342105263 0.027613412228796843 0.052302631578947364
0 0.34404709072978307 0.2975483552631579 0.027613412228796843 0.052302631578947364
0 0.2503587278106509 0.29787730263157897 0.02761341222879682 0.052302631578947364
0 0.19932322485207102 0.2936009868421053 0.027613412228796843 0.052302631578947364
0 0.17540803747534517 0.2926141447368421 0.027613412228796843 0.052302631578947364
0 0.15075320512820514 0.2926141447368421 0.027613412228796843 0.052302631578947364
0 0.1275776627218935 0.2929430921052632 0.027613412228796857 0.052302631578947364
0 0.39255547337278107 0.2993026315789474 0.02477810650887574 0.05164473684210526
0 0.368763560157791 0.2986447368421053 0.02477810650887574 0.05164473684210526
0 0.41610083826429983 0.30028947368421055 0.02477810650887574 0.05164473684210526
0 0.4393380177514793 0.3011118421052632 0.023422090729783036 0.05164473684210526
0 0.056510108481262325 0.2925592105263158 0.027736686390532537 0.052302631578947364
0 0.08030202169625246 0.2927236842105263 0.027736686390532544 0.052302631578947364
0 0.10310774161735699 0.2932171052631579 0.027736686390532544 0.052302631578947364
0 0.03358111439842209 0.2928881578947368 0.027736686390532547 0.052302631578947364
0 0.07869945759368836 0.10930822368421053 0.02576429980276134 0.05312500000000001
0 0.10088880670611439 0.10881480263157896 0.02576429980276134 0.05312500000000001
0 0.05601701183431952 0.10897927631578949 0.02576429980276133 0.05312500000000001
0 0.034444033530571995 0.11078848684210528 0.025764299802761344 0.053125000000000006
0 0.12344797830374753 0.10881480263157896 0.02576429980276135 0.05312500000000001
0 0.1457606015779093 0.10832138157894737 0.02576429980276134 0.05312500000000001
0 0.07413831360946745 0.05618322368421053 0.02576429980276133 0.053125000000000006
0 0.09731385601577908 0.055031907894736845 0.02576429980276134 0.053125000000000006
0 0.12011957593688362 0.055031907894736845 0.02576429980276135 0.053125000000000006
0 0.14218565088757398 0.054702960526315784 0.02576429980276134 0.053125000000000006
0 0.05219551282051282 0.05717006578947369 0.02576429980276133 0.053125000000000006
0 0.030375986193293885 0.05700559210526315 0.025764299802761344 0.053125000000000006
0 0.017185650887573962 0.1631733552631579 0.02551775147928994 0.05098684210526316
0 0.0388819033530572 0.16251546052631582 0.025517751479289943 0.05098684210526316
0 0.06070142998027613 0.16185756578947372 0.025517751479289932 0.05098684210526316
0 0.08276750493096648 0.16119967105263158 0.02551775147928994 0.05098684210526316
0 0.1050801282051282 0.16103519736842106 0.02551775147928994 0.05098684210526316
0 0.12739275147928997 0.16087072368421054 0.025517751479289953 0.05098684210526316
0 0.14958210059171598 0.16103519736842106 0.02551775147928994 0.05098684210526316
0 0.06079770710059173 0.9047611842105263 0.02843515779092702 0.038596710526315886
0 0.08216531065088757 0.9060769736842105 0.028435157790927017 0.038596710526315886
0 0.10353291420118343 0.9071733552631579 0.02843515779092703 0.038596710526315886
0 0.12572226331360944 0.9082700657894738 0.02843515779092703 0.03859671052631573
0 0.039594551282051284 0.9043226973684211 0.02843515779092702 0.03859671052631573
0 0.04731989644970414 0.9418223684210525 0.02843515779092702 0.03859671052631573
0 0.06901614891518738 0.9426996710526315 0.02843515779092702 0.038596710526315886
0 0.09005485700197238 0.9442348684210524 0.028435157790927017 0.038596710526315886
0 0.11175110946745562 0.944673355263158 0.028435157790927017 0.038596710526315886
0 0.1322967209072978 0.9455506578947368 0.028435157790927017 0.038596710526315886
0 0.14725406804733726 0.9087085526315788 0.028435157790927017 0.038596710526315886
0 0.09662956114398422 0.8683575657894737 0.02843515779092703 0.038596710526315886
0 0.05249728796844181 0.8655067434210526 0.028928500986193297 0.04035098684210539
0 0.07435798816568047 0.8674804276315788 0.028928500986193286 0.04035098684210539
0 0.03063683431952663 0.8641909539473684 0.028928500986193297 0.04035098684210539
0 0.07624815088757396 0.9781164473684212 0.027448964497041414 0.03618421052631579
0 0.2156300542406311 0.9087085526315788 0.026791666666666672 0.039912500000000094
0 0.17075825936883626 0.9087085526315788 0.026791666666666672 0.039912500000000094
0 0.1929476084812623 0.9087085526315788 0.026791666666666672 0.039912500000000094
0 0.23880559664694279 0.908927960526316 0.026791666666666672 0.03991249999999995
0 0.2608304980276134 0.9080506578947367 0.026791666666666644 0.039912500000000094
0 0.2835129437869823 0.9084894736842105 0.026791666666666644 0.03991249999999995
0 0.22056102071005915 0.9466473684210526 0.026791666666666672 0.03991249999999995
0 0.1983716715976331 0.9466473684210526 0.026791666666666672 0.03991249999999995
0 0.2429148175542406 0.9473052631578948 0.026791666666666672 0.03991249999999995
0 0.15407519723865878 0.9459893092105263 0.027284516765285982 0.03728059210526318
0 0.17593589743589744 0.9466472039473683 0.027284516765285982 0.03728059210526318
0 0.1641015779092702 0.8698929276315789 0.027284516765285982 0.03728059210526318
0 0.1876057692307692 0.8701120065789474 0.027284516765285982 0.037280592105263036
0 0.2104526627218935 0.8693447368421052 0.027284516765285982 0.03837697368421058
0 0.2339568540433925 0.8694546052631579 0.027284516765285982 0.03947368421052632
0 0.2574610453648915 0.8687967105263158 0.027284516765286013 0.03947368421052632
0 0.281129684418146 0.8683582236842106 0.027284516765285982 0.03947368421052632
0 0.32969982741617354 0.9068444078947367 0.024490384615384633 0.04013157894736842
0 0.30652428500986195 0.906625 0.024490384615384633 0.04013157894736842
0 0.3525467209072978 0.9059671052631579 0.024490384615384633 0.04013157894736842
0 0.37490027120315583 0.9059671052631579 0.024490384615384577 0.04013157894736842
0 0.3103046104536489 0.9463180921052631 0.024490384615384577 0.04013157894736842
0 0.3273987919132149 0.8675901315789475 0.024490384615384633 0.04013157894736842
0 0.34991678994082837 0.8660549342105262 0.024490384615384633 0.04013157894736842
0 0.37309233234714 0.8649585526315791 0.024490384615384633 0.04013157894736842
0 0.30405880177514794 0.8678092105263158 0.024490384615384633 0.04013157894736842
0 0.33200086291913217 0.945660197368421 0.024490384615384577 0.04013157894736842
0 0.3540260108481262 0.9450023026315788 0.024490384615384633 0.04013157894736842
0 0.37605091222879683 0.9450023026315788 0.024490384615384633 0.04013157894736842
0 0.26461107001972384 0.9467569078947368 0.025476577909270236 0.0375
0 0.2874579635108481 0.9476342105263159 0.025476577909270236 0.0375
0 0.11816124260355029 0.9799804276315789 0.027120315581854033 0.035087828947368546
0 0.09695808678500986 0.9785087171052631 0.027120315581854047 0.035087828947368394
0 0.13903574950690334 0.9800439144736841 0.027120315581854047 0.035087828947368394
0 0.05594896449704142 0.977239144736842 0.02859960552268244 0.03618421052631579
0 0.02619871794871795 0.939300657894737 0.028599605522682446 0.03618421052631579
0 0.1184900147928994 0.868138322368421 0.028764053254437864 0.039035197368421176
0 0.14100801282051284 0.8694541118421052 0.02876405325443785 0.039035197368421176
0 0.15991013313609465 0.9820638157894735 0.026462771203155815 0.035307236842105356
0 0.01242973372781065 0.11132631578947369 0.0248594674556213 0.05098684210526316
0 0.017804363905325447 0.9027388157894737 0.029421351084812624 0.03881578947368421
0 0.03498052268244575 0.9762036184210525 0.027613412228796843 0.035745394736842157
0 0.014599358974358973 0.9751618421052631 0.028846153846153848 0.03519736842105263
0 0.18225221893491123 0.9824549342105263 0.026627218934911243 0.035090131578947366
0 0.2037428500986193 0.9827289473684211 0.02638067061143984 0.03454210526315783
0 0.22531595167652857 0.9828386513157896 0.02531237672583827 0.034322697368421015
0 0.3340437623274161 0.9821259868421053 0.023504191321499036 0.035748026315789466
0 0.35594538954635113 0.9822904605263157 0.02260034516765284 0.03541907894736841
0 0.37776491617357 0.9819615131578947 0.022517998027613433 0.03607697368421052
0 0.1405727317554241 0.013420723684210526 0.02366863905325444 0.02684144736842105
0 0.11764386094674556 0.013694901315789472 0.024326183431952655 0.027389802631578943
0 0.09467369329388561 0.01418832236842105 0.02424383629191322 0.0283766447368421
0 0.07186797337278107 0.014243092105263156 0.023997287968441812 0.028486184210526313
0 0.04930880177514793 0.015010690789473683 0.024243836291913214 0.030021381578947366
0 0.026831854043392507 0.015504111842105261 0.024819033530571997 0.031008223684210523
0 0.008074087771203156 0.01588782894736842 0.01614817554240631 0.03177565789473684
0 0.010251849112426036 0.05874950657894736 0.020503698224852072 0.052412171052631566
0 0.001766518737672584 0.11584934210526317 0.003533037475345168 0.04292763157894737
0 0.004478550295857988 0.16417713815789475 0.008957100591715976 0.049122697368421044
0 0.012610823471400396 0.2928457236842105 0.025221646942800793 0.05032894736842105
0 0.0012696005917159764 0.3055924342105263 0.002539201183431953 0.026480263157894736
0 0.004536365877712032 0.3447371710526316 0.009072731755424064 0.05016447368421052
0 0.0073716715976331355 0.39564177631578945 0.014743343195266271 0.04901315789473684
0 0.010453525641025642 0.4431746710526316 0.020907051282051285 0.04769736842105263
0 0.005830744575936884 0.582922697368421 0.011661489151873768 0.04605263157894737
0 0.00969329388560158 0.6287559210526316 0.01938658777120316 0.04473684210526316
0 0.013062869822485206 0.6734927631578947 0.026125739644970412 0.04385986842105265
0 0.0025433925049309666 0.6774401315789474 0.005086785009861933 0.03421052631578955
0 0.006323841222879684 0.7166944078947369 0.012647682445759367 0.04078947368421053
0 0.012148422090729784 0.8624975328947369 0.024296844181459568 0.039912171052631604
0 0.0017111686390532546 0.8739009868421052 0.0034223372781065093 0.015350657894736896
0 0.0058203895463510855 0.9018615131578949 0.011640779092702171 0.0375
0 0.010258259368836294 0.9390325657894737 0.020516518737672587 0.036403289473684264
0 0.004279462524654833 0.9735993421052632 0.008558925049309666 0.03536184210526316
0 0.246601208086785 0.9827838815789474 0.02481928007889547 0.03443223684210526
0 0.26813313609467454 0.9825644736842105 0.02498372781065085 0.034871052631578886
0 0.29036353550295857 0.9824549342105263 0.024243836291913234 0.035090131578947366
0 0.31271733234714005 0.9827289473684211 0.023586538461538444 0.03454210526315783
