0 0.02106336291913215 0.5885865131578948 0.03566715976331361 0.05526315789473684
0 0.04489644970414201 0.5883672697368422 0.03566715976331361 0.054385855263157916
0 0.06840064102564102 0.5888057565789474 0.03566715976331362 0.05438585526315784
0 0.09321992110453649 0.5889154605263158 0.034680966469428004 0.05504407894736844
0 0.11787475345167651 0.5884768092105264 0.034680966469428004 0.05548256578947374
0 0.14252958579881655 0.5879284539473685 0.034680966469428004 0.05482467105263155
0 0.16817061143984222 0.5878187500000001 0.03468096646942799 0.05460526315789474
0 0.19298989151873766 0.5872707236842106 0.03369477317554242 0.05526315789473684
0 0.21854881656804734 0.5871610197368422 0.03320167652859962 0.05548256578947374
0 0.2443542899408284 0.5868319078947368 0.033201676528599594 0.05526315789473684
0 0.2699130917159763 0.5863934210526316 0.03205103550295858 0.05526315789473684
0 0.29621153846153847 0.5861740131578947 0.03139349112426033 0.05526315789473684
0 0.32177046351084815 0.5856259868421053 0.02991420118343198 0.05592105263157895
0 0.34741161242603547 0.5850777960526317 0.029585552268244584 0.05570164473684213
0 0.372723865877712 0.5844199013157895 0.02827071005917164 0.05570164473684213
0 0.3682859960552268 0.5278409539473684 0.02827071005917164 0.05570164473684213
0 0.3428915187376726 0.528334375 0.02975000000000004 0.0573463815789474
0 0.31601775147928995 0.5284988486842106 0.02975000000000004 0.0573463815789474
0 0.2898836291913215 0.5290745065789474 0.031229289940828443 0.05718190789473687
0 0.2630714990138067 0.5294856907894737 0.03209220907297834 0.0580042763157895
0 0.23644428007889545 0.5299791118421052 0.03209220907297834 0.0580042763157895
0 0.21006360946745561 0.5299791118421052 0.03283185404339252 0.0580042763157895
0 0.18368293885601578 0.5303902960526317 0.034804240631163726 0.05849769736842108
0 0.15754881656804734 0.5307192434210527 0.034804240631163726 0.05849769736842108
0 0.1320310650887574 0.5308837171052632 0.034804240631163705 0.058168750000000026
0 0.10645167652859959 0.5315416118421052 0.03640680473372781 0.05783980263157898
0 0.08093392504930967 0.5318705592105263 0.03640680473372781 0.05783980263157898
0 0.05553944773175542 0.5320350328947369 0.03640680473372781 0.05849769736842108
0 0.031685897435897434 0.5323365131578949 0.03751627218934911 0.05822368421052631
0 0.3729837278106508 0.7953019736842104 0.027243589743589744 0.05
0 0.34758925049309664 0.795466447368421 0.027736686390532544 0.05
0 0.3221947731755424 0.795713157894737 0.029215976331360947 0.049835526315789476
0 0.2967386587771203 0.7962065789473685 0.03007889546351085 0.049177631578947376
0 0.2718372781065088 0.7970289473684211 0.030571992110453645 0.049177631578947376
0 0.2465660749506903 0.7972756578947369 0.031558185404339224 0.04901315789473684
0 0.22141814595660747 0.7974401315789473 0.03229783037475345 0.04901315789473684
0 0.1963318540433925 0.7972756578947369 0.033160749506903356 0.04901315789473684
0 0.17130719921104537 0.7976046052631579 0.033160749506903356 0.04901315789473684
0 0.14659072978303747 0.7971934210526316 0.03476331360946745 0.049177631578947376
0 0.12218244575936883 0.7970289473684211 0.03476331360946745 0.049177631578947376
0 0.0978974358974359 0.7962065789473685 0.03476331360946745 0.048848684210526315
0 0.07435207100591718 0.7957131578947367 0.03599605522682446 0.048848684210526315
0 0.05117652859960553 0.7948907894736842 0.03599605522682446 0.048848684210526315
0 0.028000986193293886 0.7938217105263158 0.03648915187376726 0.048355263157894735
0 0.0374930966469428 0.7448907894736843 0.03648915187376726 0.05016447368421052
0 0.061408284023668644 0.7456309210526316 0.03673570019723866 0.05098684210526316
0 0.08606311637080868 0.7462888157894736 0.036242603550295856 0.05131578947368421
0 0.11059467455621302 0.7467822368421052 0.03574950690335306 0.05065789473684211
0 0.13623570019723866 0.7471111842105262 0.03574950690335306 0.05065789473684211
0 0.16132199211045367 0.7470289473684211 0.03439349112426036 0.05115131578947369
0 0.18696301775147928 0.7470289473684211 0.03439349112426036 0.05115131578947369
0 0.21297386587771203 0.7471934210526315 0.033160749506903356 0.05180921052631579
0 0.23892307692307688 0.7467822368421052 0.032544378698224824 0.05164473684210526
0 0.26518047337278106 0.7464532894736842 0.032544378698224824 0.05164473684210526
0 0.2907598619329388 0.7459598684210526 0.03094181459566075 0.05197368421052632
0 0.31738708086785006 0.7446440789473683 0.03094181459566075 0.05197368421052632
0 0.3433362919132149 0.7442328947368421 0.029092702169625246 0.0524671052631579
0 0.36940877712031556 0.743575 0.028476331360946745 0.0524671052631579
0 0.022275641025641026 0.9481184210526317 0.03673570019723866 0.044407894736842105
0 0.04569773175542407 0.9499276315789474 0.036735700197238666 0.044407894736842105
0 0.06918145956607495 0.9516546052631578 0.036365877712031563 0.043914473684210524
0 0.0928500986193294 0.9528881578947369 0.03537968441814596 0.044407894736842105
0 0.11676528599605522 0.9544506578947368 0.03464003944773176 0.04358552631578948
0 0.14098865877712033 0.9551085526315789 0.03550295857988166 0.04358552631578948
0 0.16527366863905327 0.9567532894736842 0.03550295857988166 0.04358552631578948
0 0.18986686390532548 0.9575756578947368 0.03439349112426036 0.043914473684210524
0 0.21507642998027615 0.9583980263157895 0.03353057199211045 0.04358552631578948
0 0.24028599605522682 0.9586447368421053 0.032914201183431926 0.04407894736842106
0 0.2658653846153846 0.9586447368421052 0.031804733727810626 0.04473684210526316
0 0.2913214990138067 0.9588092105263157 0.03069526627218935 0.04473684210526316
0 0.31733234714003944 0.9593026315789474 0.03069526627218935 0.04506578947368421
0 0.34266518737672585 0.9587269736842104 0.02958579881656805 0.04523026315789473
0 0.36830621301775146 0.9588092105263157 0.028846153846153848 0.045394736842105265
0 0.3713264299802761 0.9904243421052631 0.02527120315581854 0.01915131578947362
0 0.3465483234714004 0.9907532894736841 0.02576429980276134 0.018493421052631513
0 0.32146203155818537 0.9907532894736841 0.02638067061143984 0.018493421052631513
0 0.29631410256410257 0.9907532894736841 0.02638067061143984 0.018493421052631513
0 0.27128944773175545 0.9907532894736841 0.02638067061143984 0.018493421052631513
0 0.24657297830374753 0.9905065789473684 0.02724358974358972 0.018986842105263094
0 0.22234960552268246 0.9899309210526315 0.027859960552268245 0.020138157894736775
0 0.19831114398422092 0.9899309210526315 0.027859960552268245 0.020138157894736775
0 0.17414940828402367 0.9891907894736842 0.028846153846153848 0.021618421052631513
0 0.1502958579881657 0.9884506578947369 0.030202169625246546 0.02309868421052625
0 0.1265655818540434 0.9876282894736842 0.030571992110453645 0.024743421052631515
0 0.10345167652859961 0.9871348684210527 0.03143491124260355 0.025730263157894673
0 0.08027613412228797 0.9861480263157893 0.03118836291913215 0.027703947368420988
0 0.057347140039447735 0.9854901315789473 0.03192800788954636 0.0290197368421052
0 0.03521942800788955 0.9848322368421052 0.03229783037475345 0.03033552631578941
0 0.01489768244575937 0.9840098684210526 0.02979536489151874 0.03198026315789467
0 0.00904215976331361 0.9469671052631579 0.01808431952662722 0.04309210526315789
0 0.004111193293885602 0.9891907894736842 0.008222386587771203 0.021618421052631513
0 0.011754191321499012 0.7931842105263159 0.023508382642998024 0.04769736842105263
0 0.01619206114398422 0.7445000000000002 0.03238412228796844 0.05032894736842105
0 0.004665927021696253 0.7532993421052633 0.009331854043392505 0.032072368421052634
0 0.007932692307692307 0.5890174342105262 0.015865384615384615 0.054824342105263144
0 0.013110207100591716 0.5324384868421052 0.026220414201183432 0.05833355263157896
0 0.0012758875739644969 0.5551358552631579 0.0025517751479289938 0.012061184210526295
