0 0.9074224806201551 0.9538889629876626 0.024922980745186278 0.04234744914971657
0 0.9238433358339585 0.9186548849616538 0.024922980745186278 0.04234744914971657
0 0.9339291072768193 0.9268799599866622 0.024922980745186278 0.04234744914971657
0 0.9178418354588648 0.9623361120373457 0.024922980745186278 0.04234744914971657
0 0.9278443360840212 0.970783261087029 0.024922980745186278 0.04234744914971657
0 0.9436815453863466 0.9357715905301767 0.024922980745186278 0.04234744914971657
0 0.9533507126781695 0.9438852950983662 0.024922980745186278 0.04234744914971657
0 0.9373467116779195 0.9788262754251418 0.024922980745186278 0.04234744914971657
0 0.9625197549387347 0.9518172724241414 0.024922980745186278 0.04234744914971657
0 0.971438734683671 0.959264088029343 0.02492298074518639 0.04234744914971657
0 0.9802323080770192 0.9664484828276092 0.024006001500375095 0.039679893297765924
0 0.9886157789447362 0.9733952984328109 0.02276844211052761 0.03912404134711574
0 0.6880342585646412 0.9700610203401134 0.02767341835458869 0.04334778259419807
0 0.6997871967991999 0.9786748916305434 0.027173293323330874 0.04256952317439137
0 0.6755575143785946 0.9919651550516838 0.019338084521130304 0.01606968989663228
0 0.6890192548137034 0.9964666555518504 0.013253313328332083 0.007066688896298837
0 0.7114414853713428 0.9829621540513502 0.02742360590147535 0.03407569189729917
0 0.7246946736684171 0.987519173057686 0.023255813953488372 0.024961653884628253
0 0.7381981745436359 0.9917427475825276 0.018921480370092503 0.016514504834944994
0 0.7510763940985247 0.9959664888296097 0.013836709177294345 0.008067022340780331
0 0.8919657414353589 0.9841847282427475 0.025381345336334085 0.03163054351450488
0 0.9039062265566391 0.9880193397799266 0.021255313828457113 0.023961320440146757
0 0.9157841960490123 0.9921873957985995 0.017504376094023506 0.015625208402800975
0 0.9273495873968491 0.9960220073357786 0.013878469617404353 0.007955985328442857
0 0.9464793698424607 0.9828509503167724 0.024881220305076272 0.03429809936645553
0 0.9571695423855965 0.9862409136378792 0.022172043010752727 0.027518172724241428
0 0.9676721680420106 0.9903534511503835 0.018171042760690214 0.019293097699233118
0 0.9779247311827958 0.9939101367122374 0.014170042510627699 0.012179726575525188
