0 0.15035183795948986 0.8165331777259086 0.031341335333833445 0.022674224741580526
0 0.12184471117779447 0.8207569189729909 0.03134133533383346 0.022674224741580526
0 0.11817704426106525 0.8023064354784928 0.031341335333833445 0.022674224741580526
0 0.14718429607401848 0.7978606202067356 0.031341335333833445 0.022674224741580526
0 0.17635833958489622 0.7929699899966655 0.031341335333833445 0.022674224741580526
0 0.1791922980745186 0.8120873624541514 0.031341335333833445 0.022674224741580526
0 0.20819954988747186 0.8069746582194064 0.031341335333833445 0.022674224741580526
0 0.2053655913978495 0.7878572857619207 0.031341335333833445 0.022674224741580526
0 0.20253163290822704 0.7687399133044348 0.03134133533383347 0.022674224741580526
0 0.173024256064016 0.7740750250083361 0.03134133533383347 0.022674224741580526
0 0.14401700425106276 0.778965655218406 0.03134133533383347 0.022674224741580526
0 0.11484296074018506 0.7838562854284761 0.03134133533383346 0.022674224741580526
0 0.11100875218804702 0.7647389129709905 0.03134133533383346 0.022674224741580526
0 0.10717454363590898 0.7453991330443481 0.03134133533383346 0.022674224741580526
0 0.13984946236559137 0.7594038012670891 0.031341335333833445 0.022674224741580526
0 0.1375156289072268 0.7407309103034346 0.03134133533383346 0.022674224741580526
0 0.17002375593898475 0.754513171057019 0.031341335333833445 0.022674224741580526
0 0.1666896724181045 0.7360626875625209 0.03134133533383347 0.022674224741580526
0 0.19636384096024007 0.7311720573524507 0.03134133533383347 0.022674224741580526
0 0.19936459114778696 0.7496225408469489 0.03134133533383347 0.022674224741580526
0 0.21170092523130782 0.825425475158386 0.03134133533383347 0.022674224741580526
0 0.15401975493873468 0.8349839946648883 0.031341335333833445 0.022674224741580526
0 0.18252688172043013 0.8300933644548182 0.031341335333833445 0.022674224741580526
0 0.12501250312578144 0.8389853284428143 0.03134133533383346 0.022674224741580526
0 0.12868017004251064 0.8583251083694564 0.03134133533383346 0.022674224741580526
0 0.15702050512628157 0.8536568856285428 0.031341335333833445 0.022674224741580526
0 0.2147016754188547 0.8443204401467155 0.03134133533383347 0.022674224741580526
0 0.18619429857464365 0.8483217739246415 0.03134133533383347 0.022674224741580526
0 0.21753563390847713 0.8612150716905635 0.031341335333833445 0.022674224741580526
0 0.18886171542885724 0.8669946648882961 0.031341335333833445 0.022674224741580526
0 0.159854463615904 0.8709959986662221 0.031341335333833445 0.022674224741580526
0 0.13234758689672416 0.8761087029009669 0.031341335333833445 0.022674224741580526
0 0.26629744936234057 0.7776312104034678 0.030840960240060007 0.022674224741580526
0 0.23712340585146288 0.7827439146382127 0.030840960240060007 0.022674224741580526
0 0.23412265566391596 0.7638486162054018 0.030840960240060007 0.022674224741580526
0 0.26329669917479365 0.7587359119706568 0.030840960240060007 0.022674224741580526
0 0.29280407601900477 0.7540676892297432 0.03084096024005998 0.022674224741580526
0 0.29563803450862713 0.7729629876625542 0.030840960240060035 0.022674224741580526
0 0.23995736434108525 0.8011947315771923 0.030840960240060007 0.022674224741580526
0 0.269131407851963 0.79697099033011 0.030840960240060007 0.022674224741580526
0 0.2983052013003251 0.7914138046015338 0.03084096024005998 0.022674224741580526
0 0.2604624906226557 0.7400630210070023 0.030840960240060035 0.022674224741580526
0 0.23078832208052014 0.7449536512170722 0.030840960240060035 0.022674224741580526
0 0.22778757189297327 0.7251693897965988 0.030840960240060035 0.022674224741580526
0 0.25762828207051763 0.7205011670556852 0.030840960240060007 0.022674224741580526
0 0.28746899224806205 0.7153884628209403 0.030840960240060035 0.022674224741580526
0 0.2904697424356089 0.7347282427475824 0.030840960240060035 0.022674224741580526
0 0.31664303575893976 0.7098309436478826 0.030840960240060035 0.022674224741580526
0 0.3198105776444111 0.7293931310436812 0.03084096024005998 0.022674224741580526
0 0.32214441110277564 0.7487329109703234 0.030840960240060035 0.022674224741580526
0 0.32481182795698926 0.7669613204401468 0.03084096024005998 0.022674224741580526
0 0.32764578644661163 0.7863011003667888 0.030840960240060035 0.022674224741580526
0 0.33014641160290065 0.8051960653551183 0.030840960240060035 0.022674224741580526
0 0.3014724931232809 0.8105315105035013 0.030840960240060035 0.022674224741580526
0 0.2724652413103276 0.8149773257752584 0.030840960240060035 0.022674224741580526
0 0.24295786446611656 0.8205348449483161 0.030840960240060035 0.022674224741580526
0 0.2456252813203301 0.8385408469489831 0.030840960240060007 0.022674224741580526
0 0.2749658664666167 0.8336502167389129 0.030840960240060035 0.022674224741580526
0 0.30413990997749435 0.8289823274424808 0.030840960240060035 0.022674224741580526
0 0.3326470367591898 0.823646882294098 0.030840960240060035 0.022674224741580526
0 0.33514766191547884 0.8416528842947648 0.030840960240060035 0.022674224741580526
0 0.306473743435859 0.8467655885295098 0.030840960240060035 0.022674224741580526
0 0.2778000750187547 0.8516562187395798 0.03084096024005998 0.022674224741580526
0 0.24879257314328582 0.8565465155051682 0.030840960240060007 0.022674224741580526
0 0.38632745686421605 0.7574023007669223 0.03084096024005998 0.02311870623541183
0 0.35648674668667163 0.7625150050016672 0.030840960240060035 0.02311870623541183
0 0.35448624656164035 0.7433976325441815 0.030840960240060035 0.02311870623541183
0 0.3839936234058514 0.7380625208402802 0.030840960240060035 0.02311870623541183
0 0.3814929982495624 0.7193896298766257 0.030840960240060035 0.02311870623541183
0 0.351652288072018 0.7231685561853952 0.030840960240060035 0.02311870623541183
0 0.41133370842710676 0.714721407135712 0.03084096024005998 0.02311870623541183
0 0.4135010002500624 0.7327274091363788 0.030840960240060035 0.02311870623541183
0 0.41566829207301814 0.7516227075691897 0.030840960240060035 0.02311870623541183
0 0.4178355838959739 0.7716293764588197 0.03084096024005998 0.02311870623541183
0 0.38882833208302076 0.7767420806935645 0.03084096024005998 0.02311870623541183
0 0.3594874968742185 0.7811878959653219 0.030840960240060035 0.02311870623541183
0 0.3911621655413853 0.7945256752250752 0.030840960240060035 0.02311870623541183
0 0.3619881220305076 0.7996387129043014 0.030840960240060035 0.02311870623541183
0 0.4201694173543385 0.7898574524841615 0.030840960240060035 0.02311870623541183
0 0.42233670917729427 0.8091972324108038 0.03084096024005998 0.02311870623541183
0 0.39332945736434105 0.8138654551517173 0.03084096024005998 0.02311870623541183
0 0.36415541385346334 0.8176443814604869 0.030840960240060035 0.02311870623541183
0 0.3958300825206301 0.831426975658553 0.03084096024005998 0.02311870623541183
0 0.3668228307076769 0.8360951983994666 0.03084096024005998 0.02311870623541183
0 0.45351125281320326 0.821423641213738 0.030840960240060035 0.02311870623541183
0 0.42417041760440105 0.8256473824608204 0.030840960240060035 0.02311870623541183
0 0.4510106276569142 0.8031952317439147 0.030840960240060035 0.02311870623541183
0 0.44951025256314076 0.7842999333111038 0.030840960240060035 0.02311870623541183
0 0.44734296074018504 0.7669608202734246 0.03084096024005998 0.02311870623541183
0 0.44517566891722926 0.7471765588529511 0.030840960240060035 0.02311870623541183
0 0.44109127281820454 0.7089418139379794 0.031007751937984496 0.023230076692230713
0 0.44317504376094025 0.728170556852284 0.031007751937984496 0.02323007669223087
0 0.4387571892973243 0.6890465155051684 0.031007751937984496 0.023230076692230792
0 0.40883295823955995 0.6949374791597199 0.031007751937984496 0.023230076692230713
0 0.34906826706676664 0.7049126375458485 0.03150787696924231 0.023174391463821276
0 0.3788257064266066 0.6997442480826942 0.03150787696924231 0.023174391463821276
0 0.03545973993498375 0.8329798266088696 0.029340585146286572 0.021118039346448843
0 0.03145873968492123 0.8143069356452151 0.029340585146286572 0.021118039346448843
0 0.0276245311327832 0.7960785261753919 0.029340585146286572 0.021118039346448843
0 0.023956864216054013 0.777183227742581 0.029340585146286572 0.021118039346448694
0 0.019955863965991496 0.7585103367789264 0.029340585146286572 0.021118039346448694
0 0.04712940735183797 0.754286595531844 0.029340585146286572 0.021118039346448843
0 0.05129719929982495 0.773626375458486 0.029340585146286565 0.021118039346448843
0 0.05496486621655414 0.7929661553851284 0.029340585146286572 0.021118039346448843
0 0.058965866466616654 0.8109721573857952 0.029340585146286572 0.021118039346448843
0 0.03946099024756189 0.8516523841280426 0.029340585146286572 0.021118039346448843
0 0.06280007501875468 0.8296450483494497 0.029340585146286565 0.021118039346448843
0 0.06646774193548387 0.8478734578192733 0.029340585146286572 0.021118039346448694
0 0.043461990497624406 0.8701032010670223 0.029340585146286572 0.021118039346448843
0 0.01795561390347587 0.8721038679559853 0.029340585146286572 0.021118039346448843
0 0.07013540885221305 0.8661018672890963 0.029340585146286565 0.021118039346448843
0 0.09047374343585897 0.8249771590530177 0.029340585146286582 0.021118039346448843
0 0.08680607651912978 0.8069711570523508 0.029340585146286565 0.021118039346448843
0 0.08363853463365842 0.7882982660886962 0.029340585146286582 0.021118039346448843
0 0.07980432608152038 0.7694029676558853 0.029340585146286565 0.021118039346448843
0 0.07621992998249563 0.7501743914638214 0.03084096024006002 0.023119039679893243
0 0.09439122280570142 0.8442057352450818 0.03084096024006002 0.023119039679893243
0 0.0973919729932483 0.8622117372457486 0.03084096024006002 0.023119039679893243
0 0.04729594898724681 0.887664721573858 0.0303408352088022 0.019784261420473518
0 0.021789572393098276 0.8901098699566522 0.0303408352088022 0.019784261420473518
0 0.07446949237309328 0.8841078692897633 0.030340835208802208 0.019784261420473518
0 0.10130945236309079 0.8807734244748249 0.030340835208802194 0.019784261420473518
0 0.5581945486371592 0.93184594864955 0.03013253313328332 0.022340780260086696
0 0.5286871717929482 0.9371810603534512 0.03013253313328332 0.022340780260086696
0 0.530312578144536 0.9551870623541181 0.03013253313328332 0.022340780260086696
0 0.5598199549887471 0.9496852284094699 0.03013253313328332 0.022340780260086696
0 0.5892023005751438 0.9443501167055686 0.03013253313328332 0.022340780260086696
0 0.5875768942235559 0.9263441147049017 0.03013253313328332 0.022340780260086696
0 0.5863265816454113 0.9078379459819941 0.03013253313328332 0.022340780260086696
0 0.5903275818954739 0.9625228409469824 0.03013253313328332 0.022340780260086696
0 0.5568192048012002 0.9133397799266423 0.03013253313328332 0.022340780260086696
0 0.5268117029257314 0.9191750583527843 0.030132533133283266 0.022340780260086696
0 0.6159589897474368 0.9028362787595866 0.03013253313328332 0.022340780260086696
0 0.6175843960990247 0.9211757252417473 0.03013253313328332 0.022340780260086696
0 0.6185846461615403 0.9391817272424142 0.03013253313328332 0.022340780260086696
0 0.6197099274818704 0.9571877292430812 0.03013253313328332 0.022340780260086696
0 0.5614453613403351 0.9681913971323776 0.03013253313328332 0.022340780260086696
0 0.5316879219804951 0.973359786595532 0.03013253313328332 0.022340780260086696
0 0.5625706426606651 0.9860306768922975 0.03013253313328332 0.022340780260086696
0 0.5918279569892473 0.9803621207069024 0.03013253313328332 0.022340780260086696
0 0.620710177544386 0.9745268422807604 0.03013253313328332 0.022340780260086696
0 0.43662240560140037 0.9541033677892632 0.03138284571142786 0.023507835945315105
0 0.46600475118779705 0.9486015338446149 0.03138284571142786 0.023507835945315105
0 0.4064898724681171 0.9591050350116705 0.03138284571142786 0.023507835945315105
0 0.40461440360090023 0.9410990330110037 0.03138284571142786 0.023507835945315105
0 0.43412178044511135 0.9350970323441147 0.03138284571142786 0.023507835945315105
0 0.46425431357839464 0.9299286428809604 0.03138284571142786 0.023507835945315105
0 0.49326156539134786 0.9249269756585529 0.03138284571142786 0.023507835945315105
0 0.4956371592898225 0.9434331443814605 0.03138284571142786 0.023507835945315105
0 0.4975126281570393 0.9609389796598867 0.0313828457114278 0.023507835945315105
0 0.4681302825706427 0.9667742580860287 0.03138284571142786 0.023507835945315105
0 0.43862290572643164 0.9719426475491831 0.03138284571142786 0.023507835945315105
0 0.40899049762440615 0.9769443147715905 0.03138284571142786 0.023507835945315105
0 0.47038084521130286 0.9846135378459487 0.03138284571142786 0.023507835945315105
0 0.49913803450862726 0.9794451483827943 0.0313828457114278 0.023507835945315105
0 0.34441185296324084 0.9703587862620875 0.03075768942235559 0.022674224741580526
0 0.3417861965491373 0.9521860620206736 0.03075768942235559 0.022674224741580526
0 0.3712935733933484 0.9461840613537847 0.03075768942235559 0.022674224741580526
0 0.37391922980745185 0.9645235078359454 0.03075768942235559 0.022674224741580526
0 0.3765448862215554 0.9828629543181061 0.03075768942235559 0.022674224741580526
0 0.34716254063515883 0.9886628876292096 0.03075768942235559 0.022674224741580526
0 0.3145293823455865 0.9756585528509503 0.03075768942235559 0.022674224741580526
0 0.3119037259314829 0.9576525508502834 0.03075768942235559 0.022674224741580526
0 0.2822713178294574 0.9629876625541847 0.03075768942235559 0.022674224741580526
0 0.2850220055013754 0.9808269423141046 0.03075768942235559 0.022674224741580526
0 0.19193623405851462 0.9773334444814938 0.03138284571142786 0.020840280093364454
0 0.16242885721430358 0.9811680560186729 0.03138284571142786 0.020840280093364454
0 0.2208184546136534 0.972998666222074 0.03138284571142786 0.020840280093364454
0 0.2512010502625656 0.9681637212404135 0.03138284571142788 0.020840280093364454
0 0.2539517379344836 0.9860030010003334 0.03138284571142788 0.020840280093364454
0 0.10255988997249312 0.9893096032010671 0.03075768942235559 0.019895631877292406
0 0.13056689172293073 0.9861975658552851 0.030757689422355575 0.019895631877292406
0 0.07534458614653664 0.9912925975325108 0.02950737684421105 0.01741480493497828
0 0.44079044761190295 0.9889029676558854 0.03013253313328332 0.022194064688229393
0 0.013749812453113278 0.854625875291764 0.027499624906226556 0.020451483827942592
0 0.004036884221055264 0.761161387129043 0.008073768442110527 0.01867289096365455
0 0.006120655163790948 0.7802787595865287 0.012241310327581896 0.01956185395131716
0 0.007787821955488872 0.7991740580193398 0.015575643910977745 0.020006668889629875
0 0.009996624156039012 0.8176800600200067 0.019993248312078025 0.019895631877292406
0 0.01191385346336584 0.8362974324774926 0.02382770692673168 0.02067355785261754
0 0.0024634908727181794 0.8738794598199399 0.004926981745436359 0.0174501500500167
0 0.004568267066766692 0.8913574524841615 0.009136534133533384 0.017839279759919974
0 0.0064437359339834955 0.9927082360786929 0.012887471867966991 0.014583527842614165
0 0.0227024256064016 0.9925831943981327 0.028132033008252063 0.014833611203734536
0 0.04936534133533383 0.9919163054351452 0.029069767441860465 0.01616738912970986
0 0.10497286821705426 0.998376792264088 0.02809027256814203 0.0032464154718239
0 0.13318829707426855 0.9966540513504503 0.029340835208802214 0.0066918972990996865
0 0.16565466366591644 0.9940420140046682 0.03075768942235559 0.011915971990663512
0 0.19497449362340585 0.9920970323441147 0.03188297074268567 0.015805935311770606
0 0.2242943235808952 0.9898739579859954 0.03200800200050013 0.020252084028009296
0 0.23198387096774195 0.9986547182394132 0.01771267816954238 0.002690563521173711
0 0.2560106276569142 0.9964594864954984 0.02984071017754438 0.00708102700900296
0 0.2877060515128782 0.9937919306435479 0.030799449862465595 0.01241613871290426
0 0.3176510377594398 0.9909576525508503 0.03192473118279568 0.01808469489829939
0 0.34900275068767195 0.9972930976992331 0.029444861215303826 0.005413804601533803
0 0.3786351587896974 0.9946672224074692 0.03019504876219055 0.010665555185061645
0 0.411174543635909 0.9919163054351452 0.031007751937984496 0.01616738912970986
0 0.44283870967741934 0.9980433477825942 0.027694423605901478 0.003913304434811563
0 0.47153338334583644 0.9954174724908303 0.029819954988747184 0.009165055018339405
0 0.5011970492623156 0.9928749583194397 0.030257564391097717 0.014250083361120332
0 0.5333300825206301 0.9898739579859954 0.030257564391097776 0.020252084028009296
0 0.541832208052013 0.999002000666889 0.013003250812703177 0.001995998666222033
0 0.5638064516129031 0.9961677225741913 0.02894473618404601 0.0076645548516171644
0 0.5930950237559389 0.9932917639213071 0.02950737684421105 0.013416472157385754
0 0.6221647911977993 0.9906242080693565 0.0293823455863966 0.018751583861287054
0 0.6336364091022755 0.999293764588196 0.007939484871217805 0.001412470823607828
