0 0.279211552888222 0.772606035345115 0.03500875218804701 0.024230410136712212
0 0.31171967991997995 0.7708277759253084 0.03500875218804701 0.024230410136712212
0 0.34472793198299573 0.7684934978326108 0.0343420855213803 0.023119039679893243
0 0.37706926731682916 0.7660483494498167 0.03434208552138036 0.023119039679893243
0 0.3462283070767692 0.7893894631543847 0.0343420855213803 0.023119039679893243
0 0.31355338834708674 0.7916122040680226 0.03434208552138036 0.023119039679893243
0 0.2812120530132533 0.7931683894631543 0.0343420855213803 0.023119039679893243
0 0.2832125531382846 0.8149533177725908 0.0343420855213803 0.023119039679893243
0 0.3157206801700425 0.8125081693897965 0.0343420855213803 0.023119039679893243
0 0.3478954738684671 0.8105075025008335 0.03434208552138036 0.023119039679893243
0 0.37873643410852714 0.7871663887962654 0.0343420855213803 0.023119039679893243
0 0.380070017504376 0.8076175391797266 0.03434208552138036 0.023119039679893243
0 0.3095526381595399 0.7489316438812937 0.03434208552138036 0.023119039679893393
0 0.3423940985246311 0.746486162054018 0.03434208552138036 0.023119039679893243
0 0.3750687671917979 0.7444854951650549 0.03434208552138036 0.023119039679893243
0 0.34056014003500873 0.7253681227075692 0.03434208552138036 0.023119039679893243
0 0.373735183795949 0.7235895298432811 0.0343420855213803 0.023119039679893243
0 0.3070517629407351 0.7278132710903635 0.03434208552138036 0.023119039679893243
0 0.2743770942735684 0.730480826942314 0.03434208552138036 0.023119039679893243
0 0.276710927731933 0.7509319773257753 0.0343420855213803 0.023119039679893243
0 0.31780470117529386 0.8330706902300767 0.0345086271567892 0.022007335778592867
0 0.2856299074768692 0.835293764588196 0.0345086271567892 0.022007335778592867
0 0.287797199299825 0.8550780260086694 0.0345086271567892 0.022007335778592867
0 0.28963090772693173 0.8748622874291431 0.0345086271567892 0.022007335778592867
0 0.31947186796699173 0.8528549516505503 0.0345086271567892 0.022007335778592867
0 0.3213055763940985 0.8721947315771923 0.0345086271567892 0.022007335778592867
0 0.3506461615403851 0.8308476158719574 0.0345086271567892 0.022007335778592867
0 0.3516464116029007 0.8510766922307436 0.0345086271567892 0.022007335778592867
0 0.35331357839459865 0.8706388796265421 0.0345086271567892 0.022007335778592867
0 0.38215403850962737 0.8286248749583194 0.0345086271567892 0.022007335778592867
0 0.383487871967992 0.8488536178726243 0.0345086271567892 0.022007335778592867
0 0.3846546636659165 0.8675265088362788 0.0345086271567892 0.022007335778592867
0 0.25228832208052016 0.8579679893297765 0.03450862715678922 0.022007335778592867
0 0.2501210302575644 0.8379613204401466 0.03450862715678917 0.022007335778592867
0 0.2477871967991998 0.816843281093698 0.03450862715678922 0.022007335778592867
0 0.24478644661165294 0.7963917972657553 0.03450862715678922 0.022007335778592867
0 0.24245236309077267 0.7754961653884629 0.0345086271567892 0.022007335778592867
0 0.2547889472368092 0.8775301767255752 0.03450862715678922 0.022007335778592867
0 0.21794623655913978 0.840406468822941 0.0345086271567892 0.022007335778592867
0 0.2151122780695174 0.819510503501167 0.0345086271567892 0.022007335778592867
0 0.2124448612153038 0.7988369456485495 0.0345086271567892 0.022007335778592867
0 0.22044686171542882 0.8608576192064021 0.0345086271567892 0.022007335778592867
0 0.22311427856964242 0.8799753251083694 0.0345086271567892 0.022007335778592867
0 0.21011102775693924 0.7783857952650883 0.0345086271567892 0.022007335778592867
0 0.18327081770442608 0.8228449483161053 0.0345086271567892 0.022007335778592867
0 0.18527131782945733 0.8432964321440479 0.0345086271567892 0.022007335778592867
0 0.20761040260065017 0.7566008669556518 0.0345086271567892 0.022007335778592867
0 0.20477619404851208 0.7354824941647216 0.0345086271567892 0.022007335778592867
0 0.24061865466366594 0.7541553851283761 0.03450862715678917 0.022007335778592867
0 0.23745111277819453 0.7325928642880959 0.0345086271567892 0.022007335778592867
0 0.17693610902725684 0.7804976658886296 0.03517554388597147 0.024452484161387157
0 0.17960352588147036 0.8016157052350784 0.0351755438859715 0.024452484161387157
0 0.17376856714178546 0.7591572190730242 0.0351755438859715 0.024452484161387157
0 0.170934608652163 0.7389281427142381 0.03517554388597147 0.024452484161387157
0 0.1382596899224806 0.7407064021340447 0.0351755438859715 0.024452484161387157
0 0.14176056514128532 0.7618247749249749 0.0351755438859715 0.024452484161387157
0 0.14492810702675668 0.7833876292097366 0.03517554388597149 0.024452484161387008
0 0.1475952738184546 0.8042832610870291 0.0351755438859715 0.024452484161387157
0 0.150762815703926 0.8249568189396466 0.0351755438859715 0.024452484161387157
0 0.1537635658914729 0.8447414138046015 0.0351755438859715 0.024452484161387008
0 0.15676431607901975 0.8654149716572189 0.0351755438859715 0.024452484161387008
0 0.18793885971492877 0.8636367122374126 0.03517554388597147 0.024452484161387157
0 0.15918154538634657 0.8855326775591863 0.03400850212553139 0.021118039346448843
0 0.1906894223555889 0.8835320106702234 0.03400850212553139 0.021118039346448843
0 0.08099537384346087 0.8083957985995333 0.03434183545886472 0.022452150716905577
0 0.11317016754188547 0.8072844281427142 0.034341835458864725 0.02245215071690573
0 0.0503209552388097 0.809951983994665 0.03434183545886471 0.02245215071690573
0 0.0784947486871718 0.7874998332777593 0.03434183545886472 0.022452150716905577
0 0.0743269567391848 0.7666038679559853 0.03434183545886471 0.022452150716905577
0 0.10966929232308077 0.7859436478826276 0.03434183545886471 0.022452150716905577
0 0.10616841710427606 0.76527009003001 0.03434183545886471 0.022452150716905577
0 0.10366779194798699 0.7437072357452484 0.03434183545886471 0.02245215071690573
0 0.07132645661415354 0.7448189396465489 0.03434183545886472 0.022452150716905577
0 0.04665353838459615 0.7886112037345783 0.034341835458864725 0.022452150716905577
0 0.04281932983245811 0.7683821273757919 0.034341835458864725 0.02245215071690573
0 0.03931845461365342 0.7461523841280427 0.034341835458864725 0.02245215071690573
0 0.05382208052013004 0.830625208402801 0.03434183545886472 0.022452150716905577
0 0.05698962240560141 0.8504094698232744 0.03434183545886471 0.02245215071690573
0 0.06032370592648162 0.8699716572190732 0.03434183545886472 0.022452150716905577
0 0.08432970742685672 0.8286245415138379 0.034341835458864725 0.022452150716905577
0 0.08791385346336583 0.8490760253417806 0.0338417104276069 0.021118372790930255
0 0.0910813953488372 0.8695271757252419 0.03384171042760691 0.021118372790930255
0 0.11592085521380345 0.8270686895631878 0.03384171042760691 0.021118372790930255
0 0.11875481370342586 0.8486315438479493 0.03384171042760691 0.021118372790930408
0 0.12242248062015504 0.8677489163054352 0.03384171042760691 0.021118372790930255
0 0.12492310577644411 0.8870886962320774 0.03384171042760691 0.021118372790930255
0 0.09441547886971742 0.8890893631210404 0.0338417104276069 0.021118372790930255
0 0.0640743935983996 0.8890893631210404 0.0338417104276069 0.021118372790930255
0 0.027232058014503627 0.8506320440146715 0.03150787696924231 0.020229076358786235
0 0.023731182795698927 0.830847782594198 0.031507876969242316 0.020229076358786235
0 0.020397099274818704 0.8103966322107369 0.031507876969242316 0.020229076358786385
0 0.015895973993498375 0.7899451483827943 0.03150787696924231 0.020229076358786235
0 0.031066266566641663 0.8701942314104701 0.03150787696924231 0.020229076358786235
0 0.034900725181295326 0.8897564188062688 0.031507876969242316 0.020229076358786385
0 0.8143408352088023 0.6352294098032677 0.030257564391097776 0.02217405801933978
0 0.8439732433108277 0.6323951317105703 0.030257564391097776 0.02217405801933978
0 0.8138407101775443 0.6550693564521507 0.030257564391097776 0.02217405801933978
0 0.8132155538884722 0.67457585861954 0.030257564391097776 0.022174058019339707
0 0.812090272568142 0.6945825275091697 0.030257564391097776 0.02217405801933978
0 0.8114651162790698 0.7132554184728241 0.030257564391097776 0.02217405801933978
0 0.8429729932483121 0.6529019673224409 0.030257564391097776 0.02217405801933978
0 0.8423478369592398 0.6720750250083362 0.030257564391097776 0.022174058019339707
0 0.8413475868967242 0.6912480826942315 0.030257564391097776 0.022174058019339707
0 0.8409724931232808 0.7107545848616206 0.030257564391097776 0.02217405801933978
0 0.8154661165291324 0.6160563521173725 0.030257564391097776 0.02217405801933978
0 0.8453485871467866 0.6125551850616873 0.030257564391097776 0.02217405801933978
0 0.8739807451862966 0.6103877959319773 0.030257564391097776 0.02217405801933978
0 0.872980495123781 0.6302277425808603 0.030257564391097776 0.02217405801933978
0 0.8721052763190797 0.6499009669889964 0.030257564391097776 0.02217405801933978
0 0.8711050262565642 0.6689073024341448 0.030257564391097776 0.02217405801933978
0 0.8701047761940485 0.6884138046015339 0.030257564391097776 0.022174058019339707
0 0.7847084271067767 0.6383971323774591 0.030257564391097776 0.02217405801933978
0 0.7845833958489622 0.6580703567855952 0.030257564391097776 0.02217405801933978
0 0.784208302075519 0.678410470156719 0.030257564391097776 0.022174058019339707
0 0.783708177044261 0.6974168056018673 0.030257564391097776 0.02217405801933978
0 0.7828329582395598 0.717423474491497 0.030257564391097776 0.02217405801933978
0 0.7858337084271068 0.6183904634878293 0.030257564391097776 0.02217405801933978
0 0.7864588647161791 0.5985505168389463 0.030257564391097776 0.02217405801933978
0 0.8157161790447612 0.5958829609869957 0.030257564391097776 0.02217405801933978
0 0.84572368092023 0.5925485161720574 0.030257564391097776 0.02217405801933978
0 0.8750642660665165 0.5896585528509503 0.030257564391097776 0.02217405801933978
0 0.7872090522630657 0.5778769589863288 0.030257564391097776 0.02217405801933978
0 0.8165496374093523 0.5740976992330777 0.030257564391097776 0.02217405801933978
0 0.8465571392848212 0.5718746248749583 0.030257564391097776 0.02217405801933978
0 0.8762313078269568 0.5694294764921641 0.030257564391097776 0.02217405801933978
0 0.9077391847961991 0.564538846282094 0.030257564391097776 0.02217405801933978
0 0.9372465616404101 0.5620936978992999 0.030257564391097776 0.02217405801933978
0 0.9665871467866965 0.5589813271090364 0.030257564391097776 0.02217405801933978
0 0.9346210302575645 0.6025241747249084 0.02984071017754441 0.022674224741580526
0 0.9067808202050512 0.5854074691563855 0.02984071017754429 0.022674224741580526
0 0.9356212803200801 0.5822954318106036 0.02984071017754441 0.022674224741580526
0 0.9644617404351088 0.579627875958653 0.02984071017754441 0.022674224741580526
0 0.9634614903725931 0.5996345448482828 0.02984071017754441 0.022674224741580526
0 0.9052801950487623 0.6065258419473157 0.02984071017754441 0.022674224741580526
0 0.9042799449862466 0.6260876958986329 0.02984071017754441 0.022674224741580526
0 0.9334539884971242 0.6231980660220073 0.02984071017754441 0.022674224741580526
0 0.9622944486121531 0.6187519173057686 0.02984071017754441 0.022674224741580526
0 0.9319536134033508 0.6425378459486495 0.02984071017754441 0.022674224741580526
0 0.9032796949237311 0.645427475825275 0.02984071017754441 0.022674224741580526
0 0.9611276569142285 0.6396478826275426 0.02984071017754441 0.022674224741580526
0 0.9309533633408352 0.662322107369123 0.02984071017754441 0.022674224741580526
0 0.9597938234558641 0.6585431810603535 0.02984071017754441 0.022674224741580526
0 0.9026130282570642 0.6656565521840613 0.02984071017754441 0.022674224741580526
0 0.9012794448612153 0.6845518506168722 0.02984071017754429 0.022674224741580526
0 0.9297865716429107 0.6827732577525842 0.02984071017754429 0.022674224741580602
0 0.9584602400600151 0.6787719239746584 0.02984071017754441 0.022674224741580602
0 0.8997790697674417 0.7032247415805267 0.02984071017754429 0.022674224741580526
0 0.928952863215804 0.7007792597532512 0.02984071017754441 0.022674224741580526
0 0.9571266566641661 0.6974448149383128 0.02984071017754441 0.022674224741580526
0 0.8692714428607151 0.7072260753584528 0.02984071017754429 0.022674224741580526
0 0.9844667416854214 0.6934434811603869 0.02984071017754441 0.022674224741580602
0 0.8538299574893723 0.8566645548516173 0.029882470617654415 0.021673891297099034
0 0.883212303075769 0.8528299433144382 0.029882470617654415 0.021673891297099034
0 0.8243225806451613 0.860999333111037 0.029882470617654415 0.021673891297099034
0 0.8527046761690422 0.8751707235745249 0.029882470617654415 0.021673891297099034
0 0.8234473618404601 0.8793387795931977 0.029882470617654415 0.021673891297099034
0 0.8818369592398099 0.8720030010003335 0.029882470617654415 0.021673891297099034
0 0.85207951987997 0.8936768922974326 0.029882470617654415 0.021673891297099034
0 0.8810867716929233 0.8903424474824942 0.029882470617654415 0.021673891297099034
0 0.8544551137784446 0.8381583861287096 0.029882470617654415 0.021673891297099034
0 0.8837124281070268 0.8341570523507836 0.029882470617654415 0.021673891297099034
0 0.8251977994498625 0.8409926642214072 0.029882470617654415 0.021673891297099034
0 0.8226971742935734 0.8980116705568524 0.029882470617654415 0.021673891297099034
0 0.8221970492623155 0.9158509503167723 0.029882470617654415 0.021673891297099034
0 0.8514543635908977 0.9126832277425809 0.029882470617654415 0.021673891297099034
0 0.8798364591147787 0.9088486162054019 0.029882470617654415 0.021673891297099034
0 0.8499539884971242 0.930189063021007 0.029882470617654415 0.021673891297099034
0 0.8219469867466866 0.934190396798933 0.029882470617654415 0.021673891297099034
0 0.8792113028257064 0.9271880626875626 0.029882470617654415 0.021673891297099034
0 0.9109067266816704 0.8673347782594198 0.029007251812953237 0.022340780260086696
0 0.9095313828457113 0.8863411137045681 0.029007251812953237 0.022340780260086696
0 0.9084061015253813 0.9041803934644881 0.029007251812953237 0.022340780260086696
0 0.9067806951737934 0.9221863954651551 0.029007251812953237 0.022340780260086696
0 0.9057804451112778 0.9398589529843282 0.029007251812953237 0.022340780260086696
0 0.911906976744186 0.8483284428142714 0.029007251812953237 0.022340780260086696
0 0.8850252563140786 0.8146505501833945 0.03075768942235559 0.02334111370456819
0 0.8551427856964241 0.8189853284428144 0.03075768942235559 0.02334111370456819
0 0.8260105026256563 0.8219863287762588 0.03075768942235559 0.02334111370456819
0 0.9137824456114028 0.8114828276092031 0.03075768942235559 0.02334111370456819
0 0.9129072268067018 0.8298222740913638 0.03075768942235559 0.02334111370456819
0 0.9716094023505876 0.8409926642214072 0.029132283070767692 0.02334111370456819
0 0.9429772443110777 0.8454941647215738 0.029132283070767692 0.02334111370456819
0 0.9726096524131032 0.8219863287762588 0.029132283070767692 0.02334111370456819
0 0.9442275568892222 0.8271547182394131 0.029132283070767692 0.02334111370456819
0 0.9457279319829955 0.8073147715905301 0.029132283070767692 0.02334111370456819
0 0.9742350587646911 0.8031467155718572 0.029132283070767692 0.02334111370456819
0 0.9694838709677419 0.8593321107035679 0.029132283070767692 0.02334111370456819
0 0.9417269317329331 0.8640003334444816 0.029132283070767692 0.02334111370456819
0 0.9678584646161539 0.8775048349449818 0.029132283070767692 0.02334111370456819
0 0.9403515878969742 0.8820063354451484 0.029132283070767692 0.02334111370456819
0 0.9663580895223804 0.8958442814271425 0.029132283070767692 0.02334111370456819
0 0.9386011502875717 0.9008459486495498 0.029132283070767692 0.02334111370456819
0 0.9373508377094273 0.9176848949649883 0.029132283070767692 0.02334111370456819
0 0.964607651912978 0.9138502834278093 0.029132283070767692 0.02334111370456819
0 0.9360380095023756 0.9358576192064022 0.029007251812953237 0.020340113371123705
0 0.9630447611902976 0.9310226742247416 0.029007251812953237 0.020340113371123705
0 0.8491412853213304 0.948028342780927 0.029007251812953237 0.020340113371123705
0 0.8205091272818203 0.9521963987996 0.029007251812953237 0.020340113371123705
0 0.8776484121030257 0.9440270090030011 0.029007251812953237 0.020340113371123705
0 0.014669792448112026 0.7579396465488496 0.02933958489622405 0.04356985661887287
0 0.0023333333333333335 0.811068522840947 0.004666666666666667 0.020895965321773898
0 0.004667291822955739 0.831519673224408 0.009334583645911478 0.020895965321774047
0 0.006334333583395848 0.8504149716572191 0.012668667166791697 0.02045115038346118
0 0.008001500375093774 0.8706438812937647 0.016003000750187547 0.020006668889629875
0 0.010335333833458363 0.8899836612204067 0.020670667666916727 0.01956185395131701
0 0.9898923480870218 0.5564708236078693 0.020215303825956463 0.02300766922307436
0 0.989392223055764 0.576810936978993 0.021215553888472093 0.022340780260086696
0 0.9885170042510628 0.5971510503501167 0.022965991497874445 0.022340780260086696
0 0.9880168792198051 0.6169909969989996 0.02396624156039007 0.022674224741580526
0 0.9872666916729181 0.6358306102034011 0.025466616654163516 0.022340780260086696
0 0.986641535383846 0.6553371123707902 0.026716929232308048 0.022674224741580526
0 0.9860163790947738 0.6750103367789264 0.027967241810452587 0.022674224741580602
0 0.9937115528882221 0.799571857285762 0.012576894223555908 0.02100700233411137
0 0.9928363340835209 0.8195785261753918 0.014327331832958258 0.02100700233411137
0 0.9920861465366342 0.8377512504168056 0.015827706926731702 0.02067355785261754
0 0.991460990247562 0.8552570856952317 0.017078019504876238 0.022340780260086696
0 0.9904607401850463 0.8737632544181394 0.019078519629907496 0.022674224741580526
0 0.9897105526381597 0.8911023674558187 0.02057889472368094 0.021340446815605204
0 0.988710302575644 0.9089416472157387 0.022579394848712193 0.02300766922307436
0 0.9879601150287572 0.9254471490496832 0.02407976994248564 0.022007335778592867
0 0.2623842210552638 0.9975878626208737 0.04126056514128535 0.0048242747582527
0 0.2995187546886722 0.997087695898633 0.03350862715678919 0.005824608202734194
0 0.33490285071267817 0.9954204734911638 0.03325856464116029 0.009159053017672506
0 0.3676611652913229 0.9944201400466823 0.03425856464116029 0.011159719906635494
